1.000000000000000000e+01 9.000000000000000000e+00 1.100000000000000000e+01 2.000000000000000000e+01
2.900000000000000000e+01 3.000000000000000000e+01 4.100000000000000000e+01 4.800000000000000000e+01
5.200000000000000000e+01 5.800000000000000000e+01 6.200000000000000000e+01 0.000000000000000000e+00
0.000000000000000000e+00 0.000000000000000000e+00 0.000000000000000000e+00 0.000000000000000000e+00
3.193151950836181641e-02 -9.994312524795532227e-01 1.084663718938827515e-02 -1.161918193101882935e-01
-9.835027456283569336e-01 -2.948570251464843750e-02 1.784740686416625977e-01 -1.549884974956512451e-01
-1.780527234077453613e-01 -1.636666059494018555e-02 -9.838848114013671875e-01 2.109009027481079102e-02
0.000000000000000000e+00 0.000000000000000000e+00 0.000000000000000000e+00 1.000000000000000000e+00
-8.676816225051879883e-01 -2.068026959896087646e-01 4.520635902881622314e-01 -2.841299213469028473e-02
3.937440216541290283e-01 2.692323327064514160e-01 8.789082169532775879e-01 1.719704270362854004e-02
-3.034707605838775635e-01 9.406097531318664551e-01 -1.521806716918945312e-01 2.904224395751953125e-02
0.000000000000000000e+00 0.000000000000000000e+00 0.000000000000000000e+00 1.000000000000000000e+00
6.225645542144775391e-02 -9.559081792831420898e-01 2.869909703731536865e-01 -2.392253726720809937e-01
-8.724167943000793457e-02 -2.916601896286010742e-01 -9.525351524353027344e-01 6.003481149673461914e-02
9.942399263381958008e-01 3.426393866539001465e-02 -1.015528440475463867e-01 2.809721231460571289e-02
0.000000000000000000e+00 0.000000000000000000e+00 0.000000000000000000e+00 1.000000000000000000e+00
-1.216198205947875977e-01 9.909372329711914062e-01 -5.702822655439376831e-02 5.614459514617919922e-03
9.925768375396728516e-01 1.214214563369750977e-01 -6.941435858607292175e-03 -1.643334031105041504e-01
4.592351615428924561e-05 -5.744910240173339844e-02 -9.983484745025634766e-01 2.422714233398437500e-02
0.000000000000000000e+00 0.000000000000000000e+00 0.000000000000000000e+00 1.000000000000000000e+00
-2.264766693115234375e-01 9.736303687095642090e-01 -2.743232250213623047e-02 3.151377290487289429e-02
6.697088479995727539e-02 4.366308450698852539e-02 9.967992305755615234e-01 7.154047489166259766e-03
9.717116355895996094e-01 2.239144742488861084e-01 -7.509374618530273438e-02 2.134263515472412109e-02
0.000000000000000000e+00 0.000000000000000000e+00 0.000000000000000000e+00 1.000000000000000000e+00
8.813304901123046875e-01 -4.701829254627227783e-01 4.673963412642478943e-02 -5.053124390542507172e-03
-4.711462557315826416e-01 -8.819783926010131836e-01 1.164889242500066757e-02 1.452568769454956055e-01
3.574622794985771179e-02 -3.228772431612014771e-02 -9.988393783569335938e-01 2.384871244430541992e-02
0.000000000000000000e+00 0.000000000000000000e+00 0.000000000000000000e+00 1.000000000000000000e+00
8.892571330070495605e-01 3.750562369823455811e-01 2.618294060230255127e-01 1.587496697902679443e-01
3.770420849323272705e-01 -9.251205921173095703e-01 4.462745413184165955e-02 -1.091108024120330811e-01
2.589615285396575928e-01 5.903541669249534607e-02 -9.640821218490600586e-01 1.752531528472900391e-02
0.000000000000000000e+00 0.000000000000000000e+00 0.000000000000000000e+00 1.000000000000000000e+00
-9.657231569290161133e-01 -1.110079288482666016e-01 -2.346409112215042114e-01 1.751754879951477051e-01
1.568720340728759766e-01 -9.697839021682739258e-01 -1.868440359830856323e-01 2.223250269889831543e-02
-2.068097740411758423e-01 -2.172481864690780640e-01 9.539564847946166992e-01 2.577871084213256836e-02
0.000000000000000000e+00 0.000000000000000000e+00 0.000000000000000000e+00 1.000000000000000000e+00
5.573928356170654297e-03 -9.999495148658752441e-01 -8.362423628568649292e-03 1.487594097852706909e-01
-9.999844431877136230e-01 -5.572795867919921875e-03 -1.709801144897937775e-04 1.818309724330902100e-01
1.243697479367256165e-04 8.363246917724609375e-03 -9.999650716781616211e-01 3.916245698928833008e-02
0.000000000000000000e+00 0.000000000000000000e+00 0.000000000000000000e+00 1.000000000000000000e+00
-6.922880411148071289e-01 -5.352379083633422852e-01 -4.840017557144165039e-01 2.126286178827285767e-01
-5.945408344268798828e-01 8.031762838363647461e-01 -3.780334442853927612e-02 -6.283867359161376953e-02
4.089725017547607422e-01 2.615879774093627930e-01 -8.742501735687255859e-01 4.541462659835815430e-02
0.000000000000000000e+00 0.000000000000000000e+00 0.000000000000000000e+00 1.000000000000000000e+00
