9.000000000000000000e+00 1.400000000000000000e+01 1.700000000000000000e+01 1.800000000000000000e+01
7.000000000000000000e+00 2.100000000000000000e+01 2.700000000000000000e+01 6.600000000000000000e+01
6.300000000000000000e+01 6.000000000000000000e+01 0.000000000000000000e+00 0.000000000000000000e+00
0.000000000000000000e+00 0.000000000000000000e+00 0.000000000000000000e+00 0.000000000000000000e+00
-8.223166465759277344e-01 -2.564249038696289062e-01 5.079783797264099121e-01 -1.680500060319900513e-01
3.787882924079895020e-01 -9.128528833389282227e-01 1.523799002170562744e-01 -1.761710643768310547e-01
4.246353507041931152e-01 3.177207112312316895e-01 8.477843999862670898e-01 4.104995727539062500e-02
0.000000000000000000e+00 0.000000000000000000e+00 0.000000000000000000e+00 1.000000000000000000e+00
7.615640163421630859e-01 3.607587516307830811e-01 -5.383989810943603516e-01 -1.431705653667449951e-01
-5.213990211486816406e-01 -1.523520946502685547e-01 -8.396024107933044434e-01 4.501681029796600342e-02
-3.849200606346130371e-01 9.201316237449645996e-01 7.207334041595458984e-02 3.536260128021240234e-02
0.000000000000000000e+00 0.000000000000000000e+00 0.000000000000000000e+00 1.000000000000000000e+00
2.581834793090820312e-03 1.833895891904830933e-01 -9.830369353294372559e-01 -1.803046017885208130e-01
1.365960389375686646e-01 -9.738907814025878906e-01 -1.813245415687561035e-01 1.344984173774719238e-01
-9.906235337257385254e-01 -1.338107883930206299e-01 -2.756476402282714844e-02 1.591938734054565430e-02
0.000000000000000000e+00 0.000000000000000000e+00 0.000000000000000000e+00 1.000000000000000000e+00
8.010442256927490234e-01 -5.969746112823486328e-01 -4.415380954742431641e-02 3.700788365676999092e-04
8.279535174369812012e-02 3.744143247604370117e-02 9.958630204200744629e-01 -4.828673601150512695e-02
-5.928516983985900879e-01 -8.013860583305358887e-01 7.941895723342895508e-02 5.263394117355346680e-02
0.000000000000000000e+00 0.000000000000000000e+00 0.000000000000000000e+00 1.000000000000000000e+00
1.660555005073547363e-01 1.588157415390014648e-01 9.732435941696166992e-01 -2.629286050796508789e-02
-5.139719247817993164e-01 -8.283498287200927734e-01 2.228659242391586304e-01 1.038188189268112183e-01
8.415808677673339844e-01 -5.372279882431030273e-01 -5.592513084411621094e-02 3.717237710952758789e-02
0.000000000000000000e+00 0.000000000000000000e+00 0.000000000000000000e+00 1.000000000000000000e+00
-1.503309011459350586e-01 -9.809674620628356934e-01 -1.228965520858764648e-01 -8.860765956342220306e-03
-6.583946347236633301e-01 6.605386734008789062e-03 7.526439428329467773e-01 1.944302618503570557e-01
-7.375074028968811035e-01 1.940599977970123291e-01 -6.468567848205566406e-01 1.831674575805664062e-02
0.000000000000000000e+00 0.000000000000000000e+00 0.000000000000000000e+00 1.000000000000000000e+00
-8.557283878326416016e-02 9.963318705558776855e-01 -3.434811660554260015e-04 1.676558256149291992e-01
9.963318705558776855e-01 8.557295799255371094e-02 2.149550709873437881e-06 -1.514911055564880371e-01
3.153434954583644867e-05 -3.420372959226369858e-04 -9.999998807907104492e-01 3.234529495239257812e-02
0.000000000000000000e+00 0.000000000000000000e+00 0.000000000000000000e+00 1.000000000000000000e+00
6.603361368179321289e-01 7.450620532035827637e-01 -9.401448071002960205e-02 1.537302583456039429e-01
-7.504108548164367676e-01 6.594840288162231445e-01 -4.432131350040435791e-02 -2.400499582290649414e-02
2.897892519831657410e-02 9.981644153594970703e-02 9.945837855339050293e-01 3.711211681365966797e-02
0.000000000000000000e+00 0.000000000000000000e+00 0.000000000000000000e+00 1.000000000000000000e+00
6.254708170890808105e-01 -2.343410253524780273e-02 7.798955440521240234e-01 1.025771275162696838e-01
7.611943483352661133e-01 -2.012162208557128906e-01 -6.165186166763305664e-01 3.960426151752471924e-02
1.713751852512359619e-01 9.792665243148803711e-01 -1.080169677734375000e-01 2.693200111389160156e-02
0.000000000000000000e+00 0.000000000000000000e+00 0.000000000000000000e+00 1.000000000000000000e+00
