0.000000000000000000e+00 0.000000000000000000e+00 0.000000000000000000e+00 0.000000000000000000e+00
0.000000000000000000e+00 0.000000000000000000e+00 0.000000000000000000e+00 0.000000000000000000e+00
0.000000000000000000e+00 0.000000000000000000e+00 0.000000000000000000e+00 0.000000000000000000e+00
0.000000000000000000e+00 0.000000000000000000e+00 0.000000000000000000e+00 0.000000000000000000e+00
2.868839386378796430e-02 -9.886305852734800226e-01 1.476026487544589705e-01 6.599999999999999964e-03
-7.894852432088232952e-01 6.815953329484492063e-02 6.099732197207788920e-01 -7.910000000000000364e-02
-6.130987088658895745e-01 -1.340292650238930350e-01 -7.785538705215802047e-01 3.855000000000000093e-01
0.000000000000000000e+00 0.000000000000000000e+00 0.000000000000000000e+00 1.000000000000000000e+00
-3.470727844794272432e-01 9.042690326774360798e-01 2.486724729726051963e-01 5.439999999999999697e-02
-6.977583616907567787e-01 -7.181267062279572677e-02 -7.127244972839453796e-01 7.689999999999999614e-02
-6.266368573299274658e-01 -4.208805731779928783e-01 6.558855023226510816e-01 4.929000000000000048e-01
0.000000000000000000e+00 0.000000000000000000e+00 0.000000000000000000e+00 1.000000000000000000e+00
2.988864139509921358e-01 7.967926692921074583e-01 -5.251555519252126825e-01 -1.170000000000000068e-01
-3.986085417061826508e-01 6.042447332222742329e-01 6.899271938777402635e-01 -5.670000000000000040e-02
8.670514068003043473e-01 3.121623856425725929e-03 4.982089054102829540e-01 4.119999999999999774e-01
0.000000000000000000e+00 0.000000000000000000e+00 0.000000000000000000e+00 1.000000000000000000e+00
9.429879224459133402e-01 -3.750888323124168533e-02 3.307066098521242448e-01 -1.013000000000000012e-01
-2.499918741024133029e-01 5.761405204818925707e-01 7.781813179083760801e-01 -3.059999999999999873e-02
-2.197221905131640507e-01 -8.164895494356305683e-01 5.339166364316603186e-01 4.051000000000000156e-01
0.000000000000000000e+00 0.000000000000000000e+00 0.000000000000000000e+00 1.000000000000000000e+00
9.211653477958448022e-01 1.064615204728119879e-02 -3.890257850923850014e-01 -1.244999999999999996e-01
-3.228874227979366407e-01 -5.371242492730909923e-01 -7.792568594768514156e-01 1.399999999999999986e-03
-2.172512697754994115e-01 8.434359491327156899e-01 -4.913427372939671578e-01 4.268000000000000127e-01
0.000000000000000000e+00 0.000000000000000000e+00 0.000000000000000000e+00 1.000000000000000000e+00
-1.982038024730692349e-01 -9.800995653197986934e-01 -1.095877480189755282e-02 1.165999999999999953e-01
-7.787545720516645398e-01 1.506771538683717715e-01 6.089644585776382568e-01 2.170000000000000054e-02
-5.951945641501152906e-01 1.292332672421038497e-01 -7.931218024011732481e-01 4.582999999999999852e-01
0.000000000000000000e+00 0.000000000000000000e+00 0.000000000000000000e+00 1.000000000000000000e+00
9.896876354565723455e-01 -1.018928825050603448e-01 1.006788196155906784e-01 -3.330000000000000321e-02
1.368446456902567276e-01 8.802621150238337799e-01 -4.543260412959782557e-01 4.799999999999999580e-03
-4.233116074816258012e-02 4.634182229353705496e-01 8.851280266047033551e-01 4.541000000000000036e-01
0.000000000000000000e+00 0.000000000000000000e+00 0.000000000000000000e+00 1.000000000000000000e+00
9.928713749656767895e-01 -1.029665839576838354e-02 1.187451540048993365e-01 1.228000000000000064e-01
1.006993032166507984e-01 -4.605244964114887374e-01 -8.819165711883555359e-01 -5.820000000000000173e-02
6.376584591650479028e-02 8.875872729094450575e-01 -4.562047236315369680e-01 3.855999999999999983e-01
0.000000000000000000e+00 0.000000000000000000e+00 0.000000000000000000e+00 1.000000000000000000e+00
-2.822109009773179356e-01 -1.351145795072933309e-02 -9.592572375925112471e-01 -1.135000000000000037e-01
7.993105018672372886e-01 5.496397337858205390e-01 -2.428968601044430020e-01 1.305999999999999939e-01
5.305277834141346460e-01 -8.352925257344865351e-01 -1.443144742490738430e-01 4.084999999999999742e-01
0.000000000000000000e+00 0.000000000000000000e+00 0.000000000000000000e+00 1.000000000000000000e+00
1.068922217462918711e-01 1.962043334692326058e-02 -9.940770048267995040e-01 -3.409999999999999837e-02
-8.047736614305387448e-01 -5.854207555401822471e-01 -9.809124757309878317e-02 1.497999999999999887e-01
-5.838779040157506817e-01 8.104921823053208296e-01 -4.678691723262584645e-02 4.460999999999999965e-01
0.000000000000000000e+00 0.000000000000000000e+00 0.000000000000000000e+00 1.000000000000000000e+00
