0.000000000000000000e+00 0.000000000000000000e+00 0.000000000000000000e+00 0.000000000000000000e+00
0.000000000000000000e+00 0.000000000000000000e+00 0.000000000000000000e+00 0.000000000000000000e+00
0.000000000000000000e+00 0.000000000000000000e+00 0.000000000000000000e+00 0.000000000000000000e+00
0.000000000000000000e+00 0.000000000000000000e+00 0.000000000000000000e+00 0.000000000000000000e+00
-7.301844090003350995e-01 -6.687983625848936686e-01 1.397836866612000850e-01 -4.220000000000000140e-02
-6.549023022759918877e-01 7.434045463757312788e-01 1.358405495479850233e-01 -5.999999999999999778e-02
-1.947657652834212938e-01 7.643993174930377443e-03 -9.808199967587860613e-01 4.385000000000000009e-01
0.000000000000000000e+00 0.000000000000000000e+00 0.000000000000000000e+00 1.000000000000000000e+00
-9.278528437470725532e-01 3.728886789968150484e-01 6.567604318288330911e-03 1.315999999999999948e-01
-3.222533916173803692e-01 -7.927449380341207164e-01 -5.174052713418892946e-01 2.740000000000000074e-02
-1.877281330583316366e-01 -4.821923851506668690e-01 8.557152866235032684e-01 4.562999999999999834e-01
0.000000000000000000e+00 0.000000000000000000e+00 0.000000000000000000e+00 1.000000000000000000e+00
3.237148671133402988e-01 9.000819106465782760e-01 2.916525997425665206e-01 -9.869999999999999607e-02
-3.086537237165510317e-01 -1.909276434222784147e-01 9.318151714868794233e-01 5.050000000000000322e-02
8.943945234882084705e-01 -3.916620853542256420e-01 2.160075166522681389e-01 4.714999999999999747e-01
0.000000000000000000e+00 0.000000000000000000e+00 0.000000000000000000e+00 1.000000000000000000e+00
3.750591871585228221e-01 -2.004006761503790424e-02 9.267842261378713697e-01 -7.520000000000000295e-02
-8.975535374467999983e-01 2.421377868150276225e-01 3.684656559478188265e-01 5.449999999999999983e-02
-2.317935580311157318e-01 -9.700348900355622028e-01 7.282896792465765046e-02 4.512999999999999790e-01
0.000000000000000000e+00 0.000000000000000000e+00 0.000000000000000000e+00 1.000000000000000000e+00
3.167514435813796325e-01 3.779160731842673426e-02 -9.477554101166618672e-01 -6.149999999999999911e-02
-9.285287902034391472e-01 -1.916527231675311249e-01 -3.179677962715836137e-01 9.660000000000000531e-02
-1.936564193422196656e-01 9.807349428458025375e-01 -2.561568130639590990e-02 4.600000000000000200e-01
0.000000000000000000e+00 0.000000000000000000e+00 0.000000000000000000e+00 1.000000000000000000e+00
-8.659324959305880753e-01 -4.993690882746285031e-01 2.813229758104220102e-02 1.238999999999999962e-01
-4.777948324371961708e-01 8.425322538024938579e-01 2.486996168046941846e-01 -6.079999999999999988e-02
-1.478952689836075529e-01 2.019156135078622738e-01 -9.681720272937086591e-01 4.405999999999999917e-01
0.000000000000000000e+00 0.000000000000000000e+00 0.000000000000000000e+00 1.000000000000000000e+00
7.201341695071337146e-01 6.736739169591087206e-01 1.660428604825955334e-01 1.250000000000000069e-02
-6.454997085304293725e-01 7.382569954672033585e-01 -1.957210640959941572e-01 3.729999999999999982e-02
-2.544344791796142036e-01 3.376480790274706545e-02 9.665004053552637142e-01 4.680000000000000271e-01
0.000000000000000000e+00 0.000000000000000000e+00 0.000000000000000000e+00 1.000000000000000000e+00
7.454422165045007098e-01 9.003003597092812393e-02 -6.604623338812976030e-01 4.760000000000000342e-02
-6.505080212117719807e-01 -1.179478935721949284e-01 -7.502850183370495252e-01 -1.315999999999999948e-01
-1.454483282544078437e-01 9.889301729773216643e-01 -2.935807866742079497e-02 4.108999999999999875e-01
0.000000000000000000e+00 0.000000000000000000e+00 0.000000000000000000e+00 1.000000000000000000e+00
5.333123878005391338e-01 -2.822424545028207055e-02 -8.454473898399885723e-01 1.750000000000000167e-02
8.311348424477704722e-01 2.035170533779661062e-01 5.174897899028250148e-01 1.691000000000000003e-01
1.574572027180948797e-01 -9.786644986680126390e-01 1.319963194906601522e-01 3.845999999999999974e-01
0.000000000000000000e+00 0.000000000000000000e+00 0.000000000000000000e+00 1.000000000000000000e+00
-6.753764079144033428e-01 -2.604173463472414518e-04 -7.374731451486510325e-01 9.800000000000000377e-02
-7.165873179752300093e-01 -2.360723844224028589e-01 6.563325719710917383e-01 1.305999999999999939e-01
-1.742679642094447923e-01 9.717354380158866878e-01 1.592511072312173814e-01 3.966999999999999971e-01
0.000000000000000000e+00 0.000000000000000000e+00 0.000000000000000000e+00 1.000000000000000000e+00
