0.000000000000000000e+00 0.000000000000000000e+00 0.000000000000000000e+00 0.000000000000000000e+00
0.000000000000000000e+00 0.000000000000000000e+00 0.000000000000000000e+00 0.000000000000000000e+00
0.000000000000000000e+00 0.000000000000000000e+00 0.000000000000000000e+00 0.000000000000000000e+00
0.000000000000000000e+00 0.000000000000000000e+00 0.000000000000000000e+00 0.000000000000000000e+00
-9.965798599814366110e-01 6.596058892071551827e-02 4.977733810291758154e-02 -6.160000000000000198e-02
7.165140239510600639e-02 9.898320988627642425e-01 1.228759235804533223e-01 -1.609999999999999973e-02
-4.116623876666881954e-02 1.260222867994672813e-01 -9.911729031887615005e-01 4.522999999999999798e-01
0.000000000000000000e+00 0.000000000000000000e+00 0.000000000000000000e+00 1.000000000000000000e+00
-8.962871802945642230e-01 -3.744411511438187068e-01 -2.376196851477401784e-01 1.228999999999999954e-01
4.434727642598251807e-01 -7.580875340366313164e-01 -4.781581308500448824e-01 -7.779999999999999416e-02
-1.094440207943622734e-03 -5.339448614495236889e-01 8.455185906485321867e-01 4.350999999999999868e-01
0.000000000000000000e+00 0.000000000000000000e+00 0.000000000000000000e+00 1.000000000000000000e+00
1.353223189823730133e-01 4.292378836384363461e-01 8.929964777281199639e-01 -1.760000000000000106e-02
-5.569466420955744290e-01 -7.124621611750960870e-01 4.268584153465584397e-01 9.710000000000000575e-02
8.194500032605386286e-01 -5.551148603156891292e-01 1.426505661152311921e-01 4.939000000000000057e-01
0.000000000000000000e+00 0.000000000000000000e+00 0.000000000000000000e+00 1.000000000000000000e+00
-4.106950058100671264e-01 1.652586483694340469e-02 9.116230076046016872e-01 -1.500000000000000031e-03
-8.653859855574252968e-01 3.077838902352421080e-01 -3.954442728279976560e-01 8.609999999999999598e-02
-2.871179343117947202e-01 -9.513127628193849272e-01 -1.121040547593006309e-01 4.696000000000000174e-01
0.000000000000000000e+00 0.000000000000000000e+00 0.000000000000000000e+00 1.000000000000000000e+00
-4.672084638123439326e-01 3.298849900156669568e-02 -8.835315559026364340e-01 3.910000000000000281e-02
-8.514817388248190344e-01 -2.859078408818847006e-01 4.395856628350404138e-01 1.053000000000000047e-01
-2.381073282995980755e-01 9.576891277736646613e-01 1.616676676214041652e-01 4.747999999999999998e-01
0.000000000000000000e+00 0.000000000000000000e+00 0.000000000000000000e+00 1.000000000000000000e+00
-9.580323138690696183e-01 2.814139545559509181e-01 5.459186536342240659e-02 5.269999999999999685e-02
2.852545525197451304e-01 9.170506282923416297e-01 2.786538810341270267e-01 -1.325999999999999956e-01
2.835358618299971267e-02 2.825320005411823265e-01 -9.588387470376658062e-01 4.223000000000000087e-01
0.000000000000000000e+00 0.000000000000000000e+00 0.000000000000000000e+00 1.000000000000000000e+00
2.910439117553065280e-03 9.931638174231304239e-01 1.166925923341227411e-01 4.929999999999999660e-02
-9.252049535332395047e-01 4.695451845530518309e-02 -3.765515464769549348e-01 1.069999999999999944e-02
-3.794566158359858887e-01 -1.068686341175237309e-01 9.190167418171204528e-01 4.693999999999999839e-01
0.000000000000000000e+00 0.000000000000000000e+00 0.000000000000000000e+00 1.000000000000000000e+00
3.267302763675639099e-02 1.226007464980385375e-01 -9.919181066112119360e-01 -5.449999999999999983e-02
-9.602689803506203603e-01 -2.713600665102364751e-01 -6.517054303855512876e-02 -1.255999999999999894e-01
-2.771569206089357085e-01 9.546375077806674714e-01 1.088635388772951629e-01 4.088999999999999857e-01
0.000000000000000000e+00 0.000000000000000000e+00 0.000000000000000000e+00 1.000000000000000000e+00
9.800833059807037007e-01 -1.770558563394898643e-02 -1.977959190056589600e-01 1.340000000000000080e-01
1.944638677612198219e-01 2.874713477330056444e-01 9.378400867780798400e-01 1.107999999999999957e-01
4.025565144524576033e-02 -9.576255721679158839e-01 2.851889655242477728e-01 3.845999999999999974e-01
0.000000000000000000e+00 0.000000000000000000e+00 0.000000000000000000e+00 1.000000000000000000e+00
-9.994398309924825696e-01 -2.605433895377037498e-02 -2.100465775489670020e-02 1.640000000000000069e-01
-1.256708207867982333e-02 -2.895212955024317747e-01 9.570890699922456335e-01 2.599999999999999881e-02
-3.101761876330971432e-02 9.568169056158424279e-01 2.890316876295370152e-01 3.815999999999999948e-01
0.000000000000000000e+00 0.000000000000000000e+00 0.000000000000000000e+00 1.000000000000000000e+00
