0.000000000000000000e+00 0.000000000000000000e+00 0.000000000000000000e+00 0.000000000000000000e+00
0.000000000000000000e+00 0.000000000000000000e+00 0.000000000000000000e+00 0.000000000000000000e+00
0.000000000000000000e+00 0.000000000000000000e+00 0.000000000000000000e+00 0.000000000000000000e+00
0.000000000000000000e+00 0.000000000000000000e+00 0.000000000000000000e+00 0.000000000000000000e+00
-7.161374921015122297e-01 -6.803373366671300326e-01 1.558467219521571245e-01 -4.139999999999999930e-02
-5.249879903385935576e-01 6.722004454561680831e-01 5.220480544248526922e-01 -6.469999999999999363e-02
-4.599290188787847899e-01 2.920405270937671549e-01 -8.385568723276874969e-01 4.010000000000000231e-01
0.000000000000000000e+00 0.000000000000000000e+00 0.000000000000000000e+00 1.000000000000000000e+00
-9.190429289023935855e-01 3.941547497822759372e-01 -1.458786681381413208e-03 1.307999999999999996e-01
-2.247472642025012124e-01 -5.270720493587994770e-01 -8.195631287571486512e-01 9.100000000000000450e-03
-3.238035856317861283e-01 -7.528858399576837668e-01 5.729870416712856684e-01 4.566999999999999948e-01
0.000000000000000000e+00 0.000000000000000000e+00 0.000000000000000000e+00 1.000000000000000000e+00
3.117338690867633710e-01 9.100779306048780715e-01 2.730936745699897861e-01 -1.001999999999999974e-01
-6.420970460947377223e-01 -1.008537532830677819e-02 7.665570224066176053e-01 2.259999999999999856e-02
7.003808808502764993e-01 -4.143144282189916705e-01 5.812143978851185278e-01 4.744999999999999774e-01
0.000000000000000000e+00 0.000000000000000000e+00 0.000000000000000000e+00 1.000000000000000000e+00
3.931601383590446197e-01 -5.340840323344475671e-03 9.194545018814892501e-01 -7.639999999999999569e-02
-7.244822698411372830e-01 6.139490853155942229e-01 3.133559658375421053e-01 3.450000000000000289e-02
-5.661718345973512090e-01 -7.893275594230736436e-01 2.375109632077723187e-01 4.582999999999999852e-01
0.000000000000000000e+00 0.000000000000000000e+00 0.000000000000000000e+00 1.000000000000000000e+00
3.347450695910232366e-01 2.233302997124425593e-02 -9.420440404550121105e-01 -6.339999999999999802e-02
-7.684754837480274325e-01 -5.720905278075330003e-01 -2.866319222821029911e-01 6.969999999999999807e-02
-5.453358316328904554e-01 8.198863724719429591e-01 -1.743420975325866706e-01 4.835999999999999743e-01
0.000000000000000000e+00 0.000000000000000000e+00 0.000000000000000000e+00 1.000000000000000000e+00
-8.554897202656355226e-01 -5.160896787830326904e-01 4.229399453174056966e-02 1.247000000000000053e-01
-3.828595829497402625e-01 6.854019488903173585e-01 6.193889797218753435e-01 -6.519999999999999407e-02
-3.486486458648244691e-01 5.136882438901836379e-01 -7.839442007092365383e-01 4.064999999999999725e-01
0.000000000000000000e+00 0.000000000000000000e+00 0.000000000000000000e+00 1.000000000000000000e+00
7.346582192643006382e-01 6.614088632650576560e-01 1.510483911262579249e-01 1.129999999999999928e-02
-4.824783888291601652e-01 6.658703801608041317e-01 -5.690617199718531749e-01 1.260000000000000009e-02
-4.769611149561612251e-01 3.451882854601680539e-01 8.083026304552306529e-01 4.686000000000000165e-01
0.000000000000000000e+00 0.000000000000000000e+00 0.000000000000000000e+00 1.000000000000000000e+00
7.579538437436290632e-01 7.324397562000456441e-02 -6.481830688853531530e-01 5.000000000000000278e-02
-5.312029348242810478e-01 -5.074071420131383015e-01 -6.784993988708684087e-01 -1.184999999999999942e-01
-3.785887119135078471e-01 8.585879758472251266e-01 -3.456837788242832499e-01 3.489999999999999769e-01
0.000000000000000000e+00 0.000000000000000000e+00 0.000000000000000000e+00 1.000000000000000000e+00
5.174359680279272400e-01 -1.330722425115166141e-02 -8.556184528010901680e-01 1.569999999999999868e-02
6.998366245774945149e-01 5.819684699493998803e-01 4.141755652917413211e-01 1.670000000000000095e-01
4.924314347104385980e-01 -8.131024644947792979e-01 3.104443015124211946e-01 4.457999999999999741e-01
0.000000000000000000e+00 0.000000000000000000e+00 0.000000000000000000e+00 1.000000000000000000e+00
-6.609029726032531471e-01 -1.483135618850911497e-02 -7.503247907924894822e-01 9.660000000000000531e-02
-5.890407172593501439e-01 -6.092569265869010042e-01 5.308832553551431355e-01 1.272999999999999965e-01
-4.650142946348789219e-01 7.928341745153858477e-01 3.939234411731964425e-01 4.431999999999999829e-01
0.000000000000000000e+00 0.000000000000000000e+00 0.000000000000000000e+00 1.000000000000000000e+00
