0.000000000000000000e+00 0.000000000000000000e+00 0.000000000000000000e+00 0.000000000000000000e+00
0.000000000000000000e+00 0.000000000000000000e+00 0.000000000000000000e+00 0.000000000000000000e+00
0.000000000000000000e+00 0.000000000000000000e+00 0.000000000000000000e+00 0.000000000000000000e+00
0.000000000000000000e+00 0.000000000000000000e+00 0.000000000000000000e+00 0.000000000000000000e+00
8.655835653825585396e-01 -5.005443294591103154e-01 1.484808357828326653e-02 5.990000000000000185e-02
-3.419329854131706314e-01 -5.691171206185678955e-01 7.477884303098483176e-01 -5.380000000000000060e-02
-3.658509598539472774e-01 -6.523504252050120744e-01 -6.637710432888628276e-01 4.079999999999999738e-01
0.000000000000000000e+00 0.000000000000000000e+00 0.000000000000000000e+00 1.000000000000000000e+00
6.109062741682429465e-01 7.229160259175611003e-01 3.227784745819268775e-01 -7.679999999999999327e-02
-5.242778817370303823e-01 6.748984441937573298e-01 -5.192733314413308099e-01 5.340000000000000302e-02
-5.932337034451161673e-01 1.480017212616319966e-01 7.913085767261631709e-01 4.975999999999999868e-01
0.000000000000000000e+00 0.000000000000000000e+00 0.000000000000000000e+00 1.000000000000000000e+00
2.614415343899756383e-02 -1.359686045694241674e-02 -9.995657100094381686e-01 -3.320000000000000034e-02
-3.326072968357886017e-01 9.428197511551952292e-01 -2.152447265893928097e-02 -1.280999999999999917e-01
9.427029592255173895e-01 3.330255879318738677e-01 2.012680923748189077e-02 3.599999999999999867e-01
0.000000000000000000e+00 0.000000000000000000e+00 0.000000000000000000e+00 1.000000000000000000e+00
7.736438711971784787e-01 -3.955951509577765313e-02 -6.323845391250726422e-01 -4.009999999999999676e-02
5.185872984711958900e-01 6.129883702312562965e-01 5.960809272452651797e-01 -9.779999999999999805e-02
3.640636955580582312e-01 -7.891009458406543775e-01 4.947497578069082191e-01 3.585999999999999743e-01
0.000000000000000000e+00 0.000000000000000000e+00 0.000000000000000000e+00 1.000000000000000000e+00
8.127354201292384950e-01 -1.507018822050512630e-02 5.824380021035275856e-01 -8.519999999999999796e-02
4.531822900563788892e-01 -6.119282685432299029e-01 -6.482049106084748491e-01 -9.769999999999999518e-02
3.661788481693151187e-01 7.907696779623529793e-01 -4.905062360140901578e-01 3.588999999999999968e-01
0.000000000000000000e+00 0.000000000000000000e+00 0.000000000000000000e+00 1.000000000000000000e+00
7.309546029174991411e-01 -6.797788776852353720e-01 -6.005036158694576631e-02 1.119999999999999989e-02
-4.904258871593673574e-01 -5.844527138904607177e-01 6.464499009436248667e-01 6.690000000000000113e-02
-4.745395849427829216e-01 -4.430752787947851989e-01 -7.605895605668369086e-01 5.110999999999999988e-01
0.000000000000000000e+00 0.000000000000000000e+00 0.000000000000000000e+00 1.000000000000000000e+00
4.397459151850633408e-01 -8.969193247231205257e-01 -4.646778471449544701e-02 -5.299999999999999850e-02
7.627807063811545829e-01 4.002916379542396097e-01 -5.078702576018592207e-01 -4.290000000000000063e-02
4.741193141506870878e-01 1.878891415759132155e-01 8.601793687523251464e-01 4.299000000000000044e-01
0.000000000000000000e+00 0.000000000000000000e+00 0.000000000000000000e+00 1.000000000000000000e+00
4.166279512311508171e-01 -1.012265809947243134e-01 9.034236711272580767e-01 1.055999999999999994e-01
7.086122661299369963e-01 -5.863630336555298861e-01 -3.924882788727319660e-01 3.769999999999999740e-02
5.694644910291852824e-01 8.036986823819003423e-01 -1.725648324383284304e-01 4.670000000000000262e-01
0.000000000000000000e+00 0.000000000000000000e+00 0.000000000000000000e+00 1.000000000000000000e+00
-9.655611248240110189e-01 7.488364337347869215e-04 -2.601752360863474056e-01 -1.623999999999999888e-01
2.053176367711852524e-01 6.163935452891675659e-01 -7.601997535888489477e-01 4.000000000000000083e-03
1.598010708953063186e-01 -7.874378937858188543e-01 -5.953193942505714542e-01 3.289000000000000257e-01
0.000000000000000000e+00 0.000000000000000000e+00 0.000000000000000000e+00 1.000000000000000000e+00
9.032717812306639837e-01 3.972085285870197158e-02 -4.272263370633425650e-01 -1.522999999999999909e-01
-3.093590458649022046e-01 -6.296683995103193876e-01 -7.126111754664461451e-01 5.870000000000000218e-02
-2.973164475335005053e-01 7.758478977907268259e-01 -5.564736916690393720e-01 3.996000000000000107e-01
0.000000000000000000e+00 0.000000000000000000e+00 0.000000000000000000e+00 1.000000000000000000e+00
