0.000000000000000000e+00 0.000000000000000000e+00 0.000000000000000000e+00 0.000000000000000000e+00
0.000000000000000000e+00 0.000000000000000000e+00 0.000000000000000000e+00 0.000000000000000000e+00
0.000000000000000000e+00 0.000000000000000000e+00 0.000000000000000000e+00 0.000000000000000000e+00
0.000000000000000000e+00 0.000000000000000000e+00 0.000000000000000000e+00 0.000000000000000000e+00
9.891987293921548074e-01 1.059513690940122738e-01 -1.012925523227198588e-01 7.130000000000000226e-02
1.381967319107400560e-01 -9.044723877057410100e-01 4.035236835268368738e-01 -5.599999999999999943e-03
-4.886242992461182350e-02 -4.131634147222865705e-01 -9.093450696390683596e-01 4.522999999999999798e-01
0.000000000000000000e+00 0.000000000000000000e+00 0.000000000000000000e+00 1.000000000000000000e+00
9.542774334869056352e-01 2.053879143053442546e-01 2.171874411538220195e-01 -1.217000000000000026e-01
-2.109433435223537212e-01 9.774952114524245728e-01 2.453041212480421701e-03 2.220000000000000098e-02
-2.117958586971298296e-01 -4.815512688053509571e-02 9.761268349932118449e-01 4.656000000000000139e-01
0.000000000000000000e+00 0.000000000000000000e+00 0.000000000000000000e+00 1.000000000000000000e+00
-1.642198148607609820e-01 -5.792448808927321835e-01 -7.984404926897569199e-01 4.950000000000000233e-02
1.550486596975220177e-02 8.078137438327248621e-01 -5.892338707221580485e-01 -1.297000000000000097e-01
9.863019068917778798e-01 -1.091435899836599721e-01 -1.236779092122812784e-01 4.274000000000000021e-01
0.000000000000000000e+00 0.000000000000000000e+00 0.000000000000000000e+00 1.000000000000000000e+00
2.416214842942193686e-01 -3.546666287221372782e-02 -9.697222149420767767e-01 2.999999999999999889e-02
9.453254287251084964e-01 2.341814832406786673e-01 2.269776788869019568e-01 -1.106000000000000039e-01
2.190408458099724620e-01 -9.715457522586903316e-01 9.011081585995894816e-02 4.121000000000000218e-01
0.000000000000000000e+00 0.000000000000000000e+00 0.000000000000000000e+00 1.000000000000000000e+00
3.032687573969822248e-01 -9.357615685427533858e-03 9.528591164571886818e-01 -6.400000000000000307e-03
9.181987138813514360e-01 -2.645435358812704418e-01 -2.948352751114892145e-01 -1.365000000000000102e-01
2.548316750592884428e-01 9.643283427609702363e-01 -7.163563871676137396e-02 4.056000000000000161e-01
0.000000000000000000e+00 0.000000000000000000e+00 0.000000000000000000e+00 1.000000000000000000e+00
9.912332191585410124e-01 -1.065852197014247327e-01 -7.807878186674616083e-02 -6.239999999999999714e-02
-8.343849906318348553e-02 -9.631845245006003253e-01 2.555652336227213772e-01 8.709999999999999687e-02
-1.024437509596316798e-01 -2.468099728612117016e-01 -9.636338076186250490e-01 4.853000000000000091e-01
0.000000000000000000e+00 0.000000000000000000e+00 0.000000000000000000e+00 1.000000000000000000e+00
-1.818339144942797692e-01 -9.772332651434355588e-01 -1.093232502114098864e-01 -3.230000000000000232e-02
9.698920174304889175e-01 -1.599206782250133241e-01 -1.836704962716330103e-01 -5.659999999999999754e-02
1.620058704624716683e-01 -1.394292730137804970e-01 9.768897459603850253e-01 4.501999999999999891e-01
0.000000000000000000e+00 0.000000000000000000e+00 0.000000000000000000e+00 1.000000000000000000e+00
-2.092358385947576949e-01 -9.526620706416794038e-02 9.732136012403215242e-01 4.320000000000000229e-02
9.408111630698459127e-01 -2.909862745459221856e-01 1.737853373246697197e-01 1.073000000000000065e-01
2.666359302320534530e-01 9.519723408889001481e-01 1.505122682434729686e-01 4.727000000000000091e-01
0.000000000000000000e+00 0.000000000000000000e+00 0.000000000000000000e+00 1.000000000000000000e+00
-9.295384609384349517e-01 -5.358838736265691960e-03 3.686862249713224737e-01 -1.053999999999999937e-01
-3.572477953892845837e-01 2.606217006967660454e-01 -8.969115574098825983e-01 -1.112999999999999962e-01
-9.128122657864407019e-02 -9.654261297340797077e-01 -2.441723278772069960e-01 3.235999999999999988e-01
0.000000000000000000e+00 0.000000000000000000e+00 0.000000000000000000e+00 1.000000000000000000e+00
9.789556858824042251e-01 4.817240719208941424e-02 1.983057847462623979e-01 -1.491000000000000103e-01
2.040319861317984595e-01 -2.505079499606610582e-01 -9.463702846357868737e-01 -4.399999999999999745e-02
4.088240896157641080e-03 9.669152942175576193e-01 -2.550648938888855355e-01 3.648000000000000131e-01
0.000000000000000000e+00 0.000000000000000000e+00 0.000000000000000000e+00 1.000000000000000000e+00
