0.000000000000000000e+00 0.000000000000000000e+00 0.000000000000000000e+00 0.000000000000000000e+00
0.000000000000000000e+00 0.000000000000000000e+00 0.000000000000000000e+00 0.000000000000000000e+00
0.000000000000000000e+00 0.000000000000000000e+00 0.000000000000000000e+00 0.000000000000000000e+00
0.000000000000000000e+00 0.000000000000000000e+00 0.000000000000000000e+00 0.000000000000000000e+00
6.465500868606826046e-01 -7.599532083660018866e-01 6.666413034506660229e-02 4.689999999999999725e-02
-6.635216078852472776e-01 -5.170762417773062669e-01 5.407136359098345668e-01 -6.550000000000000266e-02
-3.764466244367454806e-01 -3.938315392190893105e-01 -8.385610637672746837e-01 4.141000000000000236e-01
0.000000000000000000e+00 0.000000000000000000e+00 0.000000000000000000e+00 1.000000000000000000e+00
3.103399201746223079e-01 8.883354308034629998e-01 3.384513204660830055e-01 -3.440000000000000002e-02
-8.041486754034836704e-01 4.351964638688829989e-01 -4.049060948946592298e-01 9.560000000000000442e-02
-5.069852481017883550e-01 -1.465066558735339530e-01 8.494125958519346264e-01 4.892000000000000237e-01
0.000000000000000000e+00 0.000000000000000000e+00 0.000000000000000000e+00 1.000000000000000000e+00
1.408232874345826113e-01 3.049918110268504678e-01 -9.418857663871339492e-01 -7.030000000000000138e-02
-1.073328648205663233e-01 9.504621500935900302e-01 2.917213694073162999e-01 -1.164000000000000035e-01
9.841993994336345475e-01 6.001413538518923785e-02 1.665828493826456702e-01 4.020000000000000240e-01
0.000000000000000000e+00 0.000000000000000000e+00 0.000000000000000000e+00 1.000000000000000000e+00
9.416687552201755684e-01 -4.705381572976849447e-02 -3.332354931086332628e-01 -6.919999999999999762e-02
3.229363729847474218e-01 4.050275144136189498e-01 8.553740769811659650e-01 -8.640000000000000457e-02
9.472092928989372940e-02 -9.130929038127471031e-01 3.965971439146583899e-01 3.932999999999999829e-01
0.000000000000000000e+00 0.000000000000000000e+00 0.000000000000000000e+00 1.000000000000000000e+00
9.619153182105938393e-01 -3.602149369921855970e-03 2.733238831710994021e-01 -1.116000000000000048e-01
2.506760529905067147e-01 -3.870909007929359547e-01 -8.873117552362382865e-01 -7.230000000000000315e-02
1.089974176249725590e-01 9.220345216114361753e-01 -3.714456944263280214e-01 4.000000000000000222e-01
0.000000000000000000e+00 0.000000000000000000e+00 0.000000000000000000e+00 1.000000000000000000e+00
4.577322514957798960e-01 -8.875836320873085050e-01 -5.173472713086907371e-02 5.480000000000000149e-02
-7.835488361107951771e-01 -4.302108143973810694e-01 4.482966390739068219e-01 8.390000000000000235e-02
-4.201575982533489184e-01 -1.646631447113884039e-01 -8.923864865649488998e-01 4.858999999999999986e-01
0.000000000000000000e+00 0.000000000000000000e+00 0.000000000000000000e+00 1.000000000000000000e+00
7.150679393346681678e-01 -6.989966431448627615e-01 9.029673741886290461e-03 -5.170000000000000290e-02
6.756687027538842427e-01 6.877751953969186705e-01 -2.653998581680358515e-01 -1.590000000000000094e-02
1.793032243283834704e-01 1.958799976234016915e-01 9.640961468009824342e-01 4.479000000000000203e-01
0.000000000000000000e+00 0.000000000000000000e+00 0.000000000000000000e+00 1.000000000000000000e+00
6.995288495953462249e-01 -7.522319553250755853e-02 7.106341248755858597e-01 1.265999999999999903e-01
6.538875103035589609e-01 -3.337551983763966668e-01 -6.789982263789389183e-01 1.810000000000000150e-02
2.882542496700171153e-01 9.396536268277848603e-01 -1.842838819228782565e-01 4.386999999999999789e-01
0.000000000000000000e+00 0.000000000000000000e+00 0.000000000000000000e+00 1.000000000000000000e+00
-8.206916802614023787e-01 -7.851063943403457923e-03 -5.713173607940438270e-01 -1.642000000000000126e-01
5.220677924359617972e-01 3.960242123871237085e-01 -7.553873465343454718e-01 3.869999999999999829e-02
2.321861021912303147e-01 -9.182065040055611416e-01 -3.209149886669806495e-01 3.543000000000000038e-01
0.000000000000000000e+00 0.000000000000000000e+00 0.000000000000000000e+00 1.000000000000000000e+00
7.053875084410621277e-01 3.984046326307050245e-02 -7.077013497389237351e-01 -1.250999999999999890e-01
-6.297074206135149232e-01 -4.231493512211166319e-01 -6.514700230904117983e-01 1.019000000000000045e-01
-3.254182345222593753e-01 9.051836079205874963e-01 -2.733964311988796858e-01 4.052000000000000046e-01
0.000000000000000000e+00 0.000000000000000000e+00 0.000000000000000000e+00 1.000000000000000000e+00
