0.000000000000000000e+00 0.000000000000000000e+00 0.000000000000000000e+00 0.000000000000000000e+00
0.000000000000000000e+00 0.000000000000000000e+00 0.000000000000000000e+00 0.000000000000000000e+00
0.000000000000000000e+00 0.000000000000000000e+00 0.000000000000000000e+00 0.000000000000000000e+00
0.000000000000000000e+00 0.000000000000000000e+00 0.000000000000000000e+00 0.000000000000000000e+00
-5.978483487753982750e-01 -7.855808011380047695e-01 1.594997076796710322e-01 -3.379999999999999671e-02
-6.994672312876264453e-01 6.084325417252356427e-01 3.749072345588860822e-01 -7.040000000000000424e-02
-3.915647382251778996e-01 1.125728522030957079e-01 -9.132384183363664309e-01 4.122999999999999998e-01
0.000000000000000000e+00 0.000000000000000000e+00 0.000000000000000000e+00 1.000000000000000000e+00
-8.495545849743135758e-01 5.246057772356240712e-01 5.518863687507305493e-02 1.213999999999999940e-01
-4.119103384436556547e-01 -5.943953216836517228e-01 -6.906692947017563089e-01 3.679999999999999938e-02
-3.295252345911539038e-01 -6.094940361083076574e-01 7.210618140742510729e-01 4.628999999999999782e-01
0.000000000000000000e+00 0.000000000000000000e+00 0.000000000000000000e+00 1.000000000000000000e+00
3.300869020825197842e-01 9.365591295690598450e-01 1.178967085817494431e-01 -1.098999999999999977e-01
-4.491262037856085243e-01 4.596956651967132323e-02 8.922849612243397566e-01 1.959999999999999937e-02
8.302579660242308535e-01 -3.474820797895028512e-01 4.358071982866603689e-01 4.635000000000000231e-01
0.000000000000000000e+00 0.000000000000000000e+00 0.000000000000000000e+00 1.000000000000000000e+00
5.330006188200364647e-01 -1.613213818651593190e-02 8.459610478355309438e-01 -8.649999999999999356e-02
-7.517532717737089865e-01 4.498095113017599456e-01 4.822223780788237324e-01 3.160000000000000309e-02
-3.883006035470230044e-01 -8.929788114283581102e-01 2.276213602125572999e-01 4.467999999999999750e-01
0.000000000000000000e+00 0.000000000000000000e+00 0.000000000000000000e+00 1.000000000000000000e+00
4.792898062839888729e-01 2.465103810395835593e-02 -8.773104398744231425e-01 -8.060000000000000497e-02
-7.991547941245553677e-01 -4.009667352173216237e-01 -4.478585628040421263e-01 7.240000000000000602e-02
-3.628124813453861841e-01 9.157608877701426398e-01 -1.724792735677080913e-01 4.655000000000000249e-01
0.000000000000000000e+00 0.000000000000000000e+00 0.000000000000000000e+00 1.000000000000000000e+00
-7.638231107275479381e-01 -6.447355676080005482e-01 2.983795200211203369e-02 1.295999999999999930e-01
-5.610760199063681286e-01 6.861401735932115553e-01 4.630392662264251058e-01 -4.560000000000000164e-02
-3.190109017016813930e-01 3.369387333665672113e-01 -8.858353879546767562e-01 4.279000000000000026e-01
0.000000000000000000e+00 0.000000000000000000e+00 0.000000000000000000e+00 1.000000000000000000e+00
8.307544125301788984e-01 5.354177480864326100e-01 1.522331800091250853e-01 2.000000000000000042e-03
-4.503888340684512048e-01 8.072669428080572196e-01 -3.814052715888888723e-01 2.500000000000000139e-02
-3.271039654423322229e-01 2.482899878838981667e-01 9.117867501277452380e-01 4.666000000000000147e-01
0.000000000000000000e+00 0.000000000000000000e+00 0.000000000000000000e+00 1.000000000000000000e+00
8.514553568612578394e-01 6.324947557946353216e-02 -5.205989618806312613e-01 6.790000000000000202e-02
-4.758892949732445588e-01 -3.239147064323963932e-01 -8.176849282496787552e-01 -1.189000000000000057e-01
-2.203478028075985251e-01 9.439696853160788326e-01 -2.456991636170673399e-01 3.774000000000000132e-01
0.000000000000000000e+00 0.000000000000000000e+00 0.000000000000000000e+00 1.000000000000000000e+00
3.758750223125658652e-01 -1.764020383438247297e-02 -9.265024505149512812e-01 -1.179999999999999973e-02
8.465504535674291953e-01 4.132117408529129010e-01 3.355717312082247550e-01 1.715000000000000135e-01
3.769221367422031510e-01 -9.104641016701244816e-01 1.702492948699211306e-01 4.143000000000000016e-01
0.000000000000000000e+00 0.000000000000000000e+00 0.000000000000000000e+00 1.000000000000000000e+00
-5.343158477702887321e-01 -4.812461747261742584e-03 -8.452712079761437458e-01 7.340000000000000691e-02
-7.547510503445089558e-01 -4.475405405767607370e-01 4.796439476779849609e-01 1.441999999999999948e-01
-3.806014015021206842e-01 8.942506945774166827e-01 2.354957927913563509e-01 4.244999999999999885e-01
0.000000000000000000e+00 0.000000000000000000e+00 0.000000000000000000e+00 1.000000000000000000e+00
