0.000000000000000000e+00 0.000000000000000000e+00 0.000000000000000000e+00 0.000000000000000000e+00
0.000000000000000000e+00 0.000000000000000000e+00 0.000000000000000000e+00 0.000000000000000000e+00
0.000000000000000000e+00 0.000000000000000000e+00 0.000000000000000000e+00 0.000000000000000000e+00
0.000000000000000000e+00 0.000000000000000000e+00 0.000000000000000000e+00 0.000000000000000000e+00
4.201384718325640311e-01 -9.006507138597705797e-01 1.109592542786929648e-01 3.080000000000000099e-02
-5.571395596421175878e-01 -1.594942311535905155e-01 8.149583432976881259e-01 -7.069999999999999896e-02
-7.162954527064828714e-01 -4.042151430273375201e-01 -5.687978046541706245e-01 3.679000000000000048e-01
0.000000000000000000e+00 0.000000000000000000e+00 0.000000000000000000e+00 1.000000000000000000e+00
4.769149738544897765e-02 9.482318546076281551e-01 3.139775007616175118e-01 1.000000000000000048e-04
-5.672569866832651853e-01 2.844391386810265487e-01 -7.728608461071226898e-01 5.720000000000000084e-02
-8.221587633396334471e-01 -1.412470399469442639e-01 5.514564729605327953e-01 5.122999999999999776e-01
0.000000000000000000e+00 0.000000000000000000e+00 0.000000000000000000e+00 1.000000000000000000e+00
2.108759699266370413e-01 5.349233987374522048e-01 -8.181615261002394002e-01 -9.600000000000000200e-02
-5.260600007707754155e-01 7.675464966704759195e-01 3.662420661774541952e-01 -8.949999999999999623e-02
8.238884638690796569e-01 3.531704021178045383e-01 4.432589155013088034e-01 3.604999999999999871e-01
0.000000000000000000e+00 0.000000000000000000e+00 0.000000000000000000e+00 1.000000000000000000e+00
9.968525195999229371e-01 -3.974961085772332064e-02 -6.859316732696371655e-02 -8.840000000000000635e-02
7.530187447034752957e-02 7.453260049067323978e-01 6.624339771713265712e-01 -5.949999999999999734e-02
2.479277855621067617e-02 -6.655141732874132465e-01 7.459733261216741074e-01 3.637000000000000233e-01
0.000000000000000000e+00 0.000000000000000000e+00 0.000000000000000000e+00 1.000000000000000000e+00
9.999772397157240533e-01 -3.753546881800553982e-03 5.606330023061987730e-03 -1.250999999999999890e-01
1.154274416887467094e-03 -7.235250868283347181e-01 -6.902971218110515172e-01 -4.179999999999999688e-02
6.647383025813993068e-03 6.902878816956424801e-01 -7.235042865685392677e-01 3.832999999999999741e-01
0.000000000000000000e+00 0.000000000000000000e+00 0.000000000000000000e+00 1.000000000000000000e+00
2.039308921173165201e-01 -9.784835817748352982e-01 -3.133801903957739166e-02 8.279999999999999860e-02
-6.115105124718606122e-01 -1.523151701846960915e-01 7.764373651931042453e-01 3.160000000000000309e-02
-7.645044698212288825e-01 -1.391760364743035994e-01 -6.294147650751973355e-01 4.877000000000000224e-01
0.000000000000000000e+00 0.000000000000000000e+00 0.000000000000000000e+00 1.000000000000000000e+00
8.743721075475539006e-01 -4.833744693014101479e-01 4.269121654894565687e-02 -4.850000000000000144e-02
3.974203334840527013e-01 6.628446614468458398e-01 -6.345817782798688356e-01 -2.210000000000000159e-02
2.784429853242368358e-01 5.718269644035653965e-01 7.716757263933669009e-01 4.363000000000000211e-01
0.000000000000000000e+00 0.000000000000000000e+00 0.000000000000000000e+00 1.000000000000000000e+00
8.654732781179437229e-01 -5.762314194140188972e-02 4.976299612931093241e-01 1.307999999999999996e-01
3.359817269053233524e-01 -6.700532733603168367e-01 -6.619251393056778676e-01 -2.089999999999999844e-02
3.715807907434089952e-01 7.400730939386496177e-01 -5.605528802696293500e-01 4.061000000000000165e-01
0.000000000000000000e+00 0.000000000000000000e+00 0.000000000000000000e+00 1.000000000000000000e+00
-6.376077465563083635e-01 -4.714374213041272466e-03 -7.703467636117947714e-01 -1.529000000000000081e-01
5.225627288058749542e-01 7.320924439613899493e-01 -4.369998260384055921e-01 8.580000000000000127e-02
5.660252255812850963e-01 -6.811889812456002335e-01 -4.643242572117434186e-01 3.938999999999999724e-01
0.000000000000000000e+00 0.000000000000000000e+00 0.000000000000000000e+00 1.000000000000000000e+00
4.902993017898930050e-01 2.746517624615607556e-02 -8.711212652427393621e-01 -9.450000000000000067e-02
-5.589283518176205723e-01 -7.569999263787234867e-01 -3.384526687692764324e-01 1.141999999999999960e-01
-6.687343958544240685e-01 6.528374802019067946e-01 -3.558054696668440098e-01 4.562999999999999834e-01
0.000000000000000000e+00 0.000000000000000000e+00 0.000000000000000000e+00 1.000000000000000000e+00
