0.000000000000000000e+00 0.000000000000000000e+00 0.000000000000000000e+00 0.000000000000000000e+00
0.000000000000000000e+00 0.000000000000000000e+00 0.000000000000000000e+00 0.000000000000000000e+00
0.000000000000000000e+00 0.000000000000000000e+00 0.000000000000000000e+00 0.000000000000000000e+00
0.000000000000000000e+00 0.000000000000000000e+00 0.000000000000000000e+00 0.000000000000000000e+00
4.368099492229613467e-01 -8.936961793608464433e-01 1.024900349090577811e-01 3.350000000000000200e-02
-7.021855020858840390e-01 -2.675370864673143334e-01 6.598177233334792113e-01 -7.299999999999999545e-02
-5.622566930861996326e-01 -3.601819628471236157e-01 -7.444033615717786656e-01 3.906999999999999917e-01
0.000000000000000000e+00 0.000000000000000000e+00 0.000000000000000000e+00 1.000000000000000000e+00
6.580325901339634243e-02 9.445004536435127607e-01 3.218521775138615260e-01 -1.000000000000000021e-03
-7.441055592905020388e-01 2.613503626898137089e-01 -6.148194080824642693e-01 8.480000000000000038e-02
-6.648133931684775400e-01 -1.990348738013045238e-01 7.200057439178619845e-01 5.007000000000000339e-01
0.000000000000000000e+00 0.000000000000000000e+00 0.000000000000000000e+00 1.000000000000000000e+00
2.117930652965034355e-01 5.180281046116745891e-01 -8.287282910126497759e-01 -9.299999999999999933e-02
-3.126216183009568050e-01 8.393215674130526383e-01 4.447550227329506445e-01 -9.550000000000000155e-02
9.259651296151502065e-01 1.648823498975331425e-01 3.397092719209552358e-01 3.872999999999999776e-01
0.000000000000000000e+00 0.000000000000000000e+00 0.000000000000000000e+00 1.000000000000000000e+00
9.951184887939505952e-01 -4.603050903999372778e-02 -8.729481942224950886e-02 -8.590000000000000413e-02
9.798176237538167022e-02 5.664189577109781659e-01 8.182720443638675789e-01 -6.539999999999999980e-02
1.177996189545345990e-02 -8.228309404629410295e-01 5.681641276203677204e-01 3.832999999999999741e-01
0.000000000000000000e+00 0.000000000000000000e+00 0.000000000000000000e+00 1.000000000000000000e+00
9.996870159625058649e-01 1.866624079450622184e-03 2.494766182483754841e-02 -1.231000000000000011e-01
2.200168382172130316e-02 -5.402528692620136574e-01 -8.412150516741667694e-01 -4.429999999999999910e-02
1.190781361079558398e-02 8.415006553584543081e-01 -5.401248476105344754e-01 3.980000000000000204e-01
0.000000000000000000e+00 0.000000000000000000e+00 0.000000000000000000e+00 1.000000000000000000e+00
2.220000642635878707e-01 -9.742879944987328233e-01 -3.845614700668736896e-02 8.240000000000000102e-02
-7.706830272334104226e-01 -1.994941877605027614e-01 6.051857075180506751e-01 5.569999999999999951e-02
-5.972969470885558518e-01 -1.047137661695652366e-01 -7.951549435004956479e-01 4.833000000000000074e-01
0.000000000000000000e+00 0.000000000000000000e+00 0.000000000000000000e+00 1.000000000000000000e+00
8.645898016887774151e-01 -5.003702845241985164e-01 4.597883405364959486e-02 -4.730000000000000177e-02
4.684758109091093914e-01 7.696129836047621575e-01 -4.338505158001179085e-01 -1.119999999999999989e-02
1.816999983731777957e-01 3.966427029861365749e-01 8.998109116692454279e-01 4.452999999999999736e-01
0.000000000000000000e+00 0.000000000000000000e+00 0.000000000000000000e+00 1.000000000000000000e+00
8.557755222946882290e-01 -5.359497012726829879e-02 5.145637323192442381e-01 1.320999999999999952e-01
4.305498299604502144e-01 -4.776728623758379477e-01 -7.658038133038391759e-01 -1.370000000000000037e-02
2.868363633890952391e-01 8.769014857592221102e-01 -3.857054380106508251e-01 4.168000000000000038e-01
0.000000000000000000e+00 0.000000000000000000e+00 0.000000000000000000e+00 1.000000000000000000e+00
-6.521475428886054360e-01 -1.059559813787719351e-02 -7.580180179945956720e-01 -1.532999999999999918e-01
6.289071259383802737e-01 5.507538826382558650e-01 -5.487676992159911116e-01 8.169999999999999485e-02
4.232958885322188891e-01 -8.346004397668305153e-01 -3.525091441264074366e-01 3.780999999999999917e-01
0.000000000000000000e+00 0.000000000000000000e+00 0.000000000000000000e+00 1.000000000000000000e+00
5.064557496348778276e-01 3.414640765940435418e-02 -8.615895754393340100e-01 -9.589999999999999913e-02
-6.913918241468145487e-01 -5.810001869124503671e-01 -4.294369899189379725e-01 1.250999999999999890e-01
-5.152474348938714810e-01 8.131868208792217834e-01 -2.706423381210527612e-01 4.323000000000000176e-01
0.000000000000000000e+00 0.000000000000000000e+00 0.000000000000000000e+00 1.000000000000000000e+00
