0.000000000000000000e+00 0.000000000000000000e+00 0.000000000000000000e+00 0.000000000000000000e+00
0.000000000000000000e+00 0.000000000000000000e+00 0.000000000000000000e+00 0.000000000000000000e+00
0.000000000000000000e+00 0.000000000000000000e+00 0.000000000000000000e+00 0.000000000000000000e+00
0.000000000000000000e+00 0.000000000000000000e+00 0.000000000000000000e+00 0.000000000000000000e+00
2.862113721603876115e-02 -9.881046487690450242e-01 1.510961071155144664e-01 6.300000000000000044e-03
-6.220523499860315386e-01 1.007159472050878080e-01 7.764709729638563651e-01 -7.499999999999999722e-02
-7.824523655669503031e-01 -1.162131707664166291e-01 -6.117702138541067924e-01 3.612000000000000210e-01
0.000000000000000000e+00 0.000000000000000000e+00 0.000000000000000000e+00 1.000000000000000000e+00
-3.472235454233409957e-01 9.050896434428270521e-01 2.454557940570578634e-01 5.439999999999999697e-02
-5.286742948644571616e-01 2.726063611723938962e-02 -8.483869091800346762e-01 5.099999999999999672e-02
-7.745574862159771978e-01 -4.243460793397522690e-01 4.690320943131363052e-01 5.024999999999999467e-01
0.000000000000000000e+00 0.000000000000000000e+00 0.000000000000000000e+00 1.000000000000000000e+00
2.958542729585937892e-01 7.981792820101319963e-01 -5.247666938191980490e-01 -1.173000000000000015e-01
-5.932257942415465335e-01 5.841073538192191883e-01 5.539871444905519748e-01 -5.920000000000000262e-02
7.487011461315041805e-01 1.474056748707446296e-01 6.463111950115610904e-01 3.920000000000000151e-01
0.000000000000000000e+00 0.000000000000000000e+00 0.000000000000000000e+00 1.000000000000000000e+00
9.429985714482572723e-01 -3.416380082644279725e-02 3.310385611369725534e-01 -1.014000000000000040e-01
-1.934694303187172171e-01 7.530821103349469858e-01 6.288377490462970787e-01 -3.230000000000000232e-02
-2.707827058338419524e-01 -6.570389408600938452e-01 7.035457031456798793e-01 3.915000000000000147e-01
0.000000000000000000e+00 0.000000000000000000e+00 0.000000000000000000e+00 1.000000000000000000e+00
9.209093015016692751e-01 7.257470941703425549e-03 -3.897093628888558814e-01 -1.246000000000000024e-01
-2.650296590244359263e-01 -7.214702995138153607e-01 -6.397185996646004291e-01 -6.300000000000000044e-03
-2.858064699146939946e-01 6.924073483398167639e-01 -6.624852645304084575e-01 4.202000000000000179e-01
0.000000000000000000e+00 0.000000000000000000e+00 0.000000000000000000e+00 1.000000000000000000e+00
-1.985650265073997112e-01 -9.800596009392326113e-01 -7.423533858462616486e-03 1.164000000000000035e-01
-6.150967680558196982e-01 1.187176149592856778e-01 7.794626955959240711e-01 5.300000000000000024e-03
-7.630385941585136056e-01 1.593402224964272640e-01 -6.264046594010841407e-01 4.560000000000000164e-01
0.000000000000000000e+00 0.000000000000000000e+00 0.000000000000000000e+00 1.000000000000000000e+00
9.901222663205134777e-01 -1.009194265055820688e-01 9.733019618861638023e-02 -3.359999999999999792e-02
1.400368647438954839e-01 7.459683611549652316e-01 -6.510920677357968644e-01 -9.700000000000000289e-03
-6.897408863483202313e-03 6.582905692090385008e-01 7.527323244297471350e-01 4.475000000000000089e-01
0.000000000000000000e+00 0.000000000000000000e+00 0.000000000000000000e+00 1.000000000000000000e+00
9.929534406795914592e-01 -1.365164499679369370e-02 1.177161723445110664e-01 1.227000000000000035e-01
7.979377631155422368e-02 -6.573934736096256337e-01 -7.493108661412913873e-01 -5.510000000000000314e-02
8.761516937438837416e-02 7.534238205979103542e-01 -6.516717951938271192e-01 3.664000000000000035e-01
0.000000000000000000e+00 0.000000000000000000e+00 0.000000000000000000e+00 1.000000000000000000e+00
-2.813817288267947969e-01 -9.916510531946198803e-03 -9.595446761361942078e-01 -1.134000000000000008e-01
6.521609689951773925e-01 7.315485919655819735e-01 -1.988032396930334289e-01 1.237000000000000044e-01
7.039249911757042844e-01 -6.817171850643375386e-01 -1.993772464105181275e-01 4.329000000000000070e-01
0.000000000000000000e+00 0.000000000000000000e+00 0.000000000000000000e+00 1.000000000000000000e+00
1.064287269920343171e-01 1.604303513234417444e-02 -9.941909007301349410e-01 -3.389999999999999958e-02
-6.441101126575039526e-01 -7.606079663838576366e-01 -8.122613031377057258e-02 1.330999999999999961e-01
-7.574926328639720596e-01 6.490132067201362931e-01 -7.061705643577131930e-02 4.742000000000000104e-01
0.000000000000000000e+00 0.000000000000000000e+00 0.000000000000000000e+00 1.000000000000000000e+00
