0.000000000000000000e+00 0.000000000000000000e+00 0.000000000000000000e+00 0.000000000000000000e+00
0.000000000000000000e+00 0.000000000000000000e+00 0.000000000000000000e+00 0.000000000000000000e+00
0.000000000000000000e+00 0.000000000000000000e+00 0.000000000000000000e+00 0.000000000000000000e+00
0.000000000000000000e+00 0.000000000000000000e+00 0.000000000000000000e+00 0.000000000000000000e+00
-7.664509000950654460e-01 -6.268045941595746795e-01 1.402462779681328264e-01 -4.449999999999999789e-02
-5.657633855520692867e-01 7.621985495578599279e-01 3.145872893499593870e-01 -6.099999999999999867e-02
-3.040802678769612966e-01 1.617695020464157141e-01 -9.388108536310868502e-01 4.228000000000000091e-01
0.000000000000000000e+00 0.000000000000000000e+00 0.000000000000000000e+00 1.000000000000000000e+00
-9.453649396994154852e-01 3.256059580555147881e-01 -1.630616036566810700e-02 1.338999999999999913e-01
-2.306896693434374312e-01 -7.034513914185016592e-01 -6.722636509358432821e-01 1.200000000000000025e-02
-2.303636413267858840e-01 -6.317728230860553129e-01 7.401322130299017310e-01 4.541000000000000036e-01
0.000000000000000000e+00 0.000000000000000000e+00 0.000000000000000000e+00 1.000000000000000000e+00
3.122129185679427543e-01 8.856581453516992886e-01 3.437044414194780906e-01 -9.470000000000000639e-02
-4.916508510588341041e-01 -1.589413287382572815e-01 8.561641750692687847e-01 4.379999999999999866e-02
8.128976160208685187e-01 -4.362880970082791965e-01 3.858110447829132816e-01 4.773000000000000020e-01
0.000000000000000000e+00 0.000000000000000000e+00 0.000000000000000000e+00 1.000000000000000000e+00
3.236348041738306147e-01 -1.294856825728130101e-02 9.460934668981987317e-01 -7.109999999999999654e-02
-8.546057449873876166e-01 4.251480912117140409e-01 2.981578796100960993e-01 5.029999999999999749e-02
-4.060905492152196983e-01 -9.050311790867333617e-01 1.265267984221469799e-01 4.578999999999999737e-01
0.000000000000000000e+00 0.000000000000000000e+00 0.000000000000000000e+00 1.000000000000000000e+00
2.639439908424769943e-01 3.387342328566878003e-02 -9.639430278253255935e-01 -5.500000000000000028e-02
-8.891896164670692881e-01 -3.786879544324683877e-01 -2.567825132965618762e-01 8.930000000000000437e-02
-3.737317161618649020e-01 9.249043325461626663e-01 -6.983251371706922228e-02 4.742000000000000104e-01
0.000000000000000000e+00 0.000000000000000000e+00 0.000000000000000000e+00 1.000000000000000000e+00
-8.918247786101469732e-01 -4.510073325684473278e-01 3.522712344850659205e-02 1.212000000000000022e-01
-3.941955190458356628e-01 8.129620916421911314e-01 4.286053316478201092e-01 -7.109999999999999654e-02
-2.219424633123336377e-01 3.683544807956700140e-01 -9.028048069525360653e-01 4.217000000000000193e-01
0.000000000000000000e+00 0.000000000000000000e+00 0.000000000000000000e+00 1.000000000000000000e+00
6.818263992892787950e-01 7.134465025985727848e-01 1.615761404480304253e-01 1.559999999999999928e-02
-6.213325189670078075e-01 6.814014890319453066e-01 -3.868305980906379116e-01 2.570000000000000062e-02
-3.860811599992023946e-01 1.633588034815160739e-01 9.078850363447773519e-01 4.693999999999999839e-01
0.000000000000000000e+00 0.000000000000000000e+00 0.000000000000000000e+00 1.000000000000000000e+00
7.075489274258774941e-01 8.998679009353216518e-02 -7.009114729458726378e-01 4.089999999999999886e-02
-6.486779703133818131e-01 -3.107753151255818747e-01 -6.947197955569616168e-01 -1.307000000000000106e-01
-2.803415882964952477e-01 9.462140778477446945e-01 -1.615162925346556033e-01 3.803000000000000269e-01
0.000000000000000000e+00 0.000000000000000000e+00 0.000000000000000000e+00 1.000000000000000000e+00
5.793971540043929558e-01 -2.345942061982442262e-02 -8.147076736571172706e-01 2.730000000000000135e-02
7.558657800690316009e-01 3.894042243475581699e-01 5.263376032366592350e-01 1.706000000000000016e-01
3.049030345080942506e-01 -9.207681606378766981e-01 2.433518726110344144e-01 4.127000000000000113e-01
0.000000000000000000e+00 0.000000000000000000e+00 0.000000000000000000e+00 1.000000000000000000e+00
-7.150065240731042771e-01 -6.772728739460665004e-03 -6.990849738610600550e-01 1.055999999999999994e-01
-6.329016772701040461e-01 -4.185116525818304289e-01 6.513704503290844716e-01 1.262999999999999956e-01
-2.969867630746971798e-01 9.081861740847230191e-01 2.949520906177249824e-01 4.158999999999999919e-01
0.000000000000000000e+00 0.000000000000000000e+00 0.000000000000000000e+00 1.000000000000000000e+00
