0.000000000000000000e+00 0.000000000000000000e+00 0.000000000000000000e+00 0.000000000000000000e+00
0.000000000000000000e+00 0.000000000000000000e+00 0.000000000000000000e+00 0.000000000000000000e+00
0.000000000000000000e+00 0.000000000000000000e+00 0.000000000000000000e+00 0.000000000000000000e+00
0.000000000000000000e+00 0.000000000000000000e+00 0.000000000000000000e+00 0.000000000000000000e+00
2.553096441453511778e-01 -9.590055903749615807e-01 1.229848089641370212e-01 2.189999999999999933e-02
-8.581563085264222179e-01 -1.661672418624065006e-01 4.857532273368280751e-01 -7.810000000000000275e-02
-4.454040140621522426e-01 -2.295576732793124797e-01 -8.654007966808849872e-01 4.074999999999999734e-01
0.000000000000000000e+00 0.000000000000000000e+00 0.000000000000000000e+00 1.000000000000000000e+00
-1.264336674153310192e-01 9.461119931650650017e-01 2.981385988649197794e-01 2.529999999999999957e-02
-8.517349746980618086e-01 5.052324221030002338e-02 -5.215313364244296146e-01 1.005000000000000060e-01
-5.084899808452489900e-01 -3.198741914968874500e-01 7.994488357576180482e-01 4.867000000000000215e-01
0.000000000000000000e+00 0.000000000000000000e+00 0.000000000000000000e+00 1.000000000000000000e+00
2.605396426633719287e-01 6.592797791689155584e-01 -7.053150128700141908e-01 -1.060999999999999999e-01
-1.727375683022680242e-01 7.505894648469927377e-01 6.377908652197241679e-01 -7.810000000000000275e-02
9.498846388366651849e-01 -4.433540390806062215e-02 3.094406968426218763e-01 4.184999999999999831e-01
0.000000000000000000e+00 0.000000000000000000e+00 0.000000000000000000e+00 1.000000000000000000e+00
9.932257682461776982e-01 -4.640836379567830905e-02 1.065309206831430988e-01 -9.479999999999999538e-02
-7.854718238355723470e-02 4.074741342291824386e-01 9.098324956132214369e-01 -5.090000000000000080e-02
-8.563243212354970657e-02 -9.120367830871659587e-01 4.010685637950441862e-01 4.081000000000000183e-01
0.000000000000000000e+00 0.000000000000000000e+00 0.000000000000000000e+00 1.000000000000000000e+00
9.856747085843213796e-01 9.423240733976268046e-03 -1.683940954763040732e-01 -1.262999999999999956e-01
-1.529311419221218438e-01 -3.710618677934041099e-01 -9.159285758726312121e-01 -2.129999999999999949e-02
-7.111564305839404576e-02 9.285603334214422855e-01 -3.643051914379633605e-01 4.212000000000000188e-01
0.000000000000000000e+00 0.000000000000000000e+00 0.000000000000000000e+00 1.000000000000000000e+00
3.001895099027951375e-02 -9.991095192521937118e-01 -2.964845900031642945e-02 1.005999999999999950e-01
-8.927498187489186776e-01 -4.014023216818052298e-02 4.487610977850658989e-01 5.460000000000000270e-02
-4.495515806948253701e-01 1.299731899796327528e-02 -8.931598098849105050e-01 4.688999999999999835e-01
0.000000000000000000e+00 0.000000000000000000e+00 0.000000000000000000e+00 1.000000000000000000e+00
9.425738858923496943e-01 -3.252756715255351039e-01 7.583012031777272566e-02 -4.159999999999999809e-02
3.335295836444990836e-01 9.046565659217961075e-01 -2.652442545438263855e-01 5.899999999999999863e-03
1.767728677492018396e-02 2.753038961732929835e-01 9.611947140325325378e-01 4.550000000000000155e-01
0.000000000000000000e+00 0.000000000000000000e+00 0.000000000000000000e+00 1.000000000000000000e+00
9.394560025971018247e-01 -3.138730091663963218e-02 3.412290382213132856e-01 1.310000000000000053e-01
3.175825032741271814e-01 -2.942516061237892000e-01 -9.014196280909959613e-01 -3.330000000000000321e-02
1.287003216717547693e-01 9.552124526170807650e-01 -2.664683800507072764e-01 4.136000000000000232e-01
0.000000000000000000e+00 0.000000000000000000e+00 0.000000000000000000e+00 1.000000000000000000e+00
-4.936789550621412115e-01 -1.543893560164943946e-02 -8.695071757014087854e-01 -1.381999999999999895e-01
8.000696748970463901e-01 3.838015544213935204e-01 -4.610692812732774537e-01 1.023000000000000020e-01
3.408366245562333696e-01 -9.232865243743191286e-01 -1.771225261504110193e-01 3.793000000000000260e-01
0.000000000000000000e+00 0.000000000000000000e+00 0.000000000000000000e+00 1.000000000000000000e+00
3.307844479867612097e-01 3.121141729863802228e-02 -9.431900637730996628e-01 -6.909999999999999476e-02
-8.513817718281451175e-01 -4.212787943588376383e-01 -3.125272084512510928e-01 1.439000000000000001e-01
-4.071003900377173079e-01 9.063939677942334239e-01 -1.127796416795341372e-01 4.193000000000000060e-01
0.000000000000000000e+00 0.000000000000000000e+00 0.000000000000000000e+00 1.000000000000000000e+00
