0.000000000000000000e+00 0.000000000000000000e+00 0.000000000000000000e+00 0.000000000000000000e+00
0.000000000000000000e+00 0.000000000000000000e+00 0.000000000000000000e+00 0.000000000000000000e+00
0.000000000000000000e+00 0.000000000000000000e+00 0.000000000000000000e+00 0.000000000000000000e+00
0.000000000000000000e+00 0.000000000000000000e+00 0.000000000000000000e+00 0.000000000000000000e+00
7.714880276255895453e-01 -6.351974455137390230e-01 3.647503863189287265e-02 5.609999999999999709e-02
-6.047308358057381650e-01 -7.142517783350270655e-01 3.523421822191385999e-01 -5.269999999999999685e-02
-1.977544928846649563e-01 -2.938853558074504546e-01 -9.351601778229530204e-01 4.378000000000000225e-01
0.000000000000000000e+00 0.000000000000000000e+00 0.000000000000000000e+00 1.000000000000000000e+00
4.728726485262528811e-01 8.132657331435053649e-01 3.391022051982612862e-01 -5.550000000000000072e-02
-8.267719854097839161e-01 5.426072752474958572e-01 -1.484096660937302137e-01 1.038000000000000034e-01
-3.046958194943460985e-01 -2.101813315759633316e-01 9.289694642126962165e-01 4.724999999999999756e-01
0.000000000000000000e+00 0.000000000000000000e+00 0.000000000000000000e+00 1.000000000000000000e+00
8.629743006438383990e-02 1.400911132118317359e-01 -9.863707383957375230e-01 -5.009999999999999870e-02
1.316219149310554892e-01 9.797825886173004983e-01 1.506710010329246896e-01 -1.247999999999999943e-01
9.875365436651774020e-01 -1.428305255939756879e-01 6.611365883373787611e-02 4.334999999999999964e-01
0.000000000000000000e+00 0.000000000000000000e+00 0.000000000000000000e+00 1.000000000000000000e+00
8.670683521746411770e-01 -4.782675076527004299e-02 -4.958881674010675034e-01 -5.330000000000000016e-02
4.955062573765573464e-01 1.859550228548029205e-01 8.484658380723095750e-01 -9.769999999999999518e-02
5.163353133216158630e-02 -9.813935660000561167e-01 1.849341695194920421e-01 4.183999999999999941e-01
0.000000000000000000e+00 0.000000000000000000e+00 0.000000000000000000e+00 1.000000000000000000e+00
8.977791975497573240e-01 -5.719935696649691703e-03 4.404086679239408997e-01 -9.779999999999999805e-02
4.326723573415668378e-01 -1.755779392315057752e-01 -8.842889903463172496e-01 -9.009999999999999953e-02
8.238412249581433811e-02 9.844489166995126217e-01 -1.551553633289897149e-01 4.203999999999999959e-01
0.000000000000000000e+00 0.000000000000000000e+00 0.000000000000000000e+00 1.000000000000000000e+00
6.083371237022623390e-01 -7.913598147776050862e-01 -6.062662353135826743e-02 3.429999999999999716e-02
-7.626246484396570491e-01 -6.039852741892186572e-01 2.315284737453778829e-01 1.077000000000000041e-01
-2.198399179356377853e-01 -9.461200831675241341e-02 -9.709371649928346670e-01 4.748999999999999888e-01
0.000000000000000000e+00 0.000000000000000000e+00 0.000000000000000000e+00 1.000000000000000000e+00
5.801769021524375569e-01 -8.143250197576999971e-01 -1.641719846448789003e-02 -5.149999999999999717e-02
8.130583029624934843e-01 5.802338620083291598e-01 -4.759055959588422147e-02 -1.510000000000000057e-02
4.827999785160544399e-02 1.426280391510609605e-02 9.987320032080319043e-01 4.565000000000000169e-01
0.000000000000000000e+00 0.000000000000000000e+00 0.000000000000000000e+00 1.000000000000000000e+00
5.608391239434076248e-01 -8.607169227963346048e-02 8.234386078163393741e-01 1.190999999999999975e-01
8.125996173752774165e-01 -1.332514712283494607e-01 -5.673851489570671536e-01 4.680000000000000132e-02
1.585602059028177191e-01 9.873376875231698602e-01 -4.790814174605140252e-03 4.457999999999999741e-01
0.000000000000000000e+00 0.000000000000000000e+00 0.000000000000000000e+00 1.000000000000000000e+00
-9.093457679706646868e-01 -7.283757705340926369e-03 -4.159774286515210417e-01 -1.643000000000000016e-01
4.077366239456019503e-01 1.831721055821051714e-01 -8.945383307774243953e-01 -2.299999999999999961e-03
8.271106194025185099e-02 -9.830538777759374458e-01 -1.635969242449493155e-01 3.493999999999999884e-01
0.000000000000000000e+00 0.000000000000000000e+00 0.000000000000000000e+00 1.000000000000000000e+00
8.202004324267980762e-01 4.412272479800755098e-02 -5.703721905942581438e-01 -1.400000000000000133e-01
-5.510897576494406813e-01 -2.066339401018626454e-01 -8.084568595861256757e-01 7.620000000000000384e-02
-1.535295725936022537e-01 9.774229381155217222e-01 -1.451656653098338801e-01 3.864000000000000212e-01
0.000000000000000000e+00 0.000000000000000000e+00 0.000000000000000000e+00 1.000000000000000000e+00
