0.000000000000000000e+00 0.000000000000000000e+00 0.000000000000000000e+00 0.000000000000000000e+00
0.000000000000000000e+00 0.000000000000000000e+00 0.000000000000000000e+00 0.000000000000000000e+00
0.000000000000000000e+00 0.000000000000000000e+00 0.000000000000000000e+00 0.000000000000000000e+00
0.000000000000000000e+00 0.000000000000000000e+00 0.000000000000000000e+00 0.000000000000000000e+00
-3.828363895070845402e-01 -9.087999961924021486e-01 1.658881122620583792e-01 -1.949999999999999997e-02
-7.213663604303567345e-01 4.062591146619448645e-01 5.608779776328832734e-01 -7.580000000000000626e-02
-5.771194615576917819e-01 9.505839612986496934e-02 -8.111085182739590227e-01 3.887999999999999790e-01
0.000000000000000000e+00 0.000000000000000000e+00 0.000000000000000000e+00 1.000000000000000000e+00
-6.973518367216970937e-01 7.043230338799798540e-01 1.327760511800818999e-01 1.018000000000000016e-01
-5.070297749073363613e-01 -3.538478960817628138e-01 -7.859468644863503162e-01 4.929999999999999660e-02
-5.065779537033672231e-01 -6.154029008581372029e-01 6.038692295829444223e-01 4.771000000000000241e-01
0.000000000000000000e+00 0.000000000000000000e+00 0.000000000000000000e+00 1.000000000000000000e+00
3.338810557982561100e-01 9.336351647343217319e-01 -1.298030036268711385e-01 -1.185999999999999971e-01
-5.182726416779093181e-01 2.968494447374505629e-01 8.020435624373956074e-01 -1.400000000000000029e-02
7.873480230922302869e-01 -2.005138058353663211e-01 5.829899692123130528e-01 4.423000000000000265e-01
0.000000000000000000e+00 0.000000000000000000e+00 0.000000000000000000e+00 1.000000000000000000e+00
7.245868355018447726e-01 -2.328133243071828229e-02 6.887901693387274982e-01 -9.690000000000000002e-02
-5.443077239209946905e-01 5.937001378063353485e-01 5.926628451731091873e-01 5.400000000000000286e-03
-4.227327991738620838e-01 -8.043495048354222243e-01 4.175150950248893711e-01 4.310999999999999832e-01
0.000000000000000000e+00 0.000000000000000000e+00 0.000000000000000000e+00 1.000000000000000000e+00
6.803912544805649221e-01 1.814399640356717525e-02 -7.326244168882650731e-01 -1.021999999999999992e-01
-6.055165544858231996e-01 -5.492125032604973089e-01 -5.759473313645573356e-01 4.229999999999999732e-02
-4.128164762578888647e-01 8.354857399482324976e-01 -3.626928938829299121e-01 4.566000000000000059e-01
0.000000000000000000e+00 0.000000000000000000e+00 0.000000000000000000e+00 1.000000000000000000e+00
-5.822806749229747503e-01 -8.127962718953377630e-01 1.764754952634001173e-02 1.317000000000000115e-01
-6.349466652338754402e-01 4.682129289870646804e-01 6.145074331834681214e-01 -2.199999999999999872e-02
-5.077321615966683410e-01 3.466105502179555597e-01 -7.887136226527220462e-01 4.309999999999999942e-01
0.000000000000000000e+00 0.000000000000000000e+00 0.000000000000000000e+00 1.000000000000000000e+00
9.395767448008265355e-01 3.133191531200359981e-01 1.379371194335519413e-01 -1.170000000000000033e-02
-2.057179697141992836e-01 8.388125049439147940e-01 -5.040572373117785387e-01 1.319999999999999993e-02
-2.736341673953571751e-01 4.452243140686032996e-01 8.525841029458567366e-01 4.618999999999999773e-01
0.000000000000000000e+00 0.000000000000000000e+00 0.000000000000000000e+00 1.000000000000000000e+00
9.542516640505624981e-01 3.545994965483315053e-02 -2.968945159938274903e-01 9.360000000000000264e-02
-2.458174660232727293e-01 -4.722600602853526119e-01 -8.464893436170193297e-01 -9.560000000000000442e-02
-1.702278915296477901e-01 8.807457223454178141e-01 -4.419382734224528431e-01 3.614999999999999880e-01
0.000000000000000000e+00 0.000000000000000000e+00 0.000000000000000000e+00 1.000000000000000000e+00
1.364822219375211310e-01 -1.459092989044336042e-02 -9.905350613986005914e-01 -5.220000000000000334e-02
8.208201348052195367e-01 5.614851893156227458e-01 1.048269453792320949e-01 1.608999999999999875e-01
5.546412438624974683e-01 -8.273581370507765431e-01 8.860927526241313412e-02 4.319000000000000061e-01
0.000000000000000000e+00 0.000000000000000000e+00 0.000000000000000000e+00 1.000000000000000000e+00
-3.102778760542366232e-01 2.333464863364054231e-03 -9.506430426679632895e-01 3.540000000000000091e-02
-7.637949152191230162e-01 -5.959845398753964574e-01 2.478300944496539815e-01 1.499999999999999944e-01
-5.659902535527305822e-01 8.029925175063857834e-01 1.867031057911794356e-01 4.495999999999999996e-01
0.000000000000000000e+00 0.000000000000000000e+00 0.000000000000000000e+00 1.000000000000000000e+00
