0.000000000000000000e+00 0.000000000000000000e+00 0.000000000000000000e+00 0.000000000000000000e+00
0.000000000000000000e+00 0.000000000000000000e+00 0.000000000000000000e+00 0.000000000000000000e+00
0.000000000000000000e+00 0.000000000000000000e+00 0.000000000000000000e+00 0.000000000000000000e+00
0.000000000000000000e+00 0.000000000000000000e+00 0.000000000000000000e+00 0.000000000000000000e+00
-3.673836680005626576e-01 -9.142725694330735564e-01 1.706895113025341248e-01 -1.870000000000000134e-02
-5.689051282688419864e-01 3.660908127472244367e-01 7.364268272214755662e-01 -7.220000000000000029e-02
-7.357827094433959658e-01 1.734450506769280587e-01 -6.546301389943889326e-01 3.658000000000000140e-01
0.000000000000000000e+00 0.000000000000000000e+00 0.000000000000000000e+00 1.000000000000000000e+00
-6.851441129919451090e-01 7.161693078949131763e-01 1.329626521313485854e-01 1.001999999999999974e-01
-3.792735740044805848e-01 -1.949110691356192859e-01 -9.045226537739549100e-01 2.960000000000000131e-02
-6.218754702465347783e-01 -6.701575915840475295e-01 4.051662645728544287e-01 4.827000000000000179e-01
0.000000000000000000e+00 0.000000000000000000e+00 0.000000000000000000e+00 1.000000000000000000e+00
3.286037481495889256e-01 9.330925871802672189e-01 -1.461430821191228580e-01 -1.192000000000000004e-01
-6.858576219183670775e-01 3.421337486221140978e-01 6.422957422482746814e-01 -2.539999999999999897e-02
6.493218763899176738e-01 -1.108274415612630626e-01 7.523950950388108572e-01 4.307000000000000273e-01
0.000000000000000000e+00 0.000000000000000000e+00 0.000000000000000000e+00 1.000000000000000000e+00
7.359724891756014298e-01 -1.887654400958149736e-02 6.767482332913206111e-01 -9.740000000000000047e-02
-4.248305936948714168e-01 7.654300164216116809e-01 4.833589314595048148e-01 -3.799999999999999992e-03
-5.271275574635918559e-01 -6.432422296826176833e-01 5.553161010770372163e-01 4.247000000000000219e-01
0.000000000000000000e+00 0.000000000000000000e+00 0.000000000000000000e+00 1.000000000000000000e+00
6.921320818265130903e-01 1.278949835724357831e-02 -7.216575434638421438e-01 -1.034000000000000058e-01
-4.871447853863043465e-01 -7.294883915695016263e-01 -4.801423170647144967e-01 2.610000000000000167e-02
-5.325815800207782669e-01 6.838736106161075190e-01 -4.986719816928357751e-01 4.580000000000000182e-01
0.000000000000000000e+00 0.000000000000000000e+00 0.000000000000000000e+00 1.000000000000000000e+00
-5.685992249042148838e-01 -8.223300368556289985e-01 2.163866731907965191e-02 1.313999999999999890e-01
-5.025966056790092118e-01 3.681035792731216505e-01 7.822380755794587914e-01 -2.869999999999999982e-02
-6.512231364119862587e-01 4.339044427190582587e-01 -6.226036951306976874e-01 4.217000000000000193e-01
0.000000000000000000e+00 0.000000000000000000e+00 0.000000000000000000e+00 1.000000000000000000e+00
9.453352229510085802e-01 2.982019534940568706e-01 1.319731456793205859e-01 -1.269999999999999948e-02
-1.289051753339272299e-01 7.134558378102984211e-01 -6.887410422405032540e-01 -2.700000000000000143e-03
-2.995409354667509794e-01 6.340791452387734006e-01 7.128947086021681923e-01 4.577999999999999847e-01
0.000000000000000000e+00 0.000000000000000000e+00 0.000000000000000000e+00 1.000000000000000000e+00
9.590464270767027344e-01 2.842397753075295852e-02 -2.818191409623234112e-01 9.500000000000000111e-02
-1.922907521367435979e-01 -6.652119792648492069e-01 -7.214688415207044514e-01 -8.419999999999999707e-02
-2.079764826947895218e-01 7.461133292897756952e-01 -6.325035039444688589e-01 3.361999999999999988e-01
0.000000000000000000e+00 0.000000000000000000e+00 0.000000000000000000e+00 1.000000000000000000e+00
1.202165050231954746e-01 -9.317727591211244498e-03 -9.927039699087255586e-01 -5.449999999999999983e-02
6.690545189358898526e-01 7.395120067412581655e-01 7.408132407686934817e-02 1.476000000000000090e-01
7.334262352898707205e-01 -6.730788749010425676e-01 9.513561662423730692e-02 4.626000000000000112e-01
0.000000000000000000e+00 0.000000000000000000e+00 0.000000000000000000e+00 1.000000000000000000e+00
-2.944033801899796909e-01 -2.162334471702276328e-03 -9.556788027587233003e-01 3.300000000000000155e-02
-6.121314791190914928e-01 -7.675141472861628511e-01 1.903078715846180380e-01 1.335000000000000075e-01
-7.339085106497862387e-01 6.410283597667320032e-01 2.246351263061630021e-01 4.786000000000000254e-01
0.000000000000000000e+00 0.000000000000000000e+00 0.000000000000000000e+00 1.000000000000000000e+00
