0.000000000000000000e+00 0.000000000000000000e+00 0.000000000000000000e+00 0.000000000000000000e+00
0.000000000000000000e+00 0.000000000000000000e+00 0.000000000000000000e+00 0.000000000000000000e+00
0.000000000000000000e+00 0.000000000000000000e+00 0.000000000000000000e+00 0.000000000000000000e+00
0.000000000000000000e+00 0.000000000000000000e+00 0.000000000000000000e+00 0.000000000000000000e+00
3.054724598979130512e-02 -9.895140469050848209e-01 1.411694610741316969e-01 7.499999999999999722e-03
-9.093976372055031510e-01 3.109845403742905745e-02 4.147635755482029785e-01 -7.979999999999999594e-02
-4.148045361462277536e-01 -1.410490593162659623e-01 -8.989117641117561064e-01 4.118999999999999884e-01
0.000000000000000000e+00 0.000000000000000000e+00 0.000000000000000000e+00 1.000000000000000000e+00
-3.458321608732011221e-01 9.029030597911714695e-01 2.552766756394182490e-01 5.489999999999999741e-02
-8.249310382426867649e-01 -1.629436813407021400e-01 -5.412375992620823695e-01 9.700000000000000289e-02
-4.470893631586589922e-01 -3.977630215729964225e-01 8.011839239647190469e-01 4.802000000000000157e-01
0.000000000000000000e+00 0.000000000000000000e+00 0.000000000000000000e+00 1.000000000000000000e+00
3.047336359137835515e-01 7.934416110447897186e-01 -5.268660370582014529e-01 -1.161999999999999977e-01
-1.867069996151658473e-01 5.922084377380024689e-01 7.838556388561715993e-01 -5.240000000000000213e-02
9.339581936240337612e-01 -1.404976018818931971e-01 3.286069330187191273e-01 4.331999999999999740e-01
0.000000000000000000e+00 0.000000000000000000e+00 0.000000000000000000e+00 1.000000000000000000e+00
9.434548972300593750e-01 -4.404723569135325645e-02 3.285615587992125608e-01 -1.005000000000000060e-01
-2.897071474527755930e-01 3.721955239372402025e-01 8.817824338666873096e-01 -2.860000000000000042e-02
-1.611292202159303466e-01 -9.271085874853244313e-01 3.383888907803750401e-01 4.203999999999999959e-01
0.000000000000000000e+00 0.000000000000000000e+00 0.000000000000000000e+00 1.000000000000000000e+00
9.220372147618310921e-01 1.707068064222574955e-02 -3.867246649189267638e-01 -1.238999999999999962e-01
-3.601833711855643161e-01 -3.281962784158123370e-01 -8.732440334496496259e-01 7.499999999999999722e-03
-1.418284658157417943e-01 9.444552899404090596e-01 -2.964606071435649248e-01 4.343000000000000194e-01
0.000000000000000000e+00 0.000000000000000000e+00 0.000000000000000000e+00 1.000000000000000000e+00
-1.964640354991171733e-01 -9.803496486728220383e-01 -1.778901634369789431e-02 1.171999999999999986e-01
-8.958169780061009391e-01 1.720883107775058596e-01 4.097530417333853925e-01 3.559999999999999970e-02
-3.986399687329640895e-01 9.643743899969164923e-02 -9.120230236610051833e-01 4.588999999999999746e-01
0.000000000000000000e+00 0.000000000000000000e+00 0.000000000000000000e+00 1.000000000000000000e+00
9.887472805439666557e-01 -1.046960811484230341e-01 1.068529167083108605e-01 -3.259999999999999704e-02
1.276529023888714753e-01 9.629012524159679121e-01 -2.377517920173424781e-01 1.739999999999999880e-02
-7.799712641250093614e-02 2.487165227481343832e-01 9.654307533860049251e-01 4.595000000000000195e-01
0.000000000000000000e+00 0.000000000000000000e+00 0.000000000000000000e+00 1.000000000000000000e+00
9.925611136772654053e-01 -4.024094887412205113e-03 1.216809034979756121e-01 1.236000000000000015e-01
1.170416449329134551e-01 -2.436468479671782816e-01 -9.627759172450547354e-01 -5.890000000000000097e-02
3.352147024138957265e-02 9.698556697447284769e-01 -2.413634000772690857e-01 4.066000000000000170e-01
0.000000000000000000e+00 0.000000000000000000e+00 0.000000000000000000e+00 1.000000000000000000e+00
-2.842326377970503248e-01 -1.991671941744932450e-02 -9.585484504700728658e-01 -1.136999999999999955e-01
8.989094191331528094e-01 3.421598426070053822e-01 -2.736576297142971348e-01 1.290999999999999925e-01
3.334271491714929647e-01 -9.394306607700197986e-01 -7.934966792983555450e-02 3.865000000000000102e-01
0.000000000000000000e+00 0.000000000000000000e+00 0.000000000000000000e+00 1.000000000000000000e+00
1.089891245444145618e-01 2.625309407580372900e-02 -9.936962039690444559e-01 -3.409999999999999837e-02
-9.171908530570653806e-01 -3.827586233791804293e-01 -1.107103215482948544e-01 1.567000000000000060e-01
-3.832522795750787914e-01 9.234752900215149607e-01 -1.763742952314806267e-02 4.183000000000000052e-01
0.000000000000000000e+00 0.000000000000000000e+00 0.000000000000000000e+00 1.000000000000000000e+00
