0.000000000000000000e+00 0.000000000000000000e+00 0.000000000000000000e+00 0.000000000000000000e+00
0.000000000000000000e+00 0.000000000000000000e+00 0.000000000000000000e+00 0.000000000000000000e+00
0.000000000000000000e+00 0.000000000000000000e+00 0.000000000000000000e+00 0.000000000000000000e+00
0.000000000000000000e+00 0.000000000000000000e+00 0.000000000000000000e+00 0.000000000000000000e+00
9.964948777139769343e-01 2.557783451811938488e-02 -7.964755533705833446e-02 6.890000000000000291e-02
7.607189179751723540e-02 -6.731467318174242376e-01 7.355858513605786353e-01 -2.680000000000000090e-02
-3.479979839241743866e-02 -7.390664732112288693e-01 -6.727330244658444869e-01 4.428000000000000269e-01
0.000000000000000000e+00 0.000000000000000000e+00 0.000000000000000000e+00 1.000000000000000000e+00
9.306736018831709423e-01 2.846781067085346062e-01 2.297934340198806158e-01 -1.208999999999999936e-01
-1.769855022440076087e-01 9.000519335229705264e-01 -3.982243701194070895e-01 7.000000000000000146e-03
-3.201917843312682699e-01 3.299468025643018110e-01 8.880384725474185226e-01 4.746000000000000218e-01
0.000000000000000000e+00 0.000000000000000000e+00 0.000000000000000000e+00 1.000000000000000000e+00
-1.490885320376180712e-01 -5.120809434355345635e-01 -8.458993539334576095e-01 3.670000000000000345e-02
-3.631736240744275479e-01 8.240298409207503783e-01 -4.348330024834467511e-01 -1.290999999999999925e-01
9.197160042053820206e-01 2.423797199484636899e-01 -3.088276913850016570e-01 3.723000000000000198e-01
0.000000000000000000e+00 0.000000000000000000e+00 0.000000000000000000e+00 1.000000000000000000e+00
3.218962217936045533e-01 -2.903953919574714382e-02 -9.463295026354728856e-01 1.859999999999999848e-02
7.625646559464120955e-01 6.003589670962128366e-01 2.409652591733894567e-01 -1.043000000000000038e-01
5.611398826463264156e-01 -7.992032381005891306e-01 2.153978094438291357e-01 3.665999999999999814e-01
0.000000000000000000e+00 0.000000000000000000e+00 0.000000000000000000e+00 1.000000000000000000e+00
3.814525140111699741e-01 -1.818658058453320736e-02 9.242095151215447002e-01 -2.000000000000000042e-02
7.193622754609274583e-01 -6.220504572613378969e-01 -3.091458317115689525e-01 -1.228999999999999954e-01
5.805272570674310240e-01 7.827659145029268739e-01 -2.241999707719921631e-01 3.519999999999999796e-01
0.000000000000000000e+00 0.000000000000000000e+00 0.000000000000000000e+00 1.000000000000000000e+00
9.795461394117892517e-01 -1.887835038070049820e-01 -6.964301439347672651e-02 -5.619999999999999996e-02
-1.058135769054929787e-01 -7.776557239635524255e-01 6.197217617037411586e-01 5.460000000000000270e-02
-1.711515343370452746e-01 -5.996768827269178814e-01 -7.817255199985488900e-01 5.154999999999999583e-01
0.000000000000000000e+00 0.000000000000000000e+00 0.000000000000000000e+00 1.000000000000000000e+00
-9.874945786966926597e-02 -9.889105052665182471e-01 -1.109259083531257128e-01 -3.860000000000000236e-02
8.375873682485416305e-01 -2.241164711907384088e-02 -5.458434927924780133e-01 -6.529999999999999694e-02
5.373043319394774642e-01 -1.468118886430174741e-01 8.305120855424934501e-01 4.254999999999999893e-01
0.000000000000000000e+00 0.000000000000000000e+00 0.000000000000000000e+00 1.000000000000000000e+00
-1.274114105640327121e-01 -1.063218719800889112e-01 9.861348751548810743e-01 5.040000000000000036e-02
7.715291704078214297e-01 -6.354297248778260077e-01 3.117377024854423029e-02 7.059999999999999609e-02
6.233049588025931786e-01 7.648037161784322358e-01 1.629914232460035750e-01 5.070999999999999952e-01
0.000000000000000000e+00 0.000000000000000000e+00 0.000000000000000000e+00 1.000000000000000000e+00
-9.570486144873699974e-01 3.310192491385241520e-03 2.899085927210083846e-01 -1.175999999999999962e-01
-2.254955539112633578e-01 6.200151970146109415e-01 -7.514871327156478209e-01 -6.040000000000000230e-02
-1.822353002962325830e-01 -7.845828178698557309e-01 -5.926382515745494128e-01 2.911000000000000254e-01
0.000000000000000000e+00 0.000000000000000000e+00 0.000000000000000000e+00 1.000000000000000000e+00
9.924489204307648249e-01 4.013932722835027167e-02 1.159050246773838388e-01 -1.549999999999999989e-01
1.159970980876898622e-01 -6.143051041836935511e-01 -7.804959399055809710e-01 -1.190000000000000085e-02
3.987246632758493364e-02 7.880469994762474562e-01 -6.143224829398958864e-01 3.570999999999999730e-01
0.000000000000000000e+00 0.000000000000000000e+00 0.000000000000000000e+00 1.000000000000000000e+00
