0.000000000000000000e+00 0.000000000000000000e+00 0.000000000000000000e+00 0.000000000000000000e+00
0.000000000000000000e+00 0.000000000000000000e+00 0.000000000000000000e+00 0.000000000000000000e+00
0.000000000000000000e+00 0.000000000000000000e+00 0.000000000000000000e+00 0.000000000000000000e+00
0.000000000000000000e+00 0.000000000000000000e+00 0.000000000000000000e+00 0.000000000000000000e+00
-9.955849540428518551e-01 -4.777765584421590078e-02 8.079538901153071606e-02 -5.999999999999999778e-02
2.027579038570807152e-02 7.309767103286031187e-01 6.821011224748191326e-01 -3.960000000000000325e-02
-9.164874034992376295e-02 6.807278050433999139e-01 -7.267806848238795858e-01 4.321999999999999731e-01
0.000000000000000000e+00 0.000000000000000000e+00 0.000000000000000000e+00 1.000000000000000000e+00
-9.382910894618232689e-01 -2.652184367868533621e-01 -2.219662411829392001e-01 1.307000000000000106e-01
3.035830725472745129e-01 -3.241684561239317475e-01 -8.959643576152919175e-01 -6.809999999999999387e-02
1.656718126275592839e-01 -9.080605667259008529e-01 3.846802018016193259e-01 4.011000000000000121e-01
0.000000000000000000e+00 0.000000000000000000e+00 0.000000000000000000e+00 1.000000000000000000e+00
1.578798401062420087e-01 5.288700191123142380e-01 8.338887569527292376e-01 -3.059999999999999873e-02
-9.212639478986101027e-01 -2.250952102987100467e-01 3.171827306188762519e-01 3.030000000000000054e-02
3.554528019165056341e-01 -8.183084071331051534e-01 4.516908859219826988e-01 5.358000000000000540e-01
0.000000000000000000e+00 0.000000000000000000e+00 0.000000000000000000e+00 1.000000000000000000e+00
-3.006838731611793936e-01 2.572284082071502054e-02 9.533769159576416241e-01 -1.220000000000000077e-02
-5.575338436889663019e-01 8.062955951820369727e-01 -1.975940948800138652e-01 3.660000000000000059e-02
-7.737862893345933690e-01 -5.909532542004966027e-01 -2.280987281587605331e-01 5.112999999999999767e-01
0.000000000000000000e+00 0.000000000000000000e+00 0.000000000000000000e+00 1.000000000000000000e+00
-3.606207095761400083e-01 2.077587077050985220e-02 -9.324811349397520432e-01 2.570000000000000062e-02
-5.783003523147212110e-01 -7.893718515775463018e-01 2.060601427974497746e-01 5.149999999999999717e-02
-7.317932811508113256e-01 6.135637237734667959e-01 2.966785306215573570e-01 5.306999999999999496e-01
0.000000000000000000e+00 0.000000000000000000e+00 0.000000000000000000e+00 1.000000000000000000e+00
-9.836687789442164487e-01 1.669570463298262475e-01 6.723896200280407576e-02 6.759999999999999343e-02
1.547716604648738670e-01 5.939199510528567760e-01 7.894965641839855053e-01 -1.092999999999999944e-01
9.187745342215403177e-02 7.870098070686237790e-01 -6.100607323295503814e-01 3.521000000000000241e-01
0.000000000000000000e+00 0.000000000000000000e+00 0.000000000000000000e+00 1.000000000000000000e+00
1.207783719638748643e-01 9.859290199951147304e-01 1.155705516004340017e-01 4.649999999999999967e-02
-5.263197309352818376e-01 1.623130015970456475e-01 -8.346508433715082997e-01 -2.100000000000000130e-02
-8.416650911698597692e-01 3.998070839830336620e-02 5.385177966065758381e-01 4.727000000000000091e-01
0.000000000000000000e+00 0.000000000000000000e+00 0.000000000000000000e+00 1.000000000000000000e+00
1.494546995552840096e-01 1.083425278349913201e-01 -9.828149314307166318e-01 -3.899999999999999994e-02
-6.125533996057413999e-01 -7.701157797247393244e-01 -1.780449899615441089e-01 -1.024999999999999939e-01
-7.761711315246715426e-01 6.286362879131952575e-01 -4.873183873434094870e-02 3.345000000000000195e-01
0.000000000000000000e+00 0.000000000000000000e+00 0.000000000000000000e+00 1.000000000000000000e+00
9.503006521980157384e-01 -6.013684030990687490e-03 -3.112756110529724118e-01 1.233999999999999958e-01
1.947820478337217720e-01 7.914524721819783393e-01 5.793642534008605072e-01 1.146999999999999964e-01
2.428757383390273417e-01 -6.112011288286451904e-01 7.532891581888472299e-01 4.703999999999999848e-01
0.000000000000000000e+00 0.000000000000000000e+00 0.000000000000000000e+00 1.000000000000000000e+00
-9.897088289261195548e-01 -3.747868388554743274e-02 -1.381006234594751303e-01 1.627000000000000113e-01
-5.410608310459819742e-02 -7.954304970176937495e-01 6.036247643903145388e-01 4.979999999999999705e-02
-1.324725092868963283e-01 6.048848424852384387e-01 7.852167609105408230e-01 4.219999999999999862e-01
0.000000000000000000e+00 0.000000000000000000e+00 0.000000000000000000e+00 1.000000000000000000e+00
