0.000000000000000000e+00 0.000000000000000000e+00 0.000000000000000000e+00 0.000000000000000000e+00
0.000000000000000000e+00 0.000000000000000000e+00 0.000000000000000000e+00 0.000000000000000000e+00
0.000000000000000000e+00 0.000000000000000000e+00 0.000000000000000000e+00 0.000000000000000000e+00
0.000000000000000000e+00 0.000000000000000000e+00 0.000000000000000000e+00 0.000000000000000000e+00
3.164973779110391572e-02 -9.896351743491133002e-01 1.400732515106098142e-01 8.000000000000000167e-03
-9.504959152488320351e-01 1.354201044843583723e-02 3.104418287671614207e-01 -7.950000000000000122e-02
-3.091210267727504402e-01 -1.429644558763283613e-01 -9.402155897255406458e-01 4.505000000000000115e-01
0.000000000000000000e+00 0.000000000000000000e+00 0.000000000000000000e+00 1.000000000000000000e+00
-3.448995816086204425e-01 9.028895292788460258e-01 2.565828843177627161e-01 5.519999999999999907e-02
-8.706968564713134517e-01 -2.056405941584416031e-01 -4.467649607625198138e-01 1.039000000000000062e-01
-3.506155483391622529e-01 -3.774949588442034765e-01 8.570684297709498800e-01 4.983000000000000207e-01
0.000000000000000000e+00 0.000000000000000000e+00 0.000000000000000000e+00 1.000000000000000000e+00
3.054051187724127203e-01 7.925457111532567822e-01 -5.278247902099587607e-01 -1.156999999999999973e-01
-7.924267176526822443e-02 5.735390532969089072e-01 8.153364663222093522e-01 -5.009999999999999870e-02
9.489195500141781592e-01 -2.071816837364343633e-01 2.379652023406482186e-01 4.686000000000000165e-01
0.000000000000000000e+00 0.000000000000000000e+00 0.000000000000000000e+00 1.000000000000000000e+00
9.437677804396582548e-01 -4.523381947180210583e-02 3.275000430228879877e-01 -1.000999999999999945e-01
-3.047786784146765959e-01 2.648173701153010429e-01 9.148670491765559243e-01 -2.790000000000000119e-02
-1.281106310491217926e-01 -9.632370746920032589e-01 2.361397978973212020e-01 4.531999999999999917e-01
0.000000000000000000e+00 0.000000000000000000e+00 0.000000000000000000e+00 1.000000000000000000e+00
9.224561222090622570e-01 1.805865733364678261e-02 -3.856793843263151556e-01 -1.234999999999999987e-01
-3.727224787040314125e-01 -2.190329759611602256e-01 -9.017219689628954704e-01 9.499999999999999764e-03
-1.007603913635830017e-01 9.755503269113818821e-01 -1.953174421175789544e-01 4.630000000000000226e-01
0.000000000000000000e+00 0.000000000000000000e+00 0.000000000000000000e+00 1.000000000000000000e+00
-1.954093825879732460e-01 -9.805449386724272021e-01 -1.862247138466435747e-02 1.174999999999999933e-01
-9.354545049009768132e-01 1.806538780480778650e-01 3.037911216718788832e-01 4.059999999999999720e-02
-2.945166250945013831e-01 7.678411027078356488e-02 -9.525566429104719290e-01 4.840999999999999748e-01
0.000000000000000000e+00 0.000000000000000000e+00 0.000000000000000000e+00 1.000000000000000000e+00
9.885123151974368749e-01 -1.059318174070289498e-01 1.078046973180998569e-01 -3.219999999999999946e-02
1.193183426738823882e-01 9.847746355474835678e-01 -1.264201340130557960e-01 2.230000000000000038e-02
-9.277141695889540296e-02 1.378309371772712399e-01 9.861014638221941020e-01 4.868999999999999995e-01
0.000000000000000000e+00 0.000000000000000000e+00 0.000000000000000000e+00 1.000000000000000000e+00
9.924369720590155985e-01 -3.187995724500770900e-03 1.227138670794509778e-01 1.239999999999999991e-01
1.212211720905434498e-01 -1.320965570072147877e-01 -9.837966899028653955e-01 -5.929999999999999855e-02
1.934641897942479538e-02 9.912317268480164145e-01 -1.307110544773177896e-01 4.426999999999999824e-01
0.000000000000000000e+00 0.000000000000000000e+00 0.000000000000000000e+00 1.000000000000000000e+00
-2.852302484598903121e-01 -2.076065369005569705e-02 -9.582341575115504995e-01 -1.136000000000000065e-01
9.305474591364213399e-01 2.335170681715540431e-01 -2.820482319875662336e-01 1.248999999999999971e-01
2.296195367521227659e-01 -9.721310478175889669e-01 -4.728735783290516359e-02 4.017000000000000015e-01
0.000000000000000000e+00 0.000000000000000000e+00 0.000000000000000000e+00 1.000000000000000000e+00
1.100022787436835126e-01 2.714662040071297300e-02 -9.935605465556776039e-01 -3.400000000000000244e-02
-9.545657990263674009e-01 -2.756558343223440843e-01 -1.132165903620372949e-01 1.560999999999999888e-01
-2.769542092121906052e-01 9.608729999354088669e-01 -4.409534530777303729e-03 4.300999999999999823e-01
0.000000000000000000e+00 0.000000000000000000e+00 0.000000000000000000e+00 1.000000000000000000e+00
