0.000000000000000000e+00 0.000000000000000000e+00 0.000000000000000000e+00 0.000000000000000000e+00
0.000000000000000000e+00 0.000000000000000000e+00 0.000000000000000000e+00 0.000000000000000000e+00
0.000000000000000000e+00 0.000000000000000000e+00 0.000000000000000000e+00 0.000000000000000000e+00
0.000000000000000000e+00 0.000000000000000000e+00 0.000000000000000000e+00 0.000000000000000000e+00
-9.973005650974386960e-01 -1.300544458700905910e-02 7.226646018329518917e-02 -6.130000000000000032e-02
2.534900965456952926e-02 8.626999172730596133e-01 5.050804692784989225e-01 -3.339999999999999913e-02
-6.891306527692767081e-02 5.055489206280143755e-01 -8.600414398655378267e-01 4.405999999999999917e-01
0.000000000000000000e+00 0.000000000000000000e+00 0.000000000000000000e+00 1.000000000000000000e+00
-9.267402886294315856e-01 -2.987679639426402134e-01 -2.277940762017473530e-01 1.279000000000000137e-01
3.564159335042434429e-01 -5.073678893697841641e-01 -7.845670826517955332e-01 -7.280000000000000360e-02
1.188281102068736855e-01 -8.082793629420584880e-01 5.766839270056374200e-01 4.117000000000000104e-01
0.000000000000000000e+00 0.000000000000000000e+00 0.000000000000000000e+00 1.000000000000000000e+00
1.504338954670829676e-01 4.995072937919016742e-01 8.531483496692057189e-01 -2.730000000000000135e-02
-8.255091214149297141e-01 -4.113661432134043672e-01 3.864098687643463537e-01 5.670000000000000040e-02
5.439708940332647069e-01 -7.624108863771682509e-01 3.504644158516398988e-01 5.255999999999999561e-01
0.000000000000000000e+00 0.000000000000000000e+00 0.000000000000000000e+00 1.000000000000000000e+00
-3.347318836759591854e-01 2.390244343394776205e-02 9.420102118600577334e-01 -9.599999999999999159e-03
-7.048151351263138853e-01 6.571766407640999841e-01 -2.671226087976996677e-01 5.689999999999999919e-02
-6.254519896423864633e-01 -7.533575087778046075e-01 -2.031311709720593495e-01 4.999000000000000110e-01
0.000000000000000000e+00 0.000000000000000000e+00 0.000000000000000000e+00 1.000000000000000000e+00
-3.937972575827319854e-01 2.363219033328423091e-02 -9.188934864827211779e-01 2.929999999999999966e-02
-7.144037775454229466e-01 -6.369094948858180505e-01 2.897818799599481965e-01 7.480000000000000537e-02
-5.784038057872278316e-01 7.705762875305360859e-01 2.676961384602090099e-01 5.145999999999999464e-01
0.000000000000000000e+00 0.000000000000000000e+00 0.000000000000000000e+00 1.000000000000000000e+00
-9.772324305440041048e-01 2.022913509132009402e-01 6.399207793758698859e-02 6.250000000000000000e-02
1.961785644835868370e-01 7.466171225099880182e-01 6.356703888117368750e-01 -1.222000000000000031e-01
8.081304059504987314e-02 6.337515930714633372e-01 -7.693036921458034083e-01 3.744000000000000106e-01
0.000000000000000000e+00 0.000000000000000000e+00 0.000000000000000000e+00 1.000000000000000000e+00
8.474374376160120903e-02 9.897201669444889438e-01 1.152062890498657954e-01 4.680000000000000132e-02
-7.000059919026916377e-01 1.414186633609068044e-01 -6.999945520884741645e-01 -9.299999999999999239e-03
-7.090910443614395486e-01 -2.132493368307697423e-02 7.047943941390392153e-01 4.732999999999999985e-01
0.000000000000000000e+00 0.000000000000000000e+00 0.000000000000000000e+00 1.000000000000000000e+00
1.139680026415305081e-01 1.121576702532722791e-01 -9.871331983968822943e-01 -4.449999999999999789e-02
-7.706072330297712991e-01 -6.171349293513581635e-01 -1.590879359872834908e-01 -1.165000000000000063e-01
-6.270373089187755156e-01 7.788229169572840060e-01 1.609587667844325498e-02 3.584999999999999853e-01
0.000000000000000000e+00 0.000000000000000000e+00 0.000000000000000000e+00 1.000000000000000000e+00
9.607573725076947735e-01 -8.773659715138867887e-03 -2.772513193247483354e-01 1.262999999999999956e-01
2.186243091423534790e-01 6.391288093772893308e-01 7.373722102683263335e-01 1.207000000000000017e-01
1.707298527620149386e-01 -7.690496654437678492e-01 6.159658508851681979e-01 4.395000000000000018e-01
0.000000000000000000e+00 0.000000000000000000e+00 0.000000000000000000e+00 1.000000000000000000e+00
-9.941196092346906710e-01 -3.484937876544335483e-02 -1.025266957173995297e-01 1.628000000000000003e-01
-5.620393256457747316e-02 -6.432345189390547002e-01 7.636036089552741268e-01 4.580000000000000043e-02
-9.255982119333416858e-02 7.648757248369865147e-01 6.374933764799071145e-01 4.053999999999999826e-01
0.000000000000000000e+00 0.000000000000000000e+00 0.000000000000000000e+00 1.000000000000000000e+00
