0.000000000000000000e+00 0.000000000000000000e+00 0.000000000000000000e+00 0.000000000000000000e+00
0.000000000000000000e+00 0.000000000000000000e+00 0.000000000000000000e+00 0.000000000000000000e+00
0.000000000000000000e+00 0.000000000000000000e+00 0.000000000000000000e+00 0.000000000000000000e+00
0.000000000000000000e+00 0.000000000000000000e+00 0.000000000000000000e+00 0.000000000000000000e+00
-8.688530288978730809e-01 -4.784431071312073569e-01 1.272265986876494337e-01 -5.160000000000000003e-02
-4.124770902993260546e-01 8.417076656838783366e-01 3.484119049447051419e-01 -5.399999999999999939e-02
-2.737828777575285200e-01 2.502406816799231382e-01 -9.286670754792452076e-01 4.247000000000000219e-01
0.000000000000000000e+00 0.000000000000000000e+00 0.000000000000000000e+00 1.000000000000000000e+00
-9.840140329274755793e-01 1.599177459555246594e-01 -7.837536303143421978e-02 1.383000000000000063e-01
-5.808610938783596855e-02 -7.042150128209969662e-01 -7.076066842630214238e-01 -1.310000000000000053e-02
-1.683519732524367818e-01 -6.917423871977393945e-01 7.022464544986919410e-01 4.459000000000000186e-01
0.000000000000000000e+00 0.000000000000000000e+00 0.000000000000000000e+00 1.000000000000000000e+00
2.799882061658681698e-01 8.150973116309878641e-01 5.071715459092273059e-01 -7.969999999999999307e-02
-5.881009629157991636e-01 -2.719333126396596967e-01 7.617017335508241560e-01 5.390000000000000346e-02
7.587778738376133036e-01 -5.115355765230383822e-01 4.032213934375428188e-01 4.884999999999999898e-01
0.000000000000000000e+00 0.000000000000000000e+00 0.000000000000000000e+00 1.000000000000000000e+00
1.481727672686057318e-01 -3.009967183966177906e-03 9.889569106576457935e-01 -5.670000000000000040e-02
-8.673714435518107280e-01 4.799962405908653196e-01 1.314168479666287803e-01 5.770000000000000129e-02
-4.750911596218260202e-01 -8.772653812365945880e-01 6.851161166547570236e-02 4.677000000000000046e-01
0.000000000000000000e+00 0.000000000000000000e+00 0.000000000000000000e+00 1.000000000000000000e+00
8.584116946187336783e-02 3.222450052024189437e-02 -9.957875652927379306e-01 -3.330000000000000321e-02
-8.938898647070969705e-01 -4.388991570630653705e-01 -9.126028546557524157e-02 9.239999999999999603e-02
-4.399911401373278186e-01 8.979583016463243972e-01 -8.870462507831078369e-03 4.848000000000000087e-01
0.000000000000000000e+00 0.000000000000000000e+00 0.000000000000000000e+00 1.000000000000000000e+00
-9.580883037384604339e-01 -2.829200137827569406e-01 4.497852866340165678e-02 1.097000000000000058e-01
-2.285367004100359589e-01 8.495166450668212299e-01 4.754917941669508652e-01 -9.070000000000000284e-02
-1.727361537294763993e-01 4.452838819849390672e-01 -8.785695678995317781e-01 4.103999999999999870e-01
0.000000000000000000e+00 0.000000000000000000e+00 0.000000000000000000e+00 1.000000000000000000e+00
5.407485351089382775e-01 8.266839910073152664e-01 1.555139890484275311e-01 2.520000000000000018e-02
-6.974713948890728377e-01 5.439838497254108063e-01 -4.664924699814699816e-01 1.859999999999999848e-02
-4.702389553078608619e-01 1.437885609154595234e-01 8.707469062022745732e-01 4.712000000000000077e-01
0.000000000000000000e+00 0.000000000000000000e+00 0.000000000000000000e+00 1.000000000000000000e+00
5.688182939181753994e-01 1.006325591325374913e-01 -8.162835515594153435e-01 1.799999999999999864e-02
-7.352189995216351637e-01 -3.826371957306848870e-01 -5.595013844359668642e-01 -1.335999999999999965e-01
-3.686445052437675174e-01 9.184017990432042922e-01 -1.436640674204370249e-01 3.721999999999999753e-01
0.000000000000000000e+00 0.000000000000000000e+00 0.000000000000000000e+00 1.000000000000000000e+00
7.167406920633822009e-01 -2.052102186944765316e-02 -6.970377808999578262e-01 5.709999999999999798e-02
6.299988390983284336e-01 4.476015881454841194e-01 6.346292469027873251e-01 1.630999999999999950e-01
2.989719770735418392e-01 -8.939975984034153056e-01 3.337424920109266502e-01 4.215999999999999748e-01
0.000000000000000000e+00 0.000000000000000000e+00 0.000000000000000000e+00 1.000000000000000000e+00
-8.290237284107608851e-01 -1.536975300284185164e-02 -5.590021721107643060e-01 1.269000000000000128e-01
-4.873479680722390128e-01 -4.703738106410755293e-01 7.356904486799142884e-01 1.066000000000000003e-01
-2.742473623351386891e-01 8.823334114469569833e-01 3.824606323487345083e-01 4.163000000000000034e-01
0.000000000000000000e+00 0.000000000000000000e+00 0.000000000000000000e+00 1.000000000000000000e+00
