0.000000000000000000e+00 0.000000000000000000e+00 0.000000000000000000e+00 0.000000000000000000e+00
0.000000000000000000e+00 0.000000000000000000e+00 0.000000000000000000e+00 0.000000000000000000e+00
0.000000000000000000e+00 0.000000000000000000e+00 0.000000000000000000e+00 0.000000000000000000e+00
0.000000000000000000e+00 0.000000000000000000e+00 0.000000000000000000e+00 0.000000000000000000e+00
9.690808499023085831e-01 -2.438179123367696099e-01 -3.788313577779241215e-02 6.779999999999999916e-02
-1.820821236872595394e-01 -8.102596078901374010e-01 5.570686385493788251e-01 -3.389999999999999958e-02
-1.665184872203589461e-01 -5.329467078850007589e-01 -8.296019527269586913e-01 4.354999999999999982e-01
0.000000000000000000e+00 0.000000000000000000e+00 0.000000000000000000e+00 1.000000000000000000e+00
8.034319624818859751e-01 5.199151946413849146e-01 2.901469835161419875e-01 -1.023000000000000020e-01
-4.700672388657271550e-01 8.529863667848758269e-01 -2.268282368319446962e-01 5.220000000000000334e-02
-3.654228682056678279e-01 4.585246405754285492e-02 9.297116106256794188e-01 4.784999999999999809e-01
0.000000000000000000e+00 0.000000000000000000e+00 0.000000000000000000e+00 1.000000000000000000e+00
-6.176723253904858879e-02 -2.779921883467311172e-01 -9.585954058948241707e-01 3.099999999999999891e-03
-9.309362941780313649e-02 9.578470740177610354e-01 -2.717766711059551588e-01 -1.383999999999999952e-01
9.937395962455596310e-01 7.245223263509123490e-02 -8.504286472069710889e-02 3.986000000000000099e-01
0.000000000000000000e+00 0.000000000000000000e+00 0.000000000000000000e+00 1.000000000000000000e+00
5.663196227891131862e-01 -3.917808456444193954e-02 -8.232540085136894614e-01 -1.000000000000000021e-02
7.678703449678929704e-01 3.879719718699474740e-01 5.097576702338409982e-01 -1.118999999999999995e-01
2.994281519211001719e-01 -9.208381110342934717e-01 2.497998300718164977e-01 3.886000000000000010e-01
0.000000000000000000e+00 0.000000000000000000e+00 0.000000000000000000e+00 1.000000000000000000e+00
6.180443644418870397e-01 -1.381943986350608888e-02 7.860217469405555990e-01 -5.340000000000000302e-02
7.168012160132746224e-01 -4.006767519605638483e-01 -5.706611579214265761e-01 -1.232000000000000040e-01
3.228268580888441486e-01 9.161152566790881080e-01 -2.377302172133228808e-01 3.840000000000000080e-01
0.000000000000000000e+00 0.000000000000000000e+00 0.000000000000000000e+00 1.000000000000000000e+00
8.910584329663354675e-01 -4.482855530101005348e-01 -7.109804499426757018e-02 -2.309999999999999901e-02
-3.808018818088328983e-01 -8.235881221117684614e-01 4.203481080334033892e-01 9.039999999999999425e-02
-2.469914894291506124e-01 -3.474804571178621293e-01 -9.045731236725589319e-01 4.976999999999999758e-01
0.000000000000000000e+00 0.000000000000000000e+00 0.000000000000000000e+00 1.000000000000000000e+00
1.732840107522000128e-01 -9.817240197996952578e-01 -7.868036963537436423e-02 -4.669999999999999846e-02
9.366543346881244236e-01 1.889642557945266921e-01 -2.949087440920796777e-01 -4.760000000000000342e-02
3.043867752179428843e-01 -2.259333929166754129e-02 9.522805427457148308e-01 4.413000000000000256e-01
0.000000000000000000e+00 0.000000000000000000e+00 0.000000000000000000e+00 1.000000000000000000e+00
1.468024772308693660e-01 -1.044225820751307210e-01 9.836386313233344003e-01 8.150000000000000300e-02
9.014032180672215677e-01 -3.953724034183463409e-01 -1.765018443905244649e-01 7.720000000000000473e-02
4.073343480937211547e-01 9.125659356824376012e-01 3.608520327087560986e-02 4.733999999999999875e-01
0.000000000000000000e+00 0.000000000000000000e+00 0.000000000000000000e+00 1.000000000000000000e+00
-9.998087189559512478e-01 -1.347186493818460298e-03 1.951180637998774225e-02 -1.448000000000000120e-01
-1.840877569032908778e-02 4.017904425671415813e-01 -9.155465893329970406e-01 -5.439999999999999697e-02
-6.606245321088678388e-03 -9.157306510924767551e-01 -4.017383877257760805e-01 3.200999999999999956e-01
0.000000000000000000e+00 0.000000000000000000e+00 0.000000000000000000e+00 1.000000000000000000e+00
9.864315834197028288e-01 4.508112798830371526e-02 -1.578620382846996351e-01 -1.592999999999999972e-01
-1.262337463947224570e-01 -4.065092651436357229e-01 -9.048841133667526737e-01 1.569999999999999868e-02
-1.049655777064590345e-01 9.125337852658845783e-01 -3.953028184127527211e-01 3.749000000000000110e-01
0.000000000000000000e+00 0.000000000000000000e+00 0.000000000000000000e+00 1.000000000000000000e+00
