0.000000000000000000e+00 0.000000000000000000e+00 0.000000000000000000e+00 0.000000000000000000e+00
0.000000000000000000e+00 0.000000000000000000e+00 0.000000000000000000e+00 0.000000000000000000e+00
0.000000000000000000e+00 0.000000000000000000e+00 0.000000000000000000e+00 0.000000000000000000e+00
0.000000000000000000e+00 0.000000000000000000e+00 0.000000000000000000e+00 0.000000000000000000e+00
8.036697628817816019e-01 -5.943236779579071927e-01 2.990448207421225746e-02 5.709999999999999798e-02
-5.179820993279106167e-01 -6.739308363586917761e-01 5.267938615632543620e-01 -5.449999999999999983e-02
-2.929325127147745511e-01 -4.388582842142330631e-01 -8.494668618440324170e-01 4.234999999999999876e-01
0.000000000000000000e+00 0.000000000000000000e+00 0.000000000000000000e+00 1.000000000000000000e+00
5.182153012198240649e-01 7.870652164369580372e-01 3.346359912751337706e-01 -6.279999999999999472e-02
-7.293366676480650401e-01 6.110419545537117969e-01 -3.077267537917289797e-01 8.699999999999999400e-02
-4.466776542493062774e-01 -8.459358634213359762e-02 8.906868127148359626e-01 4.848999999999999977e-01
0.000000000000000000e+00 0.000000000000000000e+00 0.000000000000000000e+00 1.000000000000000000e+00
6.716651051545730056e-02 9.190519949981351688e-02 -9.934999215752745583e-01 -4.519999999999999712e-02
-5.649263889937777838e-02 9.945014403662976177e-01 8.817860772060251429e-02 -1.293999999999999873e-01
9.961411755445920280e-01 5.020278293340788012e-02 7.198915870031863395e-02 4.030000000000000249e-01
0.000000000000000000e+00 0.000000000000000000e+00 0.000000000000000000e+00 1.000000000000000000e+00
8.399780264393326146e-01 -4.503697938380693544e-02 -5.407481720607720810e-01 -4.959999999999999826e-02
5.170769344322874161e-01 3.685932502180822024e-01 7.725091972085369463e-01 -1.000000000000000056e-01
1.645246455008845810e-01 -9.284991579865071731e-01 3.328978141129128598e-01 3.934000000000000274e-01
0.000000000000000000e+00 0.000000000000000000e+00 0.000000000000000000e+00 1.000000000000000000e+00
8.733850445724022915e-01 -8.897771118394431911e-03 4.869490667270936490e-01 -9.450000000000000067e-02
4.512361870291066168e-01 -3.614354381164717189e-01 -8.159352471789581562e-01 -9.510000000000000397e-02
1.832606543497429796e-01 9.323546823729041977e-01 -3.116573099168784555e-01 3.957999999999999852e-01
0.000000000000000000e+00 0.000000000000000000e+00 0.000000000000000000e+00 1.000000000000000000e+00
6.491318298442516621e-01 -7.582633818770937451e-01 -6.053520618091784433e-02 2.680000000000000090e-02
-6.762468934599145109e-01 -6.116924522090123606e-01 4.105148998469367316e-01 9.460000000000000353e-02
-3.483073449826584733e-01 -2.255415429911706293e-01 -9.098422972231470229e-01 4.899999999999999911e-01
0.000000000000000000e+00 0.000000000000000000e+00 0.000000000000000000e+00 1.000000000000000000e+00
5.374115024927235140e-01 -8.429129340096433998e-01 -2.620424904033462343e-02 -5.249999999999999806e-02
8.152920828609934167e-01 5.272438509101631254e-01 -2.394007963679418427e-01 -2.639999999999999986e-02
2.156100568449820232e-01 1.072926248941475647e-01 9.705671517368735790e-01 4.465999999999999970e-01
0.000000000000000000e+00 0.000000000000000000e+00 0.000000000000000000e+00 1.000000000000000000e+00
5.168943153555264347e-01 -9.146452775312008399e-02 8.511489334517433614e-01 1.147999999999999993e-01
7.925968211555419751e-01 -3.245268046603015932e-01 -5.162098721945406199e-01 4.460000000000000075e-02
3.234355358448902651e-01 9.414438874515426159e-01 -9.525156656378741538e-02 4.516999999999999904e-01
0.000000000000000000e+00 0.000000000000000000e+00 0.000000000000000000e+00 1.000000000000000000e+00
-9.299415627329956635e-01 -4.417249156747571348e-03 -3.676808096863387054e-01 -1.645000000000000073e-01
3.403590760022487394e-01 3.680744583256017055e-01 -8.652611701164051317e-01 1.399999999999999986e-03
1.391559890360808960e-01 -9.297858253588308086e-01 -3.407842861359486886e-01 3.415000000000000258e-01
0.000000000000000000e+00 0.000000000000000000e+00 0.000000000000000000e+00 1.000000000000000000e+00
8.490491377263169603e-01 4.261748843825086119e-02 -5.265921680061460552e-01 -1.446000000000000063e-01
-4.715907578330709171e-01 -3.881770753360440640e-01 -7.917832502080257573e-01 7.240000000000000602e-02
-2.381548211828337647e-01 9.205988854342430638e-01 -3.094833974296549162e-01 3.931000000000000050e-01
0.000000000000000000e+00 0.000000000000000000e+00 0.000000000000000000e+00 1.000000000000000000e+00
