0.000000000000000000e+00 0.000000000000000000e+00 0.000000000000000000e+00 0.000000000000000000e+00
0.000000000000000000e+00 0.000000000000000000e+00 0.000000000000000000e+00 0.000000000000000000e+00
0.000000000000000000e+00 0.000000000000000000e+00 0.000000000000000000e+00 0.000000000000000000e+00
0.000000000000000000e+00 0.000000000000000000e+00 0.000000000000000000e+00 0.000000000000000000e+00
7.585643299522818461e-01 -6.499979365235030171e-01 4.563814018158338093e-02 5.299999999999999850e-02
-4.870621923616290649e-01 -5.190996774546736692e-01 7.023574201489845015e-01 -6.060000000000000109e-02
-4.328401299509199163e-01 -5.550118984144770673e-01 -7.103599190005225328e-01 4.027000000000000024e-01
0.000000000000000000e+00 0.000000000000000000e+00 0.000000000000000000e+00 1.000000000000000000e+00
4.553200832116014452e-01 8.252245781056337659e-01 3.341975725743066006e-01 -5.530000000000000193e-02
-6.401902226308522348e-01 5.643204450229106772e-01 -5.212474596360194834e-01 7.040000000000000424e-02
-6.187407378474767405e-01 2.338441830627230322e-02 7.852471383637366076e-01 4.989999999999999991e-01
0.000000000000000000e+00 0.000000000000000000e+00 0.000000000000000000e+00 1.000000000000000000e+00
8.754964722167268842e-02 1.616496475957101830e-01 -9.829569933133104342e-01 -5.469999999999999862e-02
-2.843504148505430762e-01 9.497473476993986141e-01 1.308618245031057392e-01 -1.224999999999999978e-01
9.547145651165507285e-01 2.680473222588509730e-01 1.291151895950859441e-01 3.700999999999999845e-01
0.000000000000000000e+00 0.000000000000000000e+00 0.000000000000000000e+00 1.000000000000000000e+00
8.776110479858927338e-01 -4.208518169788744157e-02 -4.775224454772349914e-01 -5.729999999999999677e-02
4.133317528003007668e-01 5.709881729499770575e-01 7.093161273214350082e-01 -9.149999999999999800e-02
2.428079705860869686e-01 -8.198788592424510746e-01 5.185006707682864313e-01 3.674000000000000044e-01
0.000000000000000000e+00 0.000000000000000000e+00 0.000000000000000000e+00 1.000000000000000000e+00
9.068469501835740854e-01 -1.114096611441298124e-02 4.213128146838021060e-01 -1.016999999999999987e-01
3.429244077135878976e-01 -5.616357464750569850e-01 -7.529728672905089404e-01 -8.450000000000000566e-02
2.450131823740004655e-01 8.273095957109666276e-01 -5.054971545988382609e-01 3.726999999999999758e-01
0.000000000000000000e+00 0.000000000000000000e+00 0.000000000000000000e+00 1.000000000000000000e+00
5.920844609241922019e-01 -8.040544619697185258e-01 -5.415176191681222995e-02 3.459999999999999881e-02
-6.189138056822129919e-01 -4.967295627485031062e-01 6.084451023943252546e-01 7.109999999999999654e-02
-5.161217804627786787e-01 -3.267356174007776115e-01 -7.917462624184998798e-01 5.020999999999999908e-01
0.000000000000000000e+00 0.000000000000000000e+00 0.000000000000000000e+00 1.000000000000000000e+00
5.978413509749922472e-01 -8.013920553534047420e-01 -1.888101376625919703e-02 -5.369999999999999774e-02
7.105350868269045828e-01 5.406720547989892767e-01 -4.503483313473271576e-01 -3.180000000000000188e-02
3.711140113931020723e-01 2.558212320662304751e-01 8.926532853083757324e-01 4.359000000000000097e-01
0.000000000000000000e+00 0.000000000000000000e+00 0.000000000000000000e+00 1.000000000000000000e+00
5.783424873196152394e-01 -9.057465444627610385e-02 8.107503927429811075e-01 1.180999999999999966e-01
6.654650595095940036e-01 -5.224823544406977938e-01 -5.330745199969670889e-01 2.570000000000000062e-02
4.718858145069133592e-01 8.478257021758905942e-01 -2.418994766366897586e-01 4.501000000000000001e-01
0.000000000000000000e+00 0.000000000000000000e+00 0.000000000000000000e+00 1.000000000000000000e+00
-9.004185289248725077e-01 -1.801559413556919065e-03 -4.350209502454432942e-01 -1.661999999999999866e-01
3.570415726919104471e-01 5.682384801399128493e-01 -7.413678877979333892e-01 2.589999999999999941e-02
2.485312618936625639e-01 -8.228619471527173213e-01 -5.110092247597715076e-01 3.442999999999999949e-01
0.000000000000000000e+00 0.000000000000000000e+00 0.000000000000000000e+00 1.000000000000000000e+00
8.082764934624856457e-01 3.824126523923504495e-02 -5.875599677895787520e-01 -1.401999999999999913e-01
-4.572127417604096022e-01 -5.880086080856812281e-01 -6.672348803750209889e-01 8.210000000000000631e-02
-3.710062248641083915e-01 8.079501732471143782e-01 -4.577891421408337713e-01 4.097000000000000086e-01
0.000000000000000000e+00 0.000000000000000000e+00 0.000000000000000000e+00 1.000000000000000000e+00
