0.000000000000000000e+00 0.000000000000000000e+00 0.000000000000000000e+00 0.000000000000000000e+00
0.000000000000000000e+00 0.000000000000000000e+00 0.000000000000000000e+00 0.000000000000000000e+00
0.000000000000000000e+00 0.000000000000000000e+00 0.000000000000000000e+00 0.000000000000000000e+00
0.000000000000000000e+00 0.000000000000000000e+00 0.000000000000000000e+00 0.000000000000000000e+00
9.340203663187069960e-01 -3.571347303037812337e-01 -7.793568676402878870e-03 6.320000000000000617e-02
-1.739393381475399791e-01 -4.737460713718519845e-01 8.633132493507392757e-01 -4.839999999999999858e-02
-3.120113170169699357e-01 -8.049965492289897773e-01 -5.046082577433255167e-01 4.072999999999999954e-01
0.000000000000000000e+00 0.000000000000000000e+00 0.000000000000000000e+00 1.000000000000000000e+00
7.283868496067427145e-01 6.159048781149250029e-01 3.001895708285077236e-01 -9.389999999999999736e-02
-3.314535979458479997e-01 7.001924187508165032e-01 -6.323520294366369310e-01 2.460000000000000034e-02
-5.996591612980797237e-01 3.610979892468532682e-01 7.141548378560232946e-01 4.974999999999999978e-01
0.000000000000000000e+00 0.000000000000000000e+00 0.000000000000000000e+00 1.000000000000000000e+00
-3.099133672379728033e-02 -1.630328329555267297e-01 -9.861337801873369946e-01 -1.450000000000000074e-02
-5.103767428722618682e-01 8.508717359992656881e-01 -1.246309320060509929e-01 -1.204999999999999960e-01
8.593922953943519127e-01 4.994372675883239632e-01 -1.095778187441944773e-01 3.348999999999999755e-01
0.000000000000000000e+00 0.000000000000000000e+00 0.000000000000000000e+00 1.000000000000000000e+00
6.627547003095773936e-01 -3.228312236514763178e-02 -7.481403659928523853e-01 -2.489999999999999852e-02
5.095414579434616176e-01 7.515603365811054370e-01 4.189565169739540851e-01 -9.120000000000000329e-02
5.487474007723532887e-01 -6.588739336841703542e-01 5.145497348722801734e-01 3.383999999999999786e-01
0.000000000000000000e+00 0.000000000000000000e+00 0.000000000000000000e+00 1.000000000000000000e+00
7.091051833923429637e-01 -2.172603512268483916e-02 7.047679180297294899e-01 -6.959999999999999520e-02
4.493143926863034099e-01 -7.563825307956641986e-01 -4.753967223615291338e-01 -9.569999999999999341e-02
5.434026273501537663e-01 6.537686490686092089e-01 -5.265929529379935747e-01 3.331999999999999962e-01
0.000000000000000000e+00 0.000000000000000000e+00 0.000000000000000000e+00 1.000000000000000000e+00
8.304395870854648365e-01 -5.539128953752993079e-01 -5.958688226678199307e-02 -1.020000000000000073e-02
-3.103046155487985125e-01 -5.487242239412641887e-01 7.762813740063393420e-01 4.370000000000000273e-02
-4.626890292306864438e-01 -6.261646990984165440e-01 -6.275640460005296184e-01 5.242999999999999883e-01
0.000000000000000000e+00 0.000000000000000000e+00 0.000000000000000000e+00 1.000000000000000000e+00
2.921276080497278160e-01 -9.535936693826929655e-01 -7.294226709114659535e-02 -5.179999999999999882e-02
6.922484772012817977e-01 2.634572325132056303e-01 -6.718499329827972710e-01 -5.340000000000000302e-02
6.598890106886544649e-01 1.457717405731792093e-01 7.370868966564354530e-01 4.166000000000000258e-01
0.000000000000000000e+00 0.000000000000000000e+00 0.000000000000000000e+00 1.000000000000000000e+00
2.660440183039266548e-01 -1.114109290612145253e-01 9.575010105532094640e-01 9.120000000000000329e-02
6.180915991866300363e-01 -7.425156018556546833e-01 -2.581343758894772966e-01 3.350000000000000200e-02
7.397184297687969812e-01 6.604984374596601926e-01 -1.286796750607228645e-01 4.877000000000000224e-01
0.000000000000000000e+00 0.000000000000000000e+00 0.000000000000000000e+00 1.000000000000000000e+00
-9.946913501354610609e-01 6.921399696606864160e-03 -1.026704056285637212e-01 -1.549000000000000099e-01
7.212262290957199840e-02 7.585586455893540414e-01 -6.476010411250807675e-01 1.600000000000000077e-03
7.339921818614747462e-02 -6.515680128949583594e-01 -7.550309128385259694e-01 3.131999999999999784e-01
0.000000000000000000e+00 0.000000000000000000e+00 0.000000000000000000e+00 1.000000000000000000e+00
9.602242168023947810e-01 3.565931924899790745e-02 -2.769437964947500941e-01 -1.590999999999999914e-01
-1.520190976340508593e-01 -7.651826973780939678e-01 -6.256082109337389729e-01 4.179999999999999688e-02
-2.342213641424633341e-01 6.428249004074769735e-01 -7.293260587661469785e-01 3.936999999999999944e-01
0.000000000000000000e+00 0.000000000000000000e+00 0.000000000000000000e+00 1.000000000000000000e+00
