0.000000000000000000e+00 0.000000000000000000e+00 0.000000000000000000e+00 0.000000000000000000e+00
0.000000000000000000e+00 0.000000000000000000e+00 0.000000000000000000e+00 0.000000000000000000e+00
0.000000000000000000e+00 0.000000000000000000e+00 0.000000000000000000e+00 0.000000000000000000e+00
0.000000000000000000e+00 0.000000000000000000e+00 0.000000000000000000e+00 0.000000000000000000e+00
-1.791531043000913481e-01 -9.708440740803002678e-01 1.592669113243709578e-01 -6.599999999999999964e-03
-7.445954434008458245e-01 2.396104670876997300e-01 6.230284501760029459e-01 -7.879999999999999505e-02
-6.430254978508538333e-01 -6.971935540347584670e-03 -7.658130328144610033e-01 3.809000000000000163e-01
0.000000000000000000e+00 0.000000000000000000e+00 0.000000000000000000e+00 1.000000000000000000e+00
-5.325781412829957429e-01 8.232402080191847382e-01 1.965606352454074002e-01 7.969999999999999307e-02
-5.910166727081549443e-01 -1.954854062957944727e-01 -7.826140482423946665e-01 6.019999999999999657e-02
-6.058546162310973759e-01 -5.329737477830376324e-01 5.906599429160339643e-01 4.874999999999999889e-01
0.000000000000000000e+00 0.000000000000000000e+00 0.000000000000000000e+00 1.000000000000000000e+00
3.242667045049505425e-01 8.839034149801308082e-01 -3.369953372614552523e-01 -1.204999999999999960e-01
-4.945629515701464030e-01 4.620882942958536299e-01 7.361262766733529528e-01 -3.790000000000000313e-02
8.063861303889868770e-01 -7.203583317496548011e-02 5.869857301971355135e-01 4.233999999999999986e-01
0.000000000000000000e+00 0.000000000000000000e+00 0.000000000000000000e+00 1.000000000000000000e+00
8.538822974711393066e-01 -3.211648790636117967e-02 5.194743047254304358e-01 -1.014000000000000040e-01
-3.893955238828619714e-01 6.228247898043397512e-01 6.785723301057680068e-01 -1.439999999999999961e-02
-3.453348346828050142e-01 -7.817018692633019850e-01 5.193130458065340349e-01 4.157000000000000139e-01
0.000000000000000000e+00 0.000000000000000000e+00 0.000000000000000000e+00 1.000000000000000000e+00
8.201323664496533716e-01 1.567142152857783910e-02 -5.719591839012335699e-01 -1.160999999999999949e-01
-4.579273613991531322e-01 -5.813583966740121234e-01 -6.725510733755700743e-01 1.969999999999999876e-02
-3.430531054861636342e-01 8.134966632776655659e-01 -4.696144649096782864e-01 4.414000000000000146e-01
0.000000000000000000e+00 0.000000000000000000e+00 0.000000000000000000e+00 1.000000000000000000e+00
-3.972413450183656103e-01 -9.177110424544576706e-01 2.399242620664765457e-03 1.269000000000000128e-01
-6.973211444271694148e-01 3.035406939882383526e-01 6.493121503775527437e-01 -2.299999999999999961e-03
-5.966091981714520820e-01 2.562605893427457038e-01 -7.605182279254889544e-01 4.434000000000000163e-01
0.000000000000000000e+00 0.000000000000000000e+00 0.000000000000000000e+00 1.000000000000000000e+00
9.867438187880028799e-01 1.061112905413416907e-01 1.227885585195949841e-01 -2.319999999999999840e-02
-2.756429680393731457e-02 8.552114607406683389e-01 -5.175457148499219562e-01 6.100000000000000387e-03
-1.599276262106503199e-01 5.073004547972169709e-01 8.467995057492436750e-01 4.571999999999999953e-01
0.000000000000000000e+00 0.000000000000000000e+00 0.000000000000000000e+00 1.000000000000000000e+00
9.959404590392009204e-01 1.350903563326285792e-02 -8.899498865130002490e-02 1.107000000000000067e-01
-7.000707578055469227e-02 -5.052321824560346286e-01 -8.601392045194592439e-01 -7.760000000000000231e-02
-5.658278350736607731e-02 8.628777131013244395e-01 -5.022354436353402285e-01 3.672000000000000264e-01
0.000000000000000000e+00 0.000000000000000000e+00 0.000000000000000000e+00 1.000000000000000000e+00
-7.658575866835337642e-02 -1.533565104734618822e-02 -9.969450533385211255e-01 -8.530000000000000082e-02
8.015589621625038852e-01 5.937200129875180865e-01 -7.070909669251268515e-02 1.461999999999999966e-01
5.929906000487381590e-01 -8.045255521020170386e-01 -3.317806909363651968e-02 4.269000000000000017e-01
0.000000000000000000e+00 0.000000000000000000e+00 0.000000000000000000e+00 1.000000000000000000e+00
-1.020490403413021330e-01 1.214138129057013016e-02 -9.947052730461302117e-01 2.000000000000000096e-04
-7.744301438829304107e-01 -6.285744596896427616e-01 7.177813644375069524e-02 1.494999999999999940e-01
-6.243748438325197325e-01 7.776546376677957451e-01 7.354807205417412952e-02 4.551000000000000045e-01
0.000000000000000000e+00 0.000000000000000000e+00 0.000000000000000000e+00 1.000000000000000000e+00
