0.000000000000000000e+00 0.000000000000000000e+00 0.000000000000000000e+00 0.000000000000000000e+00
0.000000000000000000e+00 0.000000000000000000e+00 0.000000000000000000e+00 0.000000000000000000e+00
0.000000000000000000e+00 0.000000000000000000e+00 0.000000000000000000e+00 0.000000000000000000e+00
0.000000000000000000e+00 0.000000000000000000e+00 0.000000000000000000e+00 0.000000000000000000e+00
3.262228630307147936e-01 -9.386164394477922723e-01 1.121508949335323913e-01 2.730000000000000135e-02
-9.149399825196531388e-01 -2.836947592629381898e-01 2.870576805342090476e-01 -7.370000000000000162e-02
-2.376204368798695843e-01 -1.962561162488755395e-01 -9.513254252945873013e-01 4.341999999999999749e-01
0.000000000000000000e+00 0.000000000000000000e+00 0.000000000000000000e+00 1.000000000000000000e+00
-5.333768835765195782e-02 9.486945296626734248e-01 3.116629275175039626e-01 1.609999999999999973e-02
-9.509344393047185484e-01 4.699776411019562783e-02 -3.058020639447405209e-01 1.179000000000000048e-01
-3.047602059732910651e-01 -3.126817864167360517e-01 8.996395485406118997e-01 4.711000000000000187e-01
0.000000000000000000e+00 0.000000000000000000e+00 0.000000000000000000e+00 1.000000000000000000e+00
2.461888564734362461e-01 6.064755813905812198e-01 -7.560280524724318774e-01 -1.005999999999999950e-01
6.417439582371009532e-02 7.681244286697316292e-01 6.370765330801787529e-01 -8.069999999999999396e-02
9.670949766537739745e-01 -2.053587866582650412e-01 1.501834707059389595e-01 4.435000000000000053e-01
0.000000000000000000e+00 0.000000000000000000e+00 0.000000000000000000e+00 1.000000000000000000e+00
9.982398196964176185e-01 -4.976498312983877736e-02 3.226001901038727526e-02 -9.099999999999999756e-02
-2.234260998619425065e-02 1.883126627813034304e-01 9.818549530430755734e-01 -5.580000000000000238e-02
-5.493696525535879394e-02 -9.808474843166505863e-01 1.868693189323210602e-01 4.274000000000000021e-01
0.000000000000000000e+00 0.000000000000000000e+00 0.000000000000000000e+00 1.000000000000000000e+00
9.954577356608762528e-01 9.929219239152069221e-03 -9.468530571436073462e-02 -1.247999999999999943e-01
-9.208855176380281726e-02 -1.519397771811383802e-01 -9.840904443922779965e-01 -2.639999999999999986e-02
-2.415771402609347140e-02 9.883398781367909169e-01 -1.503352591296753804e-01 4.331999999999999740e-01
0.000000000000000000e+00 0.000000000000000000e+00 0.000000000000000000e+00 1.000000000000000000e+00
1.038477863786883004e-01 -9.939199553164149714e-01 -3.658906514331872195e-02 9.489999999999999825e-02
-9.661199511985268940e-01 -1.095460314434051341e-01 2.336919059170781132e-01 7.480000000000000537e-02
-2.362792355675848999e-01 1.108103870655756384e-02 -9.716220115975047200e-01 4.648999999999999799e-01
0.000000000000000000e+00 0.000000000000000000e+00 0.000000000000000000e+00 1.000000000000000000e+00
9.163098146101437136e-01 -3.946526425633591906e-01 6.801187666048839897e-02 -4.309999999999999942e-02
3.976010261097996379e-01 9.168221534556749708e-01 -3.675000638548414633e-02 1.389999999999999916e-02
-4.785130808617910070e-02 6.071598348586790261e-02 9.970074331035778670e-01 4.608999999999999764e-01
0.000000000000000000e+00 0.000000000000000000e+00 0.000000000000000000e+00 1.000000000000000000e+00
9.113667938995377860e-01 -3.662348393972278404e-02 4.099625439005302185e-01 1.328000000000000014e-01
4.066376414835682906e-01 -7.400913717198331909e-02 -9.105868855544424489e-01 -2.079999999999999905e-02
6.368983832573499315e-02 9.965848524030330724e-01 -5.255698293154131839e-02 4.312000000000000277e-01
0.000000000000000000e+00 0.000000000000000000e+00 0.000000000000000000e+00 1.000000000000000000e+00
-5.569623014944129480e-01 -1.682218316214229015e-02 -8.303673939092899303e-01 -1.441000000000000059e-01
8.175371755421201314e-01 1.651019492285575874e-01 -5.517012896192498017e-01 8.359999999999999376e-02
1.463760954550263338e-01 -9.861330338826451714e-01 -7.820280151472114305e-02 3.644000000000000017e-01
0.000000000000000000e+00 0.000000000000000000e+00 0.000000000000000000e+00 1.000000000000000000e+00
3.999296408794890123e-01 3.584795190060124925e-02 -9.158445319433506926e-01 -7.920000000000000651e-02
-8.942373020337246459e-01 -2.038587517656029746e-01 -3.984736590792614663e-01 1.380000000000000115e-01
-2.009873876576543372e-01 9.783437707028661556e-01 -4.947258159273015821e-02 3.946999999999999953e-01
0.000000000000000000e+00 0.000000000000000000e+00 0.000000000000000000e+00 1.000000000000000000e+00
