0.000000000000000000e+00 0.000000000000000000e+00 0.000000000000000000e+00 0.000000000000000000e+00
0.000000000000000000e+00 0.000000000000000000e+00 0.000000000000000000e+00 0.000000000000000000e+00
0.000000000000000000e+00 0.000000000000000000e+00 0.000000000000000000e+00 0.000000000000000000e+00
0.000000000000000000e+00 0.000000000000000000e+00 0.000000000000000000e+00 0.000000000000000000e+00
9.463625745521844213e-01 -3.225766028485291814e-01 -1.849899407166288867e-02 6.519999999999999407e-02
-2.084800040301328927e-01 -6.533662914158679946e-01 7.277695907092237571e-01 -4.390000000000000152e-02
-2.468480613789724165e-01 -6.848772331857567730e-01 -6.855721771318215030e-01 4.209999999999999853e-01
0.000000000000000000e+00 0.000000000000000000e+00 0.000000000000000000e+00 1.000000000000000000e+00
7.527058198305611736e-01 5.865715034628120605e-01 2.989445100994145288e-01 -9.619999999999999385e-02
-4.329713959346721541e-01 7.831094813877410576e-01 -4.464026326792938093e-01 4.220000000000000140e-02
-4.959533436681156648e-01 2.065754377606384695e-01 8.434197468748384496e-01 4.894999999999999907e-01
0.000000000000000000e+00 0.000000000000000000e+00 0.000000000000000000e+00 1.000000000000000000e+00
-3.930770709925002215e-02 -1.995360835205655103e-01 -9.791017595407913721e-01 -8.600000000000000006e-03
-3.057378990885162295e-01 9.352664619903771070e-01 -1.783282987552531340e-01 -1.330000000000000071e-01
9.513039688887774403e-01 2.923388384208920887e-01 -9.776892311559803872e-02 3.652000000000000246e-01
0.000000000000000000e+00 0.000000000000000000e+00 0.000000000000000000e+00 1.000000000000000000e+00
6.336012299394790936e-01 -3.570929647936182949e-02 -7.728352525371293691e-01 -1.980000000000000163e-02
6.408970956675661412e-01 5.837713372077871776e-01 4.984595656816214193e-01 -1.040999999999999981e-01
4.333594284010189868e-01 -8.111324626715300523e-01 3.927642216602234004e-01 3.618000000000000105e-01
0.000000000000000000e+00 0.000000000000000000e+00 0.000000000000000000e+00 1.000000000000000000e+00
6.818634206606969395e-01 -1.803872594379024585e-02 7.312570546197952881e-01 -6.419999999999999318e-02
5.826113966154624624e-01 -5.910833105908774865e-01 -5.578391170173604419e-01 -1.110000000000000014e-01
4.422965476902048776e-01 8.064087823847487790e-01 -3.925285207396695952e-01 3.568999999999999950e-01
0.000000000000000000e+00 0.000000000000000000e+00 0.000000000000000000e+00 1.000000000000000000e+00
8.505851889350672934e-01 -5.218594777825547038e-01 -6.455634603054194454e-02 -1.370000000000000037e-02
-3.785138763616915925e-01 -6.928655709500264326e-01 6.137300269611551951e-01 6.959999999999999520e-02
-3.650097009203205900e-01 -4.975941981581110674e-01 -7.868722464246944437e-01 5.129000000000000226e-01
0.000000000000000000e+00 0.000000000000000000e+00 0.000000000000000000e+00 1.000000000000000000e+00
2.553675003839497304e-01 -9.640403109253323777e-01 -7.357797672294003055e-02 -4.979999999999999705e-02
8.317015447366713499e-01 2.578413382564491707e-01 -4.917218571192027987e-01 -5.059999999999999915e-02
4.930111360104229568e-01 6.437486463761640798e-02 8.676381138312221353e-01 4.289000000000000035e-01
0.000000000000000000e+00 0.000000000000000000e+00 0.000000000000000000e+00 1.000000000000000000e+00
2.292561594935302871e-01 -1.080539639108440975e-01 9.673499647063780182e-01 8.870000000000000107e-02
7.763828598659907598e-01 -5.791239241635435242e-01 -2.486868218618012438e-01 5.469999999999999862e-02
5.870871044747808520e-01 8.080469177866913544e-01 -4.887648120359866510e-02 4.814999999999999836e-01
0.000000000000000000e+00 0.000000000000000000e+00 0.000000000000000000e+00 1.000000000000000000e+00
-9.978975707526418493e-01 3.127644498661801692e-03 -6.473527729040620682e-02 -1.517000000000000015e-01
5.396537727579256427e-02 5.932368392627002107e-01 -8.032171503379907929e-01 -2.350000000000000006e-02
3.589117358706961358e-02 -8.050219067711705812e-01 -5.921583852965788264e-01 3.138000000000000234e-01
0.000000000000000000e+00 0.000000000000000000e+00 0.000000000000000000e+00 1.000000000000000000e+00
9.698475651101566841e-01 4.015404900820115919e-02 -2.403816814945499702e-01 -1.590000000000000024e-01
-1.689108964868556717e-01 -6.002661185397240029e-01 -7.817606385469021424e-01 3.350000000000000200e-02
-1.756838339116807424e-01 7.987917371139366951e-01 -5.753841770683236767e-01 3.831999999999999851e-01
0.000000000000000000e+00 0.000000000000000000e+00 0.000000000000000000e+00 1.000000000000000000e+00
