0.000000000000000000e+00 0.000000000000000000e+00 0.000000000000000000e+00 0.000000000000000000e+00
0.000000000000000000e+00 0.000000000000000000e+00 0.000000000000000000e+00 0.000000000000000000e+00
0.000000000000000000e+00 0.000000000000000000e+00 0.000000000000000000e+00 0.000000000000000000e+00
0.000000000000000000e+00 0.000000000000000000e+00 0.000000000000000000e+00 0.000000000000000000e+00
-5.575275178505618712e-01 -8.136396825202686367e-01 1.647832936547506677e-01 -3.099999999999999978e-02
-6.132460005489733801e-01 5.374469351438809772e-01 5.788610668503604284e-01 -7.159999999999999698e-02
-5.595466107931311717e-01 2.216782779903467837e-01 -7.986027369206509796e-01 3.894000000000000239e-01
0.000000000000000000e+00 0.000000000000000000e+00 0.000000000000000000e+00 1.000000000000000000e+00
-8.227643966009265952e-01 5.642931313974016705e-01 6.805886822176324125e-02 1.181999999999999995e-01
-3.570740465196843849e-01 -4.200028022580877263e-01 -8.343235411981442251e-01 2.670000000000000151e-02
-4.422181282896154864e-01 -7.107537604213347571e-01 5.470577840219084109e-01 4.681000000000000161e-01
0.000000000000000000e+00 0.000000000000000000e+00 0.000000000000000000e+00 1.000000000000000000e+00
3.295459534810872837e-01 9.416306773067353308e-01 6.878322541942794022e-02 -1.120000000000000023e-01
-6.141253382863147703e-01 1.584523246704498955e-01 7.731383638659058422e-01 1.299999999999999940e-03
7.171119392528342296e-01 -2.970261408721278640e-01 6.304965806565887565e-01 4.571999999999999953e-01
0.000000000000000000e+00 0.000000000000000000e+00 0.000000000000000000e+00 1.000000000000000000e+00
5.742430658578229208e-01 -1.445930608566037279e-02 8.185571634172712496e-01 -8.880000000000000393e-02
-6.231344037644120926e-01 6.407660412795364024e-01 4.484667158085672289e-01 1.779999999999999985e-02
-5.309881506769984494e-01 -7.676000317942103246e-01 3.589453649654061884e-01 4.442999999999999727e-01
0.000000000000000000e+00 0.000000000000000000e+00 0.000000000000000000e+00 1.000000000000000000e+00
5.217954867714499345e-01 2.032814470677235530e-02 -8.528283745969795770e-01 -8.519999999999999796e-02
-6.772035970179427489e-01 -5.980802130060904886e-01 -4.285969516883541552e-01 5.330000000000000016e-02
-5.187723567914017675e-01 8.011783979510245235e-01 -2.983092631577579645e-01 4.718999999999999861e-01
0.000000000000000000e+00 0.000000000000000000e+00 0.000000000000000000e+00 1.000000000000000000e+00
-7.310774255177805436e-01 -6.816052384738213732e-01 3.066099775511493819e-02 1.307999999999999996e-01
-5.012521414854123059e-01 5.670359951761869688e-01 6.536179853942511997e-01 -4.519999999999999712e-02
-4.628953321805936438e-01 4.624764632493166272e-01 -7.562033009619972823e-01 4.156000000000000250e-01
0.000000000000000000e+00 0.000000000000000000e+00 0.000000000000000000e+00 1.000000000000000000e+00
8.570229412563452609e-01 4.938418028820334982e-01 1.470780469225294596e-01 -6.999999999999999929e-04
-3.328568873342925283e-01 7.484727316955372967e-01 -5.735807375272867770e-01 1.000000000000000021e-02
-3.933420530714317742e-01 4.426159098297788863e-01 8.058369473107497294e-01 4.650000000000000244e-01
0.000000000000000000e+00 0.000000000000000000e+00 0.000000000000000000e+00 1.000000000000000000e+00
8.762403123764838098e-01 5.463592300561989634e-02 -4.787669901775665204e-01 7.359999999999999876e-02
-3.815946136299721569e-01 -5.280426666007429493e-01 -7.586543963477497821e-01 -1.072000000000000036e-01
-2.942591813605046625e-01 8.474584698771382429e-01 -4.418434972007001527e-01 3.477000000000000091e-01
0.000000000000000000e+00 0.000000000000000000e+00 0.000000000000000000e+00 1.000000000000000000e+00
3.299096591820731561e-01 -1.376319608786952253e-02 -9.439121734630903093e-01 -1.949999999999999997e-02
7.513985469409705242e-01 6.091101112186603217e-01 2.537421842465087396e-01 1.638999999999999901e-01
5.714541455212013288e-01 -7.929662331049399659e-01 2.112929547381916517e-01 4.469000000000000195e-01
0.000000000000000000e+00 0.000000000000000000e+00 0.000000000000000000e+00 1.000000000000000000e+00
-4.919687206874450158e-01 -6.478355529414447922e-03 -8.705887713351192492e-01 6.650000000000000355e-02
-6.671961738353364701e-01 -6.395972927969255650e-01 3.817912632137230311e-01 1.381999999999999895e-01
-5.592996008264670138e-01 7.686828565516974354e-01 3.103395278704870197e-01 4.535000000000000142e-01
0.000000000000000000e+00 0.000000000000000000e+00 0.000000000000000000e+00 1.000000000000000000e+00
