0.000000000000000000e+00 0.000000000000000000e+00 0.000000000000000000e+00 0.000000000000000000e+00
0.000000000000000000e+00 0.000000000000000000e+00 0.000000000000000000e+00 0.000000000000000000e+00
0.000000000000000000e+00 0.000000000000000000e+00 0.000000000000000000e+00 0.000000000000000000e+00
0.000000000000000000e+00 0.000000000000000000e+00 0.000000000000000000e+00 0.000000000000000000e+00
-4.216819973114347420e-01 -8.924456168743346574e-01 1.603905049098201530e-01 -2.199999999999999872e-02
-8.189948361607024552e-01 4.507816935904159772e-01 3.550258061970431034e-01 -7.530000000000000582e-02
-3.891423280568988008e-01 1.834899576392107212e-02 -9.209948766789706198e-01 4.138000000000000012e-01
0.000000000000000000e+00 0.000000000000000000e+00 0.000000000000000000e+00 1.000000000000000000e+00
-7.271755127482544268e-01 6.749941779145902654e-01 1.248944892327893963e-01 1.057000000000000023e-01
-5.826365088658942426e-01 -5.106945926638650768e-01 -6.322386666128948507e-01 6.199999999999999956e-02
-3.629744787114868032e-01 -5.325165657566860444e-01 7.646408536030686598e-01 4.687999999999999945e-01
0.000000000000000000e+00 0.000000000000000000e+00 0.000000000000000000e+00 1.000000000000000000e+00
3.395332068169634177e-01 9.364709009065650402e-01 -8.797416225139925716e-02 -1.175999999999999962e-01
-3.374576141876207136e-01 2.085842937407338393e-01 9.179406032154140416e-01 6.999999999999999929e-04
8.779746921724953523e-01 -2.819837657737154779e-01 3.868405301215041003e-01 4.539000000000000257e-01
0.000000000000000000e+00 0.000000000000000000e+00 0.000000000000000000e+00 1.000000000000000000e+00
6.947842523771216028e-01 -2.730564656478878804e-02 7.186996899362370073e-01 -9.550000000000000155e-02
-6.527310551418674667e-01 3.956880624526195600e-01 6.460442143428546391e-01 1.619999999999999912e-02
-3.020215427782407258e-01 -9.179789534069779933e-01 2.570945911521295146e-01 4.380999999999999894e-01
0.000000000000000000e+00 0.000000000000000000e+00 0.000000000000000000e+00 1.000000000000000000e+00
6.488954868547543997e-01 2.463041709928448508e-02 -7.604787897719741396e-01 -9.890000000000000180e-02
-7.084466419175948770e-01 -3.450364797868863409e-01 -6.156729514701424488e-01 5.809999999999999887e-02
-2.775572061669707713e-01 9.382660444510333431e-01 -2.064432782509444397e-01 4.546000000000000041e-01
0.000000000000000000e+00 0.000000000000000000e+00 0.000000000000000000e+00 1.000000000000000000e+00
-6.161586812365986709e-01 -7.874876723528125844e-01 1.454803866935749923e-02 1.320000000000000062e-01
-7.117326241499146722e-01 5.646058511872010799e-01 4.179197345494138904e-01 -1.899999999999999953e-02
-3.373205467466401375e-01 2.471505587643399726e-01 -9.083674642153487522e-01 4.395999999999999908e-01
0.000000000000000000e+00 0.000000000000000000e+00 0.000000000000000000e+00 1.000000000000000000e+00
9.244420720769147559e-01 3.521684703188069920e-01 1.462334567992289447e-01 -9.400000000000000369e-03
-2.973429922582758178e-01 9.058287720122857323e-01 -3.017637830317106973e-01 2.769999999999999893e-02
-2.387341624674511054e-01 2.354816432506491308e-01 9.421010536895384480e-01 4.646000000000000130e-01
0.000000000000000000e+00 0.000000000000000000e+00 0.000000000000000000e+00 1.000000000000000000e+00
9.408446303133120026e-01 4.542309635052715899e-02 -3.357798742160376104e-01 8.959999999999999909e-02
-3.133431262963756181e-01 -2.604875139721214428e-01 -9.132153854745538313e-01 -1.049999999999999961e-01
-1.289475351196016639e-01 9.644081072774922658e-01 -2.308452637677984587e-01 3.895000000000000129e-01
0.000000000000000000e+00 0.000000000000000000e+00 0.000000000000000000e+00 1.000000000000000000e+00
1.781595709436800679e-01 -2.038231515655869464e-02 -9.837904901502263488e-01 -4.599999999999999922e-02
9.197977356205324639e-01 3.586734797447125311e-01 1.591397513984499357e-01 1.660999999999999976e-01
3.496159218749984032e-01 -9.332405349944236095e-01 8.264872058790140308e-02 4.025000000000000244e-01
0.000000000000000000e+00 0.000000000000000000e+00 0.000000000000000000e+00 1.000000000000000000e+00
-3.500622420716799077e-01 6.136550729651024660e-03 -9.367063410807523471e-01 4.159999999999999809e-02
-8.604290985172861062e-01 -3.974052394148348544e-01 3.189527270778037549e-01 1.562000000000000055e-01
-3.702947381485170442e-01 9.176226993872699245e-01 1.443966359329091897e-01 4.203000000000000069e-01
0.000000000000000000e+00 0.000000000000000000e+00 0.000000000000000000e+00 1.000000000000000000e+00
