0.000000000000000000e+00 0.000000000000000000e+00 0.000000000000000000e+00 0.000000000000000000e+00
0.000000000000000000e+00 0.000000000000000000e+00 0.000000000000000000e+00 0.000000000000000000e+00
0.000000000000000000e+00 0.000000000000000000e+00 0.000000000000000000e+00 0.000000000000000000e+00
0.000000000000000000e+00 0.000000000000000000e+00 0.000000000000000000e+00 0.000000000000000000e+00
-6.950028897186675270e-01 -7.006460261733290507e-01 1.614500829675359628e-01 -3.960000000000000325e-02
-4.167642322969405955e-01 5.755397179865782142e-01 7.036061452956985374e-01 -6.379999999999999560e-02
-5.858997849126105217e-01 4.217216843220807920e-01 -6.920059703585683675e-01 3.815999999999999948e-01
0.000000000000000000e+00 0.000000000000000000e+00 0.000000000000000000e+00 1.000000000000000000e+00
-9.071915125012948167e-01 4.206931400076672767e-01 4.565259697081935908e-03 1.295000000000000040e-01
-1.592970579647504104e-01 -3.334278450042063024e-01 -9.292202750153624180e-01 -2.000000000000000042e-03
-3.893944105523183818e-01 -8.437079791766461945e-01 3.694980905285876194e-01 4.571000000000000063e-01
0.000000000000000000e+00 0.000000000000000000e+00 0.000000000000000000e+00 1.000000000000000000e+00
3.110986727639569738e-01 9.184173930294393662e-01 2.443913009612098397e-01 -1.019000000000000045e-01
-7.807815516131054734e-01 1.003756714849911580e-01 6.166886517802712131e-01 3.299999999999999982e-03
5.418466429398044459e-01 -3.826672402426751773e-01 7.483100953347607831e-01 4.717000000000000082e-01
0.000000000000000000e+00 0.000000000000000000e+00 0.000000000000000000e+00 1.000000000000000000e+00
4.203424438372402872e-01 -2.767620927257574692e-03 9.073613228385587481e-01 -7.799999999999999989e-02
-5.681626108401438557e-01 7.788823006867510168e-01 2.655816434172827423e-01 1.899999999999999953e-02
-7.074627040008875101e-01 -6.271640151916534345e-01 3.258248310003947212e-01 4.592999999999999861e-01
0.000000000000000000e+00 0.000000000000000000e+00 0.000000000000000000e+00 1.000000000000000000e+00
3.624134338245375009e-01 1.803164445453586673e-02 -9.318429925592469631e-01 -6.650000000000000355e-02
-6.167443890479192836e-01 -7.449616612489067258e-01 -2.542803213919197503e-01 4.750000000000000056e-02
-6.987723961072135337e-01 6.668635415641901432e-01 -2.588631981782063551e-01 4.922000000000000264e-01
0.000000000000000000e+00 0.000000000000000000e+00 0.000000000000000000e+00 1.000000000000000000e+00
-8.396002437330420953e-01 -5.413629365565835183e-01 4.469453709625842430e-02 1.260999999999999899e-01
-3.064743116714927496e-01 5.400266285658048560e-01 7.838652541893503800e-01 -6.289999999999999758e-02
-4.484918360560212203e-01 6.444357309791898247e-01 -6.193203223118197709e-01 3.910000000000000142e-01
0.000000000000000000e+00 0.000000000000000000e+00 0.000000000000000000e+00 1.000000000000000000e+00
7.546364552556872329e-01 6.395405410688992376e-01 1.466687312566338219e-01 9.799999999999999684e-03
-3.476749038773209732e-01 5.793178283426770880e-01 -7.372333517809812609e-01 -3.200000000000000153e-03
-5.564584275694157700e-01 5.053501262428099494e-01 6.595265485887199519e-01 4.665000000000000258e-01
0.000000000000000000e+00 0.000000000000000000e+00 0.000000000000000000e+00 1.000000000000000000e+00
7.769895861935185444e-01 6.668389189997153688e-02 -6.259715980041727912e-01 5.390000000000000346e-02
-4.171882909491698155e-01 -6.901124930929321000e-01 -5.913532588664477396e-01 -1.026999999999999996e-01
-4.714245568929726349e-01 7.206233450549114350e-01 -5.083904815396664834e-01 3.209000000000000186e-01
0.000000000000000000e+00 0.000000000000000000e+00 0.000000000000000000e+00 1.000000000000000000e+00
4.918664373715447846e-01 -9.156024386117456171e-03 -8.706225215355187785e-01 1.140000000000000041e-02
5.762202374005735983e-01 7.530516697848634866e-01 3.176215053239553887e-01 1.522000000000000020e-01
6.527155933463293369e-01 -6.578976743017638240e-01 3.756767285191877637e-01 4.798000000000000043e-01
0.000000000000000000e+00 0.000000000000000000e+00 0.000000000000000000e+00 1.000000000000000000e+00
-6.382899163255582042e-01 -1.765011939805474772e-02 -7.695936954018957055e-01 9.320000000000000506e-02
-4.771351235087942788e-01 -7.754665748448816842e-01 4.135138029287473982e-01 1.155999999999999944e-01
-6.040927549899594018e-01 6.311418735780266465e-01 4.865510032720712363e-01 4.702000000000000068e-01
0.000000000000000000e+00 0.000000000000000000e+00 0.000000000000000000e+00 1.000000000000000000e+00
