0.000000000000000000e+00 0.000000000000000000e+00 0.000000000000000000e+00 0.000000000000000000e+00
0.000000000000000000e+00 0.000000000000000000e+00 0.000000000000000000e+00 0.000000000000000000e+00
0.000000000000000000e+00 0.000000000000000000e+00 0.000000000000000000e+00 0.000000000000000000e+00
0.000000000000000000e+00 0.000000000000000000e+00 0.000000000000000000e+00 0.000000000000000000e+00
-9.756571228872970014e-01 -1.960580432037012100e-01 9.825691962614002684e-02 -5.879999999999999810e-02
-1.132756484355814386e-01 8.341887817870067279e-01 5.397200235420289705e-01 -4.290000000000000063e-02
-1.877812717785793395e-01 5.154515690497463165e-01 -8.360908287580808285e-01 4.277000000000000246e-01
0.000000000000000000e+00 0.000000000000000000e+00 0.000000000000000000e+00 1.000000000000000000e+00
-9.759425701233679362e-01 -1.262712399778918304e-01 -1.777404674671502482e-01 1.360999999999999988e-01
2.176451387634436296e-01 -5.159523829310750376e-01 -8.285069294341399493e-01 -5.410000000000000225e-02
1.291097957696521470e-02 -8.472595307827414102e-01 5.310222162058495510e-01 4.209999999999999853e-01
0.000000000000000000e+00 0.000000000000000000e+00 0.000000000000000000e+00 1.000000000000000000e+00
2.036245769898880065e-01 6.388526913967587095e-01 7.418923576508974493e-01 -4.830000000000000265e-02
-8.142456047437078848e-01 -3.102624538116318664e-01 4.906539563789725777e-01 4.809999999999999692e-02
5.436369439260385628e-01 -7.039917957262734616e-01 4.570059351352607768e-01 5.178000000000000380e-01
0.000000000000000000e+00 0.000000000000000000e+00 0.000000000000000000e+00 1.000000000000000000e+00
-1.545372878526454219e-01 1.616221179546623032e-02 9.878547512529498587e-01 -2.790000000000000119e-02
-7.228548295526193712e-01 6.797459714720004431e-01 -1.242026958646234580e-01 5.179999999999999882e-02
-6.734976778397996355e-01 -7.332695256026018349e-01 -9.336316600743943539e-02 4.944000000000000061e-01
0.000000000000000000e+00 0.000000000000000000e+00 0.000000000000000000e+00 1.000000000000000000e+00
-2.166419900900173889e-01 2.540885247433727345e-02 -9.759204057430989065e-01 5.899999999999999863e-03
-7.423627901056886191e-01 -6.534969848870915143e-01 1.477808465599588783e-01 7.439999999999999392e-02
-6.340061009141272352e-01 7.565025320244593843e-01 1.604374739399980765e-01 5.139000000000000234e-01
0.000000000000000000e+00 0.000000000000000000e+00 0.000000000000000000e+00 1.000000000000000000e+00
-9.980054013962189607e-01 1.726378791534845941e-02 6.072215749448975353e-02 8.329999999999999905e-02
5.333144266799013516e-02 7.452438383293131796e-01 6.646558347409156076e-01 -1.108999999999999986e-01
-3.377833635516455657e-02 6.665685134020405966e-01 -7.446780787253448608e-01 3.753000000000000225e-01
0.000000000000000000e+00 0.000000000000000000e+00 0.000000000000000000e+00 1.000000000000000000e+00
2.668639763002824683e-01 9.545996297409181652e-01 1.323750922632516702e-01 4.009999999999999676e-02
-6.558563660858619526e-01 2.805323283853514704e-01 -7.008238293575222988e-01 -4.899999999999999842e-03
-7.061416608711388321e-01 1.002055868162821106e-01 7.009442168624792080e-01 4.736000000000000210e-01
0.000000000000000000e+00 0.000000000000000000e+00 0.000000000000000000e+00 1.000000000000000000e+00
2.961267730327201697e-01 1.086040317790653020e-01 -9.489542131075449083e-01 -2.069999999999999965e-02
-7.245541154154745422e-01 -6.218154381733476121e-01 -2.972656971192390030e-01 -1.199000000000000066e-01
-6.223586330466760463e-01 7.755970120691669800e-01 -1.054467009519657328e-01 3.467999999999999972e-01
0.000000000000000000e+00 0.000000000000000000e+00 0.000000000000000000e+00 1.000000000000000000e+00
8.927473069736030498e-01 -1.137629186486666111e-02 -4.504140604763406386e-01 1.034000000000000058e-01
3.459362688564741051e-01 6.577975955373924766e-01 6.690518822893229967e-01 1.361999999999999877e-01
2.886699564919087968e-01 -7.531088256610927179e-01 5.911825039108727919e-01 4.519000000000000239e-01
0.000000000000000000e+00 0.000000000000000000e+00 0.000000000000000000e+00 1.000000000000000000e+00
-9.580433273403707872e-01 -3.050358687719172124e-02 -2.849956387845559713e-01 1.539999999999999980e-01
-1.926365162439024892e-01 -6.677395463335888959e-01 7.190376004574627888e-01 6.829999999999999960e-02
-2.122360844625724718e-01 7.437697422252660395e-01 6.338473120572155617e-01 4.210999999999999743e-01
0.000000000000000000e+00 0.000000000000000000e+00 0.000000000000000000e+00 1.000000000000000000e+00
