0.000000000000000000e+00 0.000000000000000000e+00 0.000000000000000000e+00 0.000000000000000000e+00
0.000000000000000000e+00 0.000000000000000000e+00 0.000000000000000000e+00 0.000000000000000000e+00
0.000000000000000000e+00 0.000000000000000000e+00 0.000000000000000000e+00 0.000000000000000000e+00
0.000000000000000000e+00 0.000000000000000000e+00 0.000000000000000000e+00 0.000000000000000000e+00
9.975677024679149296e-01 -1.025766090124066374e-02 -6.894533621442970606e-02 6.779999999999999916e-02
5.483928250612744859e-02 -4.950654161578340595e-01 8.671233400264832802e-01 -3.529999999999999805e-02
-4.302710874668128072e-02 -8.687951508366664743e-01 -4.932987470038774358e-01 4.349999999999999978e-01
0.000000000000000000e+00 0.000000000000000000e+00 0.000000000000000000e+00 1.000000000000000000e+00
9.181528733061680159e-01 3.198543622199745418e-01 2.338556995424337925e-01 -1.202000000000000013e-01
-1.276981138657009573e-01 7.975872592304040776e-01 -5.895318105314375501e-01 -4.100000000000000346e-03
-3.750846477193784390e-01 5.114173939965138693e-01 7.731518325419944881e-01 4.783000000000000029e-01
0.000000000000000000e+00 0.000000000000000000e+00 0.000000000000000000e+00 1.000000000000000000e+00
-1.429719253322672134e-01 -4.805783180798638421e-01 -8.652187635264932952e-01 3.090000000000000038e-02
-5.520387014678446169e-01 7.643041713362848100e-01 -3.333052741251642526e-01 -1.187000000000000000e-01
8.214695981279408477e-01 4.299809459377056942e-01 -3.745718695818405219e-01 3.446000000000000174e-01
0.000000000000000000e+00 0.000000000000000000e+00 0.000000000000000000e+00 1.000000000000000000e+00
3.569059480574420240e-01 -2.489390523250839538e-02 -9.338085658867631977e-01 1.349999999999999985e-02
6.116801000868559157e-01 7.617571003613747838e-01 2.134796833583100795e-01 -9.270000000000000462e-02
7.060209624359268243e-01 -6.473842858235789866e-01 2.871027465381379429e-01 3.448999999999999844e-01
0.000000000000000000e+00 0.000000000000000000e+00 0.000000000000000000e+00 1.000000000000000000e+00
4.153366336342583232e-01 -2.329804646853728123e-02 9.093693868786830725e-01 -2.580000000000000002e-02
5.637591583630662262e-01 -7.779558628233125273e-01 -2.774171711711499455e-01 -1.066000000000000003e-01
7.139125241394278509e-01 6.278868341744281434e-01 -3.099790821124634999e-01 3.276999999999999913e-01
0.000000000000000000e+00 0.000000000000000000e+00 0.000000000000000000e+00 1.000000000000000000e+00
9.721651635438278705e-01 -2.252283056639774184e-01 -6.455311858877435527e-02 -5.330000000000000016e-02
-9.233635071327886412e-02 -6.215221105659609613e-01 7.779358999394409002e-01 3.150000000000000022e-02
-2.153343751674515472e-01 -7.503215819935925568e-01 -6.250189040868090462e-01 5.268000000000000460e-01
0.000000000000000000e+00 0.000000000000000000e+00 0.000000000000000000e+00 1.000000000000000000e+00
-6.147934525454368249e-02 -9.917412458571102096e-01 -1.125592793725129770e-01 -4.109999999999999765e-02
7.015753068646195523e-01 3.727486003598501352e-02 -7.116197535250919914e-01 -6.619999999999999496e-02
7.099382923218662267e-01 -1.227187274831536001e-01 6.934895349030351097e-01 4.123999999999999888e-01
0.000000000000000000e+00 0.000000000000000000e+00 0.000000000000000000e+00 1.000000000000000000e+00
-9.037875463474009941e-02 -1.119889250838957961e-01 9.895909060663536927e-01 5.380000000000000060e-02
6.191074582903139945e-01 -7.846436779383898497e-01 -3.225296514466635678e-02 4.599999999999999922e-02
7.800882230876071688e-01 6.097481277788965315e-01 1.402482972094489799e-01 5.194999999999999618e-01
0.000000000000000000e+00 0.000000000000000000e+00 0.000000000000000000e+00 1.000000000000000000e+00
-9.670952356911652892e-01 8.216831906524765805e-03 2.542819080801250187e-01 -1.226000000000000006e-01
-1.540015139258510413e-01 7.766625699296785257e-01 -6.108017568563249844e-01 -2.960000000000000131e-02
-2.025100955804305936e-01 -6.298632678158387899e-01 -7.498412665653695353e-01 2.843999999999999861e-01
0.000000000000000000e+00 0.000000000000000000e+00 0.000000000000000000e+00 1.000000000000000000e+00
9.962407781128725937e-01 3.546846819622766211e-02 7.903353584948215327e-02 -1.570999999999999897e-01
7.745878208362555473e-02 -7.732232182314411340e-01 -6.293854080497373049e-01 4.100000000000000346e-03
3.878722860916469783e-02 6.331412500790215558e-01 -7.730638449346818319e-01 3.603999999999999981e-01
0.000000000000000000e+00 0.000000000000000000e+00 0.000000000000000000e+00 1.000000000000000000e+00
