0.000000000000000000e+00 0.000000000000000000e+00 0.000000000000000000e+00 0.000000000000000000e+00
0.000000000000000000e+00 0.000000000000000000e+00 0.000000000000000000e+00 0.000000000000000000e+00
0.000000000000000000e+00 0.000000000000000000e+00 0.000000000000000000e+00 0.000000000000000000e+00
0.000000000000000000e+00 0.000000000000000000e+00 0.000000000000000000e+00 0.000000000000000000e+00
7.372165983815779366e-01 -6.734791755229281307e-01 5.419859045816760590e-02 5.059999999999999915e-02
-3.926935305015896716e-01 -3.618150703595914841e-01 8.455067391587609560e-01 -6.110000000000000153e-02
-5.498213147677091239e-01 -6.446050379865493341e-01 -5.312069905690879335e-01 3.837999999999999745e-01
0.000000000000000000e+00 0.000000000000000000e+00 0.000000000000000000e+00 1.000000000000000000e+00
4.268473901715412744e-01 8.411979728811131984e-01 3.319446880497558539e-01 -5.229999999999999927e-02
-4.914865019122025003e-01 5.239120873485205720e-01 -6.956702833729657698e-01 4.680000000000000132e-02
-7.591062665673695697e-01 1.337987113197351419e-01 6.370679562710148680e-01 5.100000000000000089e-01
0.000000000000000000e+00 0.000000000000000000e+00 0.000000000000000000e+00 1.000000000000000000e+00
9.463740963687050645e-02 1.932819520661190615e-01 -9.765684040059525728e-01 -5.940000000000000141e-02
-4.983339666359289932e-01 8.584146013326406921e-01 1.216043992453573197e-01 -1.111000000000000043e-01
8.618045128647933151e-01 4.751488811145764823e-01 1.775570961168325690e-01 3.402000000000000024e-01
0.000000000000000000e+00 0.000000000000000000e+00 0.000000000000000000e+00 1.000000000000000000e+00
8.928105845164013843e-01 -3.898649246861396467e-02 -4.487419231367585359e-01 -6.110000000000000153e-02
3.251949415618792250e-01 7.451264134554420604e-01 5.822670160275229545e-01 -8.039999999999999925e-02
3.116689111189111516e-01 -6.657827583949771366e-01 6.779349588757964673e-01 3.447999999999999954e-01
0.000000000000000000e+00 0.000000000000000000e+00 0.000000000000000000e+00 1.000000000000000000e+00
9.200941020929627179e-01 -1.380786972012994218e-02 3.914539385771160229e-01 -1.050999999999999990e-01
2.554411897619472960e-01 -7.364762791840757661e-01 -6.263804664676091427e-01 -7.370000000000000162e-02
2.969455200314451981e-01 6.763224326702248490e-01 -6.741003821392503870e-01 3.524999999999999800e-01
0.000000000000000000e+00 0.000000000000000000e+00 0.000000000000000000e+00 1.000000000000000000e+00
5.656825201499698919e-01 -8.231278796465961722e-01 -4.963647998476145018e-02 3.769999999999999740e-02
-4.975247310641493503e-01 -3.886808085434183546e-01 7.754974990608158869e-01 4.460000000000000075e-02
-6.576263592468938324e-01 -4.139900032833316867e-01 -6.293964162633449710e-01 5.110999999999999988e-01
0.000000000000000000e+00 0.000000000000000000e+00 0.000000000000000000e+00 1.000000000000000000e+00
6.237904260278172019e-01 -7.814026134596768758e-01 -1.718895210363916015e-02 -5.469999999999999862e-02
5.915116435290080910e-01 4.863479289256806837e-01 -6.431015997486809743e-01 -3.799999999999999906e-02
5.108810820197260405e-01 3.909931555770355116e-01 7.655879259276925364e-01 4.250999999999999779e-01
0.000000000000000000e+00 0.000000000000000000e+00 0.000000000000000000e+00 1.000000000000000000e+00
6.046131717133449435e-01 -9.169762324773722550e-02 7.912233935377829264e-01 1.189000000000000057e-01
5.249843902995288136e-01 -7.011802455478228779e-01 -4.824289099912302259e-01 1.030000000000000013e-02
5.990277977961967482e-01 7.070628042431665872e-01 -3.758029913707818803e-01 4.482999999999999763e-01
0.000000000000000000e+00 0.000000000000000000e+00 0.000000000000000000e+00 1.000000000000000000e+00
-8.857237267117270552e-01 1.110777353627412367e-03 -4.642114239369389272e-01 -1.668999999999999928e-01
3.117770392441961413e-01 7.423122752918845935e-01 -5.930999610108808051e-01 4.189999999999999974e-02
3.439310363139865823e-01 -6.700531711175284899e-01 -6.578299097299629139e-01 3.516000000000000236e-01
0.000000000000000000e+00 0.000000000000000000e+00 0.000000000000000000e+00 1.000000000000000000e+00
7.888054978262091232e-01 3.425140287687580831e-02 -6.136878098839119167e-01 -1.383000000000000063e-01
-3.790816617630961005e-01 -7.588247392378433265e-01 -5.296056163179811982e-01 8.069999999999999396e-02
-4.838212276389658451e-01 6.503936166058097434e-01 -5.855810474770668517e-01 4.275999999999999801e-01
0.000000000000000000e+00 0.000000000000000000e+00 0.000000000000000000e+00 1.000000000000000000e+00
