0.000000000000000000e+00 0.000000000000000000e+00 0.000000000000000000e+00 0.000000000000000000e+00
0.000000000000000000e+00 0.000000000000000000e+00 0.000000000000000000e+00 0.000000000000000000e+00
0.000000000000000000e+00 0.000000000000000000e+00 0.000000000000000000e+00 0.000000000000000000e+00
0.000000000000000000e+00 0.000000000000000000e+00 0.000000000000000000e+00 0.000000000000000000e+00
-9.961717212193810234e-01 6.681642032682928722e-02 5.636903243381466422e-02 -6.189999999999999669e-02
8.084567549304554068e-02 9.494596197642429791e-01 3.032992040728301752e-01 -2.220000000000000098e-02
-3.325475299696496745e-02 3.066952826697006973e-01 -9.512266422841948454e-01 4.495000000000000107e-01
0.000000000000000000e+00 0.000000000000000000e+00 0.000000000000000000e+00 1.000000000000000000e+00
-8.955021758842476309e-01 -3.723279223936701854e-01 -2.438191362313289756e-01 1.227000000000000035e-01
4.386372042081179146e-01 -6.456411139747346706e-01 -6.250959566578159210e-01 -8.019999999999999352e-02
7.532102011433547406e-02 -6.667229335724677020e-01 7.414899013320807031e-01 4.223000000000000087e-01
0.000000000000000000e+00 0.000000000000000000e+00 0.000000000000000000e+00 1.000000000000000000e+00
1.290043265802653938e-01 4.316547007176171347e-01 8.927665445523578214e-01 -1.799999999999999864e-02
-6.987448827531647089e-01 -5.992519152834610008e-01 3.907079866797844581e-01 8.129999999999999727e-02
7.036430007822422894e-01 -6.742190752103420781e-01 2.243104234597061986e-01 5.116000000000000547e-01
0.000000000000000000e+00 0.000000000000000000e+00 0.000000000000000000e+00 1.000000000000000000e+00
-4.102474459728890910e-01 2.320729228379053710e-02 9.116789208145466006e-01 -1.699999999999999905e-03
-7.964586192160316713e-01 4.778458040967819009e-01 -3.705631597765654539e-01 7.480000000000000537e-02
-4.442417145532531197e-01 -8.781371243102951141e-01 -1.775513727314756984e-01 4.857000000000000206e-01
0.000000000000000000e+00 0.000000000000000000e+00 0.000000000000000000e+00 1.000000000000000000e+00
-4.673157210016412044e-01 2.645615953083918503e-02 -8.836945674426177622e-01 3.899999999999999994e-02
-7.915664738664676126e-01 -4.576935119867842072e-01 4.048940188935995499e-01 9.260000000000000175e-02
-3.937493293395220584e-01 8.887163330940207606e-01 2.348291824637523950e-01 4.945999999999999841e-01
0.000000000000000000e+00 0.000000000000000000e+00 0.000000000000000000e+00 1.000000000000000000e+00
-9.576942886123696042e-01 2.812409502284048401e-01 6.103423198395432209e-02 5.240000000000000213e-02
2.778758713591688578e-01 8.484953554326057912e-01 4.503783208877605304e-01 -1.315999999999999948e-01
7.487756456796577920e-02 4.482846860243163700e-01 -8.907492299185277851e-01 3.991999999999999993e-01
0.000000000000000000e+00 0.000000000000000000e+00 0.000000000000000000e+00 1.000000000000000000e+00
3.738305272145914238e-03 9.938699688829863987e-01 1.104921265349900761e-01 4.900000000000000189e-02
-8.394842725782334369e-01 6.315812482150340301e-02 -5.397010351693110053e-01 6.999999999999999929e-04
-5.433711265493288423e-01 -9.073883524469217310e-02 8.345743122160841354e-01 4.718999999999999861e-01
0.000000000000000000e+00 0.000000000000000000e+00 0.000000000000000000e+00 1.000000000000000000e+00
3.274654815795707830e-02 1.161500863551070961e-01 -9.926917049232553136e-01 -5.460000000000000270e-02
-8.928105689944103585e-01 -4.430365009197947401e-01 -8.128927816521402949e-02 -1.218999999999999945e-01
-4.492404161199385904e-01 8.889475891707258048e-01 8.919210857435044826e-02 3.866999999999999882e-01
0.000000000000000000e+00 0.000000000000000000e+00 0.000000000000000000e+00 1.000000000000000000e+00
9.801460037361885425e-01 -1.145399170406952161e-02 -1.979459962566118558e-01 1.343999999999999917e-01
1.810203942456856951e-01 4.590454980248117600e-01 8.697751707253369435e-01 1.145000000000000046e-01
8.090382084374024563e-02 -8.883389200171269984e-01 4.520050165160650613e-01 4.076000000000000179e-01
0.000000000000000000e+00 0.000000000000000000e+00 0.000000000000000000e+00 1.000000000000000000e+00
-9.992497276527780858e-01 -3.235287000072599450e-02 -2.129022283972703891e-02 1.643000000000000016e-01
-3.983759365654470155e-03 -4.609380984313962148e-01 8.874233482818475460e-01 3.160000000000000309e-02
-3.852416705349605286e-02 8.868423542079871824e-01 4.604633832734906784e-01 3.891000000000000014e-01
0.000000000000000000e+00 0.000000000000000000e+00 0.000000000000000000e+00 1.000000000000000000e+00
