0.000000000000000000e+00 0.000000000000000000e+00 0.000000000000000000e+00 0.000000000000000000e+00
0.000000000000000000e+00 0.000000000000000000e+00 0.000000000000000000e+00 0.000000000000000000e+00
0.000000000000000000e+00 0.000000000000000000e+00 0.000000000000000000e+00 0.000000000000000000e+00
0.000000000000000000e+00 0.000000000000000000e+00 0.000000000000000000e+00 0.000000000000000000e+00
9.897516517850062368e-01 1.053733721430732823e-01 -9.637489419993749973e-02 6.930000000000000049e-02
1.415900893119630966e-01 -8.118113420707044892e-01 5.664932404662840204e-01 -1.389999999999999916e-02
-1.854492915818421045e-02 -5.743333503537454421e-01 -8.184114419251229400e-01 4.506999999999999895e-01
0.000000000000000000e+00 0.000000000000000000e+00 0.000000000000000000e+00 1.000000000000000000e+00
9.545396116885872528e-01 2.083798018640053151e-01 2.131478076183729864e-01 -1.236000000000000015e-01
-1.711661764657939899e-01 9.685878432783638914e-01 -1.803877209996517517e-01 1.159999999999999920e-02
-2.440415328411984497e-01 1.357035299042932686e-01 9.602230377469772593e-01 4.682999999999999940e-01
0.000000000000000000e+00 0.000000000000000000e+00 0.000000000000000000e+00 1.000000000000000000e+00
-1.682980104833791124e-01 -5.766407996346131215e-01 -7.994755580154344621e-01 4.730000000000000177e-02
-1.681301844878835272e-01 8.159519783830597728e-01 -5.531316389765108532e-01 -1.310999999999999943e-01
9.712919338342136388e-01 4.132501868753107876e-02 -2.342738186376542853e-01 4.030000000000000249e-01
0.000000000000000000e+00 0.000000000000000000e+00 0.000000000000000000e+00 1.000000000000000000e+00
2.433638691661551556e-01 -3.066045499720182477e-02 -9.694503410097100593e-01 2.790000000000000119e-02
8.869854730435515755e-01 4.114656507779458350e-01 2.096492042426791325e-01 -1.093999999999999972e-01
3.924675754685801321e-01 -9.109094108248338983e-01 1.273312509817143834e-01 3.914000000000000257e-01
0.000000000000000000e+00 0.000000000000000000e+00 0.000000000000000000e+00 1.000000000000000000e+00
3.048140737286485491e-01 -1.406220028749094464e-02 9.523080567652572048e-01 -8.600000000000000006e-03
8.534817625139842212e-01 -4.397167775323045369e-01 -2.796748766203870362e-01 -1.335999999999999965e-01
4.226786740692850541e-01 8.980263972064964628e-01 -1.220300307602630863e-01 3.800999999999999934e-01
0.000000000000000000e+00 0.000000000000000000e+00 0.000000000000000000e+00 1.000000000000000000e+00
9.914360000274778928e-01 -1.081384857669019373e-01 -7.321697716756968288e-02 -6.429999999999999605e-02
-6.629927031523680236e-02 -8.998086617464391423e-01 4.312177860452294231e-01 7.149999999999999412e-02
-1.125125086609574804e-01 -4.226706047764897667e-01 -8.992722030913076203e-01 4.998000000000000220e-01
0.000000000000000000e+00 0.000000000000000000e+00 0.000000000000000000e+00 1.000000000000000000e+00
-1.797446905076762746e-01 -9.770713712689041985e-01 -1.141200319006382136e-01 -3.440000000000000002e-02
9.233031058768071953e-01 -1.275400411262346267e-01 -3.622773972907493700e-01 -6.320000000000000617e-02
3.394159997886675439e-01 -1.704848185505718483e-01 9.250576769754618178e-01 4.386999999999999789e-01
0.000000000000000000e+00 0.000000000000000000e+00 0.000000000000000000e+00 1.000000000000000000e+00
-2.077740086302748423e-01 -1.001451351381051347e-01 9.730369536897749416e-01 4.139999999999999930e-02
8.752395466718505546e-01 -4.632219308715899153e-01 1.392163018516497930e-01 9.329999999999999405e-02
4.367902211352265862e-01 8.805659513447966491e-01 1.838964601423125345e-01 4.917000000000000259e-01
0.000000000000000000e+00 0.000000000000000000e+00 0.000000000000000000e+00 1.000000000000000000e+00
-9.301796402754163307e-01 -4.984368344820577779e-04 3.671043290099138545e-01 -1.072000000000000036e-01
-3.305280260211229670e-01 4.362731205836111181e-01 -8.369091875889629328e-01 -9.299999999999999933e-02
-1.597406048306969639e-01 -8.998141562661481352e-01 -4.059771217092942308e-01 3.039000000000000035e-01
0.000000000000000000e+00 0.000000000000000000e+00 0.000000000000000000e+00 1.000000000000000000e+00
9.795216608894394827e-01 4.324032920069967312e-02 1.966407632689850526e-01 -1.507999999999999896e-01
1.960813254787643345e-01 -4.266068649028837978e-01 -8.829262124414608559e-01 -3.459999999999999881e-02
4.571027944439619295e-02 9.034029315584203301e-01 -4.263492859203208418e-01 3.567000000000000171e-01
0.000000000000000000e+00 0.000000000000000000e+00 0.000000000000000000e+00 1.000000000000000000e+00
