0.000000000000000000e+00 0.000000000000000000e+00 0.000000000000000000e+00 0.000000000000000000e+00
0.000000000000000000e+00 0.000000000000000000e+00 0.000000000000000000e+00 0.000000000000000000e+00
0.000000000000000000e+00 0.000000000000000000e+00 0.000000000000000000e+00 0.000000000000000000e+00
0.000000000000000000e+00 0.000000000000000000e+00 0.000000000000000000e+00 0.000000000000000000e+00
8.966132174693546286e-01 -4.428135109613801634e-01 9.657998278704837958e-04 6.289999999999999758e-02
-3.611599946146895612e-01 -7.300148972058400076e-01 5.802083316770494381e-01 -4.680000000000000132e-02
-2.562190401768948966e-01 -5.205712673281184255e-01 -8.144675310184121830e-01 4.255999999999999783e-01
0.000000000000000000e+00 0.000000000000000000e+00 0.000000000000000000e+00 1.000000000000000000e+00
6.612662726804976465e-01 6.789348072729600725e-01 3.190210715430414345e-01 -8.269999999999999574e-02
-6.048566604046899942e-01 7.341147386795646712e-01 -3.085838148988374607e-01 6.909999999999999476e-02
-4.437063634649915378e-01 1.109404915543321657e-02 8.961035571260776988e-01 4.850999999999999757e-01
0.000000000000000000e+00 0.000000000000000000e+00 0.000000000000000000e+00 1.000000000000000000e+00
6.759567463605065107e-03 -7.775011136141213308e-02 -9.969499628521949486e-01 -2.390000000000000110e-02
-1.113711724692888483e-01 9.907116336996918404e-01 -7.801872079766163093e-02 -1.355999999999999983e-01
9.937558906444383666e-01 1.115588590627188820e-01 -1.962338936966734337e-03 3.931999999999999940e-01
0.000000000000000000e+00 0.000000000000000000e+00 0.000000000000000000e+00 1.000000000000000000e+00
7.293985602955317393e-01 -4.147551359070150712e-02 -6.828305221731034713e-01 -3.239999999999999825e-02
6.335022841974708996e-01 4.176529877736494534e-01 6.513377293849409444e-01 -1.068000000000000060e-01
2.581716408813959918e-01 -9.076594975959493272e-01 3.309103205831998018e-01 3.847999999999999754e-01
0.000000000000000000e+00 0.000000000000000000e+00 0.000000000000000000e+00 1.000000000000000000e+00
7.719541671806543492e-01 -1.325983779973027854e-02 6.355398811042052287e-01 -7.749999999999999944e-02
5.726193251944349250e-01 -4.196332920426399937e-01 -7.042833297922976854e-01 -1.092999999999999944e-01
2.760323752502455430e-01 9.075968691610725170e-01 -3.163448291069832496e-01 3.839000000000000190e-01
0.000000000000000000e+00 0.000000000000000000e+00 0.000000000000000000e+00 1.000000000000000000e+00
7.746445311263723266e-01 -6.290700734174275999e-01 -6.478188887795047202e-02 3.799999999999999992e-03
-5.380969206438711572e-01 -7.094821581716805881e-01 4.550678754094141798e-01 9.070000000000000284e-02
-3.322311761252791928e-01 -3.176569060584815141e-01 -8.880971431345601186e-01 4.976999999999999758e-01
0.000000000000000000e+00 0.000000000000000000e+00 0.000000000000000000e+00 1.000000000000000000e+00
3.788213996721643273e-01 -9.239547562734802266e-01 -5.293350082920940392e-02 -5.109999999999999959e-02
8.750159124882246342e-01 3.762100616045545021e-01 -3.046524945571540410e-01 -3.819999999999999785e-02
3.013992369645646652e-01 6.909122887249065370e-02 9.509915362662632043e-01 4.415000000000000036e-01
0.000000000000000000e+00 0.000000000000000000e+00 0.000000000000000000e+00 1.000000000000000000e+00
3.550550477806709848e-01 -1.010054641724543179e-01 9.293728042356159680e-01 1.013000000000000012e-01
8.421601681969381747e-01 -3.970201610342303233e-01 -3.648852461183639817e-01 5.820000000000000173e-02
4.058351440523237930e-01 9.122351056277440140e-01 -5.590123354961451518e-02 4.637999999999999901e-01
0.000000000000000000e+00 0.000000000000000000e+00 0.000000000000000000e+00 1.000000000000000000e+00
-9.808139549127941059e-01 -1.375403232197591752e-03 -1.949412581119565890e-01 -1.587000000000000077e-01
1.760126136296420452e-01 4.236376655485140086e-01 -8.885666481316232268e-01 -2.199999999999999872e-02
8.380659694550282590e-02 -9.058306887021185805e-01 -4.152676458789679170e-01 3.296000000000000041e-01
0.000000000000000000e+00 0.000000000000000000e+00 0.000000000000000000e+00 1.000000000000000000e+00
9.297955703376860059e-01 4.288552766425665630e-02 -3.655694583760732419e-01 -1.544999999999999984e-01
-3.116401618146269481e-01 -4.367675662658629943e-01 -8.438687709604781872e-01 4.769999999999999934e-02
-1.958586401580751091e-01 8.985515703481650185e-01 -3.927396956003765816e-01 3.865999999999999992e-01
0.000000000000000000e+00 0.000000000000000000e+00 0.000000000000000000e+00 1.000000000000000000e+00
