0.000000000000000000e+00 0.000000000000000000e+00 0.000000000000000000e+00 0.000000000000000000e+00
0.000000000000000000e+00 0.000000000000000000e+00 0.000000000000000000e+00 0.000000000000000000e+00
0.000000000000000000e+00 0.000000000000000000e+00 0.000000000000000000e+00 0.000000000000000000e+00
0.000000000000000000e+00 0.000000000000000000e+00 0.000000000000000000e+00 0.000000000000000000e+00
-8.330075607213860422e-01 -5.347752391987339315e-01 1.418232961150686922e-01 -4.900000000000000189e-02
-3.834774078147844545e-01 7.428587294981139344e-01 5.487312508907264963e-01 -5.850000000000000339e-02
-3.988025595161834858e-01 4.027112508341240682e-01 -8.238811607112737079e-01 4.061000000000000165e-01
0.000000000000000000e+00 0.000000000000000000e+00 0.000000000000000000e+00 1.000000000000000000e+00
-9.720440576653084364e-01 2.258866867784875276e-01 -6.407460256451164016e-02 1.373000000000000054e-01
-6.677191595377870992e-02 -5.275621699787220731e-01 -8.468882264190497056e-01 -1.409999999999999969e-02
-2.251041119069666641e-01 -8.189342840201402351e-01 5.278965592414827102e-01 4.450000000000000067e-01
0.000000000000000000e+00 0.000000000000000000e+00 0.000000000000000000e+00 1.000000000000000000e+00
2.844388704257769795e-01 8.479529267103182999e-01 4.472922568906302909e-01 -8.569999999999999840e-02
-7.258340354442744946e-01 -1.143271424064198349e-01 6.783024823040690876e-01 3.150000000000000022e-02
6.263062206154333955e-01 -5.175955357154733427e-01 5.829540114158444641e-01 4.902000000000000246e-01
0.000000000000000000e+00 0.000000000000000000e+00 0.000000000000000000e+00 1.000000000000000000e+00
2.151650024620069823e-01 2.715207602581259927e-03 9.765739344070162309e-01 -6.210000000000000242e-02
-7.343978963141095662e-01 6.595970468717313739e-01 1.599733279253181539e-01 4.089999999999999886e-02
-6.437109223905826960e-01 -7.516145045206125141e-01 1.439162429654804454e-01 4.718999999999999861e-01
0.000000000000000000e+00 0.000000000000000000e+00 0.000000000000000000e+00 1.000000000000000000e+00
1.532494244447871745e-01 2.361872023647365593e-02 -9.879052434124097060e-01 -4.150000000000000216e-02
-7.707196201828070414e-01 -6.228280417225415810e-01 -1.344488657792733965e-01 7.199999999999999456e-02
-6.184705983089341386e-01 7.820021652773441190e-01 -7.724462783219432360e-02 4.971999999999999753e-01
0.000000000000000000e+00 0.000000000000000000e+00 0.000000000000000000e+00 1.000000000000000000e+00
-9.362683981764565733e-01 -3.475496299471182993e-01 5.109541368570207076e-02 1.145000000000000046e-01
-2.303888591543208908e-01 7.173183516707390961e-01 6.575525499410250774e-01 -8.340000000000000191e-02
-2.651838233257496347e-01 6.038738585830611960e-01 -7.516740668443619988e-01 3.921000000000000041e-01
0.000000000000000000e+00 0.000000000000000000e+00 0.000000000000000000e+00 1.000000000000000000e+00
5.972289383405191554e-01 7.880911855318517567e-01 1.490968762102575507e-01 2.179999999999999993e-02
-5.511175925840094969e-01 5.382719944861881212e-01 -6.375991366809297123e-01 5.799999999999999600e-03
-5.827409324503146637e-01 2.986227440079900486e-01 7.558025287124119362e-01 4.707999999999999963e-01
0.000000000000000000e+00 0.000000000000000000e+00 0.000000000000000000e+00 1.000000000000000000e+00
6.231711587105367434e-01 8.748477963523842993e-02 -7.771770199147300939e-01 2.690000000000000030e-02
-6.091903132949623156e-01 -5.688762493269199361e-01 -5.525097059231827146e-01 -1.213000000000000050e-01
-4.904537380211846376e-01 8.177568258864671424e-01 -3.012123911414292809e-01 3.410000000000000253e-01
0.000000000000000000e+00 0.000000000000000000e+00 0.000000000000000000e+00 1.000000000000000000e+00
6.678823247264689122e-01 -1.241892181061560185e-02 -7.441632688456406575e-01 4.710000000000000298e-02
5.827332649754211058e-01 6.307075775894619429e-01 5.124742856596011809e-01 1.590999999999999914e-01
4.629850345411318235e-01 -7.759212085980733420e-01 4.284753619972241356e-01 4.554000000000000270e-01
0.000000000000000000e+00 0.000000000000000000e+00 0.000000000000000000e+00 1.000000000000000000e+00
-7.889284815978034882e-01 -2.158377159753585572e-02 -6.141058473320459843e-01 1.202000000000000013e-01
-4.544360187528075912e-01 -6.522042296351164836e-01 6.067269136161365095e-01 1.083999999999999964e-01
-4.136178861991859357e-01 7.577359590580944326e-01 5.047340493432430630e-01 4.414000000000000146e-01
0.000000000000000000e+00 0.000000000000000000e+00 0.000000000000000000e+00 1.000000000000000000e+00
