0.000000000000000000e+00 0.000000000000000000e+00 0.000000000000000000e+00 0.000000000000000000e+00
0.000000000000000000e+00 0.000000000000000000e+00 0.000000000000000000e+00 0.000000000000000000e+00
0.000000000000000000e+00 0.000000000000000000e+00 0.000000000000000000e+00 0.000000000000000000e+00
0.000000000000000000e+00 0.000000000000000000e+00 0.000000000000000000e+00 0.000000000000000000e+00
-9.253345126073155846e-01 -3.596527775201343036e-01 1.200246616318251525e-01 -5.539999999999999786e-02
-2.556987972859404157e-01 8.256884678050713244e-01 5.028485648783709294e-01 -4.939999999999999947e-02
-2.799538619921234650e-01 4.346129700731058976e-01 -8.560008185743330777e-01 4.190999999999999726e-01
0.000000000000000000e+00 0.000000000000000000e+00 0.000000000000000000e+00 1.000000000000000000e+00
-9.912382098802354768e-01 3.795992448691806742e-02 -1.265142498154799566e-01 1.388999999999999957e-01
8.217634207276526548e-02 -5.726493039533935292e-01 -8.156713943036334458e-01 -3.429999999999999716e-02
-1.034111216309254594e-01 -8.189211310099654417e-01 5.645124632002315179e-01 4.334999999999999964e-01
0.000000000000000000e+00 0.000000000000000000e+00 0.000000000000000000e+00 1.000000000000000000e+00
2.458789595716398546e-01 7.487177957159603103e-01 6.156014941650169714e-01 -6.700000000000000400e-02
-7.487177957159603103e-01 -2.566467349812391330e-01 6.111907360241179976e-01 4.669999999999999846e-02
6.156014941650169714e-01 -6.111907360241179976e-01 4.974743054471210124e-01 5.033999999999999586e-01
0.000000000000000000e+00 0.000000000000000000e+00 0.000000000000000000e+00 1.000000000000000000e+00
1.748936553447366649e-02 9.660374104146218777e-03 9.998003797085543987e-01 -4.479999999999999954e-02
-7.718299668717516493e-01 6.357864082481560208e-01 7.358350743192021426e-03 5.190000000000000169e-02
-6.355884079590754521e-01 -7.718045868346967708e-01 1.857566712047398205e-02 4.820999999999999730e-01
0.000000000000000000e+00 0.000000000000000000e+00 0.000000000000000000e+00 1.000000000000000000e+00
-4.556242734213422629e-02 2.553218885008584627e-02 -9.986351548724969884e-01 -1.660000000000000017e-02
-7.975816726334286066e-01 -6.028461378392875325e-01 2.097640511423376486e-02 8.000000000000000167e-02
-6.014877726886513898e-01 7.974488331076656777e-01 4.783113924283322049e-02 5.034999999999999476e-01
0.000000000000000000e+00 0.000000000000000000e+00 0.000000000000000000e+00 1.000000000000000000e+00
-9.862957617509506836e-01 -1.549703400665047304e-01 5.661151871999244023e-02 9.929999999999999938e-02
-8.581866086357750611e-02 7.749353187354122152e-01 6.261871998244833426e-01 -1.000999999999999945e-01
-1.409107086054656177e-01 6.127474565235803139e-01 -7.776147675579396790e-01 3.865000000000000102e-01
0.000000000000000000e+00 0.000000000000000000e+00 0.000000000000000000e+00 1.000000000000000000e+00
4.276230941252653350e-01 8.925385304584496637e-01 1.432252108317727812e-01 3.189999999999999780e-02
-6.496830809434261944e-01 4.136214277297576292e-01 -6.378316461721340591e-01 4.199999999999999740e-03
-6.285303363455037040e-01 1.797005458251814125e-01 7.567412570512723757e-01 4.723999999999999866e-01
0.000000000000000000e+00 0.000000000000000000e+00 0.000000000000000000e+00 1.000000000000000000e+00
4.559114828317893942e-01 1.012342330579146243e-01 -8.842490315964699477e-01 1.299999999999999940e-03
-7.091071567305151646e-01 -5.591014581656086335e-01 -4.296191333619289177e-01 -1.247999999999999943e-01
-5.378770864200144164e-01 8.228956127810295174e-01 -1.831148556782060677e-01 3.478999999999999870e-01
0.000000000000000000e+00 0.000000000000000000e+00 0.000000000000000000e+00 1.000000000000000000e+00
8.020621856817089501e-01 -1.253779759274772920e-02 -5.971089129555872121e-01 7.829999999999999460e-02
4.797372383760200032e-01 6.090271374688756012e-01 6.316154905809523434e-01 1.511000000000000121e-01
3.557364648371453275e-01 -7.930502817968041462e-01 4.944924854102233924e-01 4.477999999999999758e-01
0.000000000000000000e+00 0.000000000000000000e+00 0.000000000000000000e+00 1.000000000000000000e+00
-8.948485260427117005e-01 -2.613876244856189190e-02 -4.456039503155732051e-01 1.405000000000000138e-01
-3.331613854664705610e-01 -6.252674443667616266e-01 7.057224059423934381e-01 8.939999999999999336e-02
-2.970683535371076989e-01 7.799726842093357426e-01 5.508112246623481090e-01 4.272000000000000242e-01
0.000000000000000000e+00 0.000000000000000000e+00 0.000000000000000000e+00 1.000000000000000000e+00
