0.000000000000000000e+00 0.000000000000000000e+00 0.000000000000000000e+00 0.000000000000000000e+00
0.000000000000000000e+00 0.000000000000000000e+00 0.000000000000000000e+00 0.000000000000000000e+00
0.000000000000000000e+00 0.000000000000000000e+00 0.000000000000000000e+00 0.000000000000000000e+00
0.000000000000000000e+00 0.000000000000000000e+00 0.000000000000000000e+00 0.000000000000000000e+00
-1.966274614156200418e-01 -9.682456316402390240e-01 1.543957195871805965e-01 -7.300000000000000065e-03
-8.710377689101673759e-01 2.447962955435233345e-01 4.258731957052072081e-01 -7.979999999999999594e-02
-4.501453615769539507e-01 -5.074613776202516191e-02 -8.915121888976005327e-01 4.068999999999999839e-01
0.000000000000000000e+00 0.000000000000000000e+00 0.000000000000000000e+00 1.000000000000000000e+00
-5.479138745658802545e-01 8.130296607732926395e-01 1.969090062975012712e-01 8.200000000000000344e-02
-7.080066624999207248e-01 -3.253297183222287892e-01 -6.268070996982265664e-01 7.900000000000000078e-02
-4.455524120840644864e-01 -4.828491949659271532e-01 7.538830831149005984e-01 4.773000000000000020e-01
0.000000000000000000e+00 0.000000000000000000e+00 0.000000000000000000e+00 1.000000000000000000e+00
3.311138889332214674e-01 8.876057628035647351e-01 -3.201868242033398260e-01 -1.202000000000000013e-01
-2.983871738697310705e-01 4.204092566355235316e-01 8.568670558524242864e-01 -2.850000000000000103e-02
8.951696414789507283e-01 -1.881809415776971584e-01 4.040535189815555039e-01 4.400999999999999912e-01
0.000000000000000000e+00 0.000000000000000000e+00 0.000000000000000000e+00 1.000000000000000000e+00
8.444207209652785373e-01 -3.712406046052527109e-02 5.343925992558304916e-01 -1.008000000000000007e-01
-4.707497041859525222e-01 4.246375926669515577e-01 7.733547897975768803e-01 -7.799999999999999642e-03
-2.556332568609129274e-01 -9.046019671816657448e-01 3.410966416688137048e-01 4.269000000000000017e-01
0.000000000000000000e+00 0.000000000000000000e+00 0.000000000000000000e+00 1.000000000000000000e+00
8.101286935989409077e-01 2.167942148399781832e-02 -5.858510924217795734e-01 -1.147999999999999993e-01
-5.360913713283540494e-01 -3.770534156673246429e-01 -7.552726417134996151e-01 3.150000000000000022e-02
-2.372710294051049995e-01 9.259377540729845091e-01 -2.938396402586265221e-01 4.441999999999999837e-01
0.000000000000000000e+00 0.000000000000000000e+00 0.000000000000000000e+00 1.000000000000000000e+00
-4.134890455319411018e-01 -9.105066181774643663e-01 -2.123082692948807804e-03 1.279000000000000137e-01
-8.112698432842433416e-01 3.673619798488155785e-01 4.548476856477535191e-01 7.300000000000000065e-03
-4.133618881835181003e-01 1.897969283644901917e-01 -8.905667158505088388e-01 4.482999999999999763e-01
0.000000000000000000e+00 0.000000000000000000e+00 0.000000000000000000e+00 1.000000000000000000e+00
9.839174241720504144e-01 1.225847713244844206e-01 1.299210385194075057e-01 -2.179999999999999993e-02
-7.739069039074167322e-02 9.480855288215354060e-01 -3.084550389927743774e-01 2.069999999999999965e-02
-1.609881469285296962e-01 2.934396085713608660e-01 9.423247914970743766e-01 4.615000000000000213e-01
0.000000000000000000e+00 0.000000000000000000e+00 0.000000000000000000e+00 1.000000000000000000e+00
9.941887976107602887e-01 2.088328476129835271e-02 -1.056055070668625306e-01 1.097999999999999948e-01
-9.499576726123429293e-02 -2.912852346274215076e-01 -9.519079347765188048e-01 -8.340000000000000191e-02
-5.064028937239634098e-02 9.564082812824376001e-01 -2.876086935171699999e-01 3.919000000000000261e-01
0.000000000000000000e+00 0.000000000000000000e+00 0.000000000000000000e+00 1.000000000000000000e+00
-5.907924815635001714e-02 -2.092462100685427151e-02 -9.980339686969577073e-01 -8.279999999999999860e-02
9.182724472290269002e-01 3.909764718137530570e-01 -6.255486510323282623e-02 1.507999999999999896e-01
3.915167366758343093e-01 -9.201627892518742247e-01 -3.884093062274995845e-03 4.002999999999999892e-01
0.000000000000000000e+00 0.000000000000000000e+00 0.000000000000000000e+00 1.000000000000000000e+00
-1.195251462955324584e-01 1.718822378140932861e-02 -9.926823783901232989e-01 3.000000000000000062e-03
-8.967274572800405519e-01 -4.310196148243155001e-01 1.005085021118705679e-01 1.593999999999999861e-01
-4.261380137503630317e-01 9.021788384793445470e-01 6.693083472478367213e-02 4.259000000000000008e-01
0.000000000000000000e+00 0.000000000000000000e+00 0.000000000000000000e+00 1.000000000000000000e+00
