0.000000000000000000e+00 0.000000000000000000e+00 0.000000000000000000e+00 0.000000000000000000e+00
0.000000000000000000e+00 0.000000000000000000e+00 0.000000000000000000e+00 0.000000000000000000e+00
0.000000000000000000e+00 0.000000000000000000e+00 0.000000000000000000e+00 0.000000000000000000e+00
0.000000000000000000e+00 0.000000000000000000e+00 0.000000000000000000e+00 0.000000000000000000e+00
9.684768125169835873e-01 -2.463601867608020135e-01 -3.686898420252802261e-02 6.790000000000000202e-02
-2.131679014808520733e-01 -8.962158113712901386e-01 3.890458394924050101e-01 -2.809999999999999998e-02
-1.288879722673658412e-01 -3.689225905624148316e-01 -9.204803163444201797e-01 4.442999999999999727e-01
0.000000000000000000e+00 0.000000000000000000e+00 0.000000000000000000e+00 1.000000000000000000e+00
8.019708459761123454e-01 5.221513689352725862e-01 2.901735861917477677e-01 -1.019000000000000045e-01
-5.331773139854543153e-01 8.447266342117487614e-01 -4.646359117143968043e-02 6.489999999999999936e-02
-2.693783845367239693e-01 -1.174515277563950438e-01 9.558453978400867079e-01 4.702999999999999958e-01
0.000000000000000000e+00 0.000000000000000000e+00 0.000000000000000000e+00 1.000000000000000000e+00
-6.151555438447209312e-02 -2.753845284635810797e-01 -9.593639549470588390e-01 2.899999999999999800e-03
9.763366560885816670e-02 9.549144595102014854e-01 -2.803676913592530462e-01 -1.376000000000000001e-01
9.933194369932306644e-01 -1.109131935399517710e-01 -3.185529140065224141e-02 4.279999999999999916e-01
0.000000000000000000e+00 0.000000000000000000e+00 0.000000000000000000e+00 1.000000000000000000e+00
5.687853954989687821e-01 -3.866553816278750499e-02 -8.215766245613758123e-01 -1.009999999999999960e-02
8.091196409716030491e-01 2.056557916765516802e-01 5.504826082119899100e-01 -1.135000000000000037e-01
1.476772848513474568e-01 -9.778602515229223302e-01 1.482590571616493325e-01 4.131000000000000227e-01
0.000000000000000000e+00 0.000000000000000000e+00 0.000000000000000000e+00 1.000000000000000000e+00
6.201600009311856176e-01 -1.428271961763627473e-02 7.843453175517501874e-01 -5.360000000000000181e-02
7.634595998183748566e-01 -2.188894525357472087e-01 -6.076321642357057629e-01 -1.252999999999999947e-01
1.803635569903156988e-01 9.756451257957089451e-01 -1.248422036847971484e-01 4.107999999999999985e-01
0.000000000000000000e+00 0.000000000000000000e+00 0.000000000000000000e+00 1.000000000000000000e+00
8.898978656086131700e-01 -4.506736998396842497e-01 -7.053371575384900782e-02 -2.259999999999999856e-02
-4.232351165127629655e-01 -8.734154264431506220e-01 2.408682814352205992e-01 1.058999999999999941e-01
-1.701582349922052262e-01 -1.844958241368591656e-01 -9.679914596422831696e-01 4.817000000000000171e-01
0.000000000000000000e+00 0.000000000000000000e+00 0.000000000000000000e+00 1.000000000000000000e+00
1.758798542703277068e-01 -9.812248322441275983e-01 -7.914610192127069510e-02 -4.660000000000000253e-02
9.769738018089461074e-01 1.838505363362931133e-01 -1.082643564051981033e-01 -4.019999999999999962e-02
1.207827282388614920e-01 -5.828214886516505655e-02 9.909665603252392208e-01 4.526999999999999913e-01
0.000000000000000000e+00 0.000000000000000000e+00 0.000000000000000000e+00 1.000000000000000000e+00
1.494788024934858850e-01 -1.048898757300863460e-01 9.831857411366584643e-01 8.210000000000000631e-02
9.619977742475166460e-01 -2.143737708233310890e-01 -1.691276699000194839e-01 8.799999999999999489e-02
2.285090150255291164e-01 9.711034962105289381e-01 6.885949244475719766e-02 4.603999999999999759e-01
0.000000000000000000e+00 0.000000000000000000e+00 0.000000000000000000e+00 1.000000000000000000e+00
-9.998604087063087675e-01 -1.005697274660979565e-03 1.667787980063683423e-02 -1.448000000000000120e-01
-1.648985152796020315e-02 2.202351939309545870e-01 -9.753074100768335253e-01 -6.959999999999999520e-02
-2.692192087979471300e-03 -9.754462814154281070e-01 -2.202210348140585250e-01 3.350000000000000200e-01
0.000000000000000000e+00 0.000000000000000000e+00 0.000000000000000000e+00 1.000000000000000000e+00
9.859905349051945045e-01 4.457055628766651983e-02 -1.607362143064725302e-01 -1.590999999999999914e-01
-1.467869082888268450e-01 -2.258328157246067835e-01 -9.630436869098426556e-01 9.499999999999999764e-03
-7.922290472064158484e-02 9.731459319414039744e-01 -2.161266446172716016e-01 3.754000000000000115e-01
0.000000000000000000e+00 0.000000000000000000e+00 0.000000000000000000e+00 1.000000000000000000e+00
