0.000000000000000000e+00 0.000000000000000000e+00 0.000000000000000000e+00 0.000000000000000000e+00
0.000000000000000000e+00 0.000000000000000000e+00 0.000000000000000000e+00 0.000000000000000000e+00
0.000000000000000000e+00 0.000000000000000000e+00 0.000000000000000000e+00 0.000000000000000000e+00
0.000000000000000000e+00 0.000000000000000000e+00 0.000000000000000000e+00 0.000000000000000000e+00
-2.667596983901669994e-01 -9.519409620940011418e-01 1.504914216901895585e-01 -1.140000000000000041e-02
-9.342060451832721046e-01 2.937815335505684633e-01 2.023647095906455640e-01 -7.639999999999999569e-02
-2.368508569919414442e-01 -8.660724699598570941e-02 -9.676780747283462158e-01 4.344000000000000083e-01
0.000000000000000000e+00 0.000000000000000000e+00 0.000000000000000000e+00 1.000000000000000000e+00
-6.065622515334543330e-01 7.738209234025059668e-01 1.824374235708240977e-01 9.009999999999999953e-02
-7.504072297403787672e-01 -4.814352452283650052e-01 -4.528897152787586533e-01 8.770000000000000018e-02
-2.626237319208561960e-01 -4.116081670185829378e-01 8.727012617588933985e-01 4.652000000000000024e-01
0.000000000000000000e+00 0.000000000000000000e+00 0.000000000000000000e+00 1.000000000000000000e+00
3.418835744324826287e-01 9.055532922818665398e-01 -2.511749517184021507e-01 -1.195999999999999980e-01
-1.113822728328842104e-01 3.044439230548102726e-01 9.459957119424895478e-01 -1.110000000000000049e-02
9.331182191083025046e-01 -2.954439583956140480e-01 2.049469604938816136e-01 4.571999999999999953e-01
0.000000000000000000e+00 0.000000000000000000e+00 0.000000000000000000e+00 1.000000000000000000e+00
8.035739109984949557e-01 -4.105223388536843876e-02 5.937875745210605682e-01 -9.940000000000000224e-02
-5.738370606671574503e-01 2.114734069113051174e-01 7.911953146816544935e-01 4.700000000000000185e-03
-1.580506164728880392e-01 -9.765212298062680985e-01 1.463772194372930935e-01 4.393000000000000238e-01
0.000000000000000000e+00 0.000000000000000000e+00 0.000000000000000000e+00 1.000000000000000000e+00
7.657448849312660233e-01 2.927456690687718632e-02 -6.424778369204784401e-01 -1.102999999999999953e-01
-6.309392136133005202e-01 -1.594989727932665247e-01 -7.592600255531185560e-01 4.780000000000000221e-02
-1.247015634490282743e-01 9.867639420906639813e-01 -1.036650503451399530e-01 4.475000000000000089e-01
0.000000000000000000e+00 0.000000000000000000e+00 0.000000000000000000e+00 1.000000000000000000e+00
-4.781760891961337467e-01 -8.782557034598365009e-01 -3.814061006116975516e-03 1.302999999999999992e-01
-8.526352258288517616e-01 4.631765331253004936e-01 2.418277710227058619e-01 8.200000000000000691e-03
-2.106200356017291775e-01 1.188882605739312454e-01 -9.703116932722344323e-01 4.524000000000000243e-01
0.000000000000000000e+00 0.000000000000000000e+00 0.000000000000000000e+00 1.000000000000000000e+00
9.709325944864142244e-01 1.925498473351013040e-01 1.421775413175702940e-01 -1.760000000000000106e-02
-1.799992691430370162e-01 9.789194369809183227e-01 -9.652460312756776240e-02 3.470000000000000168e-02
-1.577661562942215545e-01 6.812702982070421853e-02 9.851236205349844788e-01 4.650000000000000244e-01
0.000000000000000000e+00 0.000000000000000000e+00 0.000000000000000000e+00 1.000000000000000000e+00
9.838321475580842357e-01 3.506749457178653939e-02 -1.756262402253881416e-01 1.045999999999999985e-01
-1.729291714231629973e-01 -6.905001146579237137e-02 -9.825108638521368176e-01 -9.130000000000000615e-02
-4.658118828611318429e-02 9.969966733851379770e-01 -6.186942828911545789e-02 4.184999999999999831e-01
0.000000000000000000e+00 0.000000000000000000e+00 0.000000000000000000e+00 1.000000000000000000e+00
1.274910605033907629e-02 -2.748840143747161013e-02 -9.995408186168934783e-01 -7.240000000000000602e-02
9.846865303790879320e-01 1.741610274518705648e-01 7.770032619108635519e-03 1.516000000000000125e-01
1.738674701745857032e-01 -9.843334416260178799e-01 2.928785604595129932e-02 3.771999999999999797e-01
0.000000000000000000e+00 0.000000000000000000e+00 0.000000000000000000e+00 1.000000000000000000e+00
-1.905670170661701857e-01 2.063726879197985697e-02 -9.814572406087334056e-01 1.480000000000000066e-02
-9.591771507214508219e-01 -2.167260606473069284e-01 1.816838137264266684e-01 1.597000000000000086e-01
-2.089579037518827231e-01 9.760143020330731556e-01 6.109563557662323063e-02 3.985000000000000209e-01
0.000000000000000000e+00 0.000000000000000000e+00 0.000000000000000000e+00 1.000000000000000000e+00
