0.000000000000000000e+00 0.000000000000000000e+00 0.000000000000000000e+00 0.000000000000000000e+00
0.000000000000000000e+00 0.000000000000000000e+00 0.000000000000000000e+00 0.000000000000000000e+00
0.000000000000000000e+00 0.000000000000000000e+00 0.000000000000000000e+00 0.000000000000000000e+00
0.000000000000000000e+00 0.000000000000000000e+00 0.000000000000000000e+00 0.000000000000000000e+00
6.079875536048269247e-01 -7.901570874875278871e-01 7.747845994110313939e-02 4.340000000000000108e-02
-5.856385940253603373e-01 -3.804382489144031432e-01 7.157472849762981371e-01 -6.829999999999999960e-02
-5.360770204453992882e-01 -4.805398171391942475e-01 -6.940482060305415146e-01 3.915000000000000147e-01
0.000000000000000000e+00 0.000000000000000000e+00 0.000000000000000000e+00 1.000000000000000000e+00
2.633906248624917623e-01 9.051147950713761547e-01 3.337552793252064331e-01 -2.889999999999999861e-02
-6.782353792993646158e-01 4.197746581189403248e-01 -6.031467538400363537e-01 7.439999999999999392e-02
-6.860190587740203627e-01 -6.750143808858616312e-02 7.244455858480882693e-01 5.037000000000000366e-01
0.000000000000000000e+00 0.000000000000000000e+00 0.000000000000000000e+00 1.000000000000000000e+00
1.524555175230334347e-01 3.505043846393406382e-01 -9.240692568879136370e-01 -7.630000000000000671e-02
-3.365881712806410020e-01 8.975183166816682601e-01 2.849022186204568374e-01 -1.102000000000000063e-01
9.292285607592665198e-01 2.675958661293216245e-01 2.548072493077075951e-01 3.713000000000000189e-01
0.000000000000000000e+00 0.000000000000000000e+00 0.000000000000000000e+00 1.000000000000000000e+00
9.573862833834754227e-01 -4.362732133294440484e-02 -2.854963418723394097e-01 -7.389999999999999347e-02
2.525991670229959518e-01 6.057361843234236876e-01 7.545046956915429925e-01 -7.910000000000000364e-02
1.400184459578962259e-01 -7.944685845485718323e-01 5.909437392484367946e-01 3.696999999999999731e-01
0.000000000000000000e+00 0.000000000000000000e+00 0.000000000000000000e+00 1.000000000000000000e+00
9.744066887384250641e-01 -5.916816908190153379e-03 2.247144771025957610e-01 -1.154000000000000026e-01
1.783612644461022301e-01 -5.880758542535915456e-01 -7.888941937858942044e-01 -6.510000000000000508e-02
1.368169005898235702e-01 8.087841374072461953e-01 -5.719697149250217993e-01 3.805999999999999939e-01
0.000000000000000000e+00 0.000000000000000000e+00 0.000000000000000000e+00 1.000000000000000000e+00
4.130698572508543220e-01 -9.095504199736081929e-01 -4.573102400550349556e-02 5.960000000000000020e-02
-6.844440380332112994e-01 -3.431799254931406917e-01 6.432448192868049919e-01 6.010000000000000064e-02
-6.007575649390948236e-01 -2.344047189464316117e-01 -7.642936450763500034e-01 4.954000000000000070e-01
0.000000000000000000e+00 0.000000000000000000e+00 0.000000000000000000e+00 1.000000000000000000e+00
7.489563472071252281e-01 -6.624915155118313859e-01 1.301467836702560610e-02 -5.210000000000000048e-02
5.858354811170527476e-01 6.528625326622420344e-01 -4.801742418228973630e-01 -2.380000000000000171e-02
3.096145652945150317e-01 3.672540065413580912e-01 8.770765734169443384e-01 4.384000000000000119e-01
0.000000000000000000e+00 0.000000000000000000e+00 0.000000000000000000e+00 1.000000000000000000e+00
7.345704498681067118e-01 -7.462980050912856878e-02 6.744157820340023202e-01 1.274000000000000132e-01
5.400758529860858470e-01 -5.373864067497649000e-01 -6.477143837077632416e-01 4.000000000000000083e-03
4.107606690055888299e-01 8.400275249755471130e-01 -3.544424213910311039e-01 4.324000000000000066e-01
0.000000000000000000e+00 0.000000000000000000e+00 0.000000000000000000e+00 1.000000000000000000e+00
-7.909823201736738696e-01 -4.924112077839187807e-03 -6.118191908504637677e-01 -1.635000000000000064e-01
4.886666940305107731e-01 5.966454060263683967e-01 -6.365682379862518392e-01 5.559999999999999665e-02
3.681736428887359969e-01 -8.024898831685511880e-01 -4.695297180095872047e-01 3.630999999999999783e-01
0.000000000000000000e+00 0.000000000000000000e+00 0.000000000000000000e+00 1.000000000000000000e+00
6.691483166725916698e-01 3.538643342198388719e-02 -7.422858820049782480e-01 -1.207000000000000017e-01
-5.670394726270503449e-01 -6.213009070452120142e-01 -5.407877766625586169e-01 1.037000000000000005e-01
-4.803194424308405708e-01 7.827726255014724188e-01 -3.956769515507041479e-01 4.259999999999999898e-01
0.000000000000000000e+00 0.000000000000000000e+00 0.000000000000000000e+00 1.000000000000000000e+00
