0.000000000000000000e+00 0.000000000000000000e+00 0.000000000000000000e+00 0.000000000000000000e+00
0.000000000000000000e+00 0.000000000000000000e+00 0.000000000000000000e+00 0.000000000000000000e+00
0.000000000000000000e+00 0.000000000000000000e+00 0.000000000000000000e+00 0.000000000000000000e+00
0.000000000000000000e+00 0.000000000000000000e+00 0.000000000000000000e+00 0.000000000000000000e+00
2.361523144211006286e-01 -9.631079860508316992e-01 1.290546070416259683e-01 2.019999999999999921e-02
-7.364140013296350817e-01 -9.073247533734862813e-02 6.704192990694953780e-01 -7.729999999999999372e-02
-6.339767369858564372e-01 -2.533586886693808271e-01 -7.306728897642895681e-01 3.821999999999999842e-01
0.000000000000000000e+00 0.000000000000000000e+00 0.000000000000000000e+00 1.000000000000000000e+00
-1.457648103935096362e-01 9.456449475981560937e-01 2.907030325487244826e-01 2.759999999999999953e-02
-7.083383351172738429e-01 1.053769589903721382e-01 -6.979631075617322988e-01 7.799999999999999989e-02
-6.906586878149241215e-01 -3.076545621245068696e-01 6.544763153466632843e-01 5.004999999999999449e-01
0.000000000000000000e+00 0.000000000000000000e+00 0.000000000000000000e+00 1.000000000000000000e+00
2.608374142619993563e-01 6.741613692841041949e-01 -6.909922513936721522e-01 -1.077000000000000041e-01
-3.928385114204171469e-01 7.279508506627598852e-01 5.619301228483440935e-01 -7.749999999999999944e-02
8.818399782648236318e-01 1.248759672008430688e-01 4.547133663634147505e-01 3.938999999999999724e-01
0.000000000000000000e+00 0.000000000000000000e+00 0.000000000000000000e+00 1.000000000000000000e+00
9.910617751416612720e-01 -4.194149205170554645e-02 1.266391294092624742e-01 -9.589999999999999913e-02
-7.521081010526847743e-02 6.083755138884769931e-01 7.900775709664467072e-01 -4.880000000000000310e-02
-1.101811775956694356e-01 -7.925403114955151818e-01 5.997832631528019487e-01 3.900000000000000133e-01
0.000000000000000000e+00 0.000000000000000000e+00 0.000000000000000000e+00 1.000000000000000000e+00
9.821199729248801802e-01 5.690223156939441806e-03 -1.881700830165542460e-01 -1.267000000000000071e-01
-1.506001942234250768e-01 -5.760113350064481885e-01 -8.034491417905401667e-01 -2.249999999999999917e-02
-1.129599056386793032e-01 8.174219004311745751e-01 -5.648552880283470579e-01 4.098999999999999866e-01
0.000000000000000000e+00 0.000000000000000000e+00 0.000000000000000000e+00 1.000000000000000000e+00
1.009781806546850014e-02 -9.996535373714371397e-01 -2.430718599692954784e-02 1.019000000000000045e-01
-7.648985805532612092e-01 -2.337908216754480684e-02 6.437263238245032326e-01 3.610000000000000014e-02
-6.440715764089599560e-01 1.209230076436290657e-02 -7.648696494987241579e-01 4.717999999999999972e-01
0.000000000000000000e+00 0.000000000000000000e+00 0.000000000000000000e+00 1.000000000000000000e+00
9.491611027013441282e-01 -3.058741727006259459e-01 7.439214739121373376e-02 -4.130000000000000338e-02
3.027504309925707626e-01 8.222657211970020308e-01 -4.818934117397608574e-01 -5.400000000000000286e-03
8.622863591975142572e-02 4.799167367565770892e-01 8.730661762594730257e-01 4.482999999999999763e-01
0.000000000000000000e+00 0.000000000000000000e+00 0.000000000000000000e+00 1.000000000000000000e+00
9.461963616563248136e-01 -3.324791046329376998e-02 3.218804461879567480e-01 1.302000000000000102e-01
2.616732775367557329e-01 -5.065622925879278426e-01 -8.215362070847725962e-01 -3.729999999999999982e-02
1.903668590157050478e-01 8.615620814415448914e-01 -4.706073084968052100e-01 3.975000000000000200e-01
0.000000000000000000e+00 0.000000000000000000e+00 0.000000000000000000e+00 1.000000000000000000e+00
-4.760277985415666269e-01 -1.142552343523250968e-02 -8.793560100607153984e-01 -1.363000000000000045e-01
7.085237379731879059e-01 5.873425290647011909e-01 -3.911813726142671088e-01 1.077000000000000041e-01
5.209526348375361771e-01 -8.092578148934440607e-01 -2.714961165278748645e-01 3.978999999999999759e-01
0.000000000000000000e+00 0.000000000000000000e+00 0.000000000000000000e+00 1.000000000000000000e+00
3.117462490268703146e-01 2.656437200096717355e-02 -9.497939831131122501e-01 -6.619999999999999496e-02
-7.401605845426230124e-01 -6.200133352955845556e-01 -2.602801820061749205e-01 1.376999999999999891e-01
-5.957991148929303593e-01 7.841414401725235184e-01 -1.736249305167940626e-01 4.457999999999999741e-01
0.000000000000000000e+00 0.000000000000000000e+00 0.000000000000000000e+00 1.000000000000000000e+00
