0.000000000000000000e+00 0.000000000000000000e+00 0.000000000000000000e+00 0.000000000000000000e+00
0.000000000000000000e+00 0.000000000000000000e+00 0.000000000000000000e+00 0.000000000000000000e+00
0.000000000000000000e+00 0.000000000000000000e+00 0.000000000000000000e+00 0.000000000000000000e+00
0.000000000000000000e+00 0.000000000000000000e+00 0.000000000000000000e+00 0.000000000000000000e+00
-9.879321857834248988e-01 -1.293619288968665959e-01 8.517915029669184679e-02 -6.049999999999999822e-02
-9.346985565198362433e-02 9.364544639843689344e-01 3.381071175946251395e-01 -3.470000000000000168e-02
-1.235045844395329662e-01 3.260652208314010481e-01 -9.372449463115752888e-01 4.393000000000000238e-01
0.000000000000000000e+00 0.000000000000000000e+00 0.000000000000000000e+00 1.000000000000000000e+00
-9.621060684353812675e-01 -1.920544135179949041e-01 -1.935639825175970996e-01 1.330000000000000071e-01
2.726744573105945868e-01 -6.795774862657419924e-01 -6.810455788646661013e-01 -5.870000000000000218e-02
-7.439154430178701594e-04 -7.080180381946454826e-01 7.061939564884559539e-01 4.284000000000000030e-01
0.000000000000000000e+00 0.000000000000000000e+00 0.000000000000000000e+00 1.000000000000000000e+00
1.881743746703171682e-01 5.883687010399537565e-01 7.863921899116194103e-01 -4.130000000000000338e-02
-6.871547157536074257e-01 -4.932113726138183107e-01 5.334425353699983052e-01 7.290000000000000646e-02
7.017184630142020429e-01 -6.407533172453736547e-01 3.114905858995348220e-01 5.068000000000000282e-01
0.000000000000000000e+00 0.000000000000000000e+00 0.000000000000000000e+00 1.000000000000000000e+00
-2.223069677643865205e-01 1.534778616416831998e-02 9.748559162990513283e-01 -2.189999999999999933e-02
-8.416234895441119246e-01 5.017373691777641254e-01 -1.998237078481129858e-01 7.019999999999999851e-02
-4.921884943098486787e-01 -8.648838406574809179e-01 -9.862265580772500151e-02 4.823999999999999955e-01
0.000000000000000000e+00 0.000000000000000000e+00 0.000000000000000000e+00 1.000000000000000000e+00
-2.833513449837896658e-01 2.857587428171315391e-02 -9.585903372686965795e-01 1.400000000000000029e-02
-8.483257365068372913e-01 -4.736514937136557801e-01 2.366383470254876387e-01 9.450000000000000067e-02
-4.472755974519623812e-01 8.802486477762172523e-01 1.584514373937060405e-01 4.953000000000000180e-01
0.000000000000000000e+00 0.000000000000000000e+00 0.000000000000000000e+00 1.000000000000000000e+00
-9.945659850938479707e-01 8.618109325765636874e-02 5.840651041808850308e-02 7.530000000000000582e-02
1.036947545434471069e-01 8.699808145710462570e-01 4.820588969809322388e-01 -1.207000000000000017e-01
-9.268180753384230863e-03 4.854958305106377714e-01 -8.741898531682394946e-01 3.981999999999999984e-01
0.000000000000000000e+00 0.000000000000000000e+00 0.000000000000000000e+00 1.000000000000000000e+00
1.998616633671059795e-01 9.711316631994005855e-01 1.302252212426594224e-01 4.220000000000000140e-02
-8.083935330994235224e-01 2.385331984768168656e-01 -5.381466425310583723e-01 6.499999999999999702e-03
-5.536742825517226851e-01 2.281656412673194190e-03 8.327301981343355752e-01 4.722000000000000086e-01
0.000000000000000000e+00 0.000000000000000000e+00 0.000000000000000000e+00 1.000000000000000000e+00
2.295162901430193303e-01 1.141887061454657792e-01 -9.665832669500387109e-01 -3.030000000000000054e-02
-8.587665371398722769e-01 -4.436410653385107761e-01 -2.563252617946651934e-01 -1.295999999999999930e-01
-4.580854802848239871e-01 8.889001881730791421e-01 -3.761411714567675091e-03 3.760000000000000009e-01
0.000000000000000000e+00 0.000000000000000000e+00 0.000000000000000000e+00 1.000000000000000000e+00
9.216823838577916650e-01 -1.433449430000682812e-02 -3.876804167860191108e-01 1.113999999999999990e-01
3.469300415539036675e-01 4.776664954857898771e-01 8.071395575473492290e-01 1.353999999999999926e-01
1.736120086676756213e-01 -8.784242946113722805e-01 4.452298609514954153e-01 4.178000000000000047e-01
0.000000000000000000e+00 0.000000000000000000e+00 0.000000000000000000e+00 1.000000000000000000e+00
-9.755068100160002587e-01 -2.838888477006892841e-02 -2.181296285100187693e-01 1.570000000000000007e-01
-1.770400763491219165e-01 -4.872009642558583487e-01 8.551561446861379867e-01 5.960000000000000020e-02
-1.305498945947645151e-01 8.728283288537750373e-01 4.702418881507923754e-01 4.008999999999999786e-01
0.000000000000000000e+00 0.000000000000000000e+00 0.000000000000000000e+00 1.000000000000000000e+00
