0.000000000000000000e+00 0.000000000000000000e+00 0.000000000000000000e+00 0.000000000000000000e+00
0.000000000000000000e+00 0.000000000000000000e+00 0.000000000000000000e+00 0.000000000000000000e+00
0.000000000000000000e+00 0.000000000000000000e+00 0.000000000000000000e+00 0.000000000000000000e+00
0.000000000000000000e+00 0.000000000000000000e+00 0.000000000000000000e+00 0.000000000000000000e+00
-9.104013223709848113e-01 -3.936128932690875493e-01 1.274296765965482470e-01 -5.380000000000000060e-02
-2.065066943191216087e-01 6.992177770215642907e-01 6.844336969337577736e-01 -5.229999999999999927e-02
-3.585030228973694610e-01 5.967942614916467159e-01 -7.178524862561170838e-01 4.053999999999999826e-01
0.000000000000000000e+00 0.000000000000000000e+00 0.000000000000000000e+00 1.000000000000000000e+00
-9.902479404324933121e-01 7.465932585929743737e-02 -1.176222833116241928e-01 1.395000000000000129e-01
8.159544810428237538e-02 -3.735169903057753427e-01 -9.240277272904618977e-01 -3.649999999999999772e-02
-1.129212084502557445e-01 -9.246139967657586167e-01 3.637825692181848591e-01 4.287000000000000255e-01
0.000000000000000000e+00 0.000000000000000000e+00 0.000000000000000000e+00 1.000000000000000000e+00
2.512042211074350107e-01 7.708468329020620180e-01 5.853986671514269657e-01 -7.019999999999999851e-02
-8.621911863196606296e-01 -9.666956238404811330e-02 4.972739224423222137e-01 2.220000000000000098e-02
4.399122611731832722e-01 -6.296428796653995574e-01 6.403335432071007860e-01 5.086000000000000520e-01
0.000000000000000000e+00 0.000000000000000000e+00 0.000000000000000000e+00 1.000000000000000000e+00
5.536734442011037594e-02 1.107650924339248499e-02 9.984046114250705317e-01 -4.769999999999999934e-02
-6.092823771769824148e-01 7.925592805069558988e-01 2.499543446035323857e-02 3.259999999999999704e-02
-7.910179783250380625e-01 -6.096942658622249711e-01 5.063062453982047906e-02 4.897000000000000242e-01
0.000000000000000000e+00 0.000000000000000000e+00 0.000000000000000000e+00 1.000000000000000000e+00
-7.925156650567366512e-03 2.245208882206695122e-02 -9.997165076158289754e-01 -2.079999999999999905e-02
-6.432353096089538091e-01 -7.655730284691695253e-01 -1.209440171391845675e-02 5.569999999999999951e-02
-7.656275389276023802e-01 6.429571072692721323e-01 2.050926248289741682e-02 5.175999999999999490e-01
0.000000000000000000e+00 0.000000000000000000e+00 0.000000000000000000e+00 1.000000000000000000e+00
-9.796347579455852994e-01 -1.920565804408171928e-01 5.856629520701364666e-02 1.030999999999999972e-01
-7.344709369579076330e-02 6.142301905364859760e-01 7.857014684096969015e-01 -9.099999999999999756e-02
-1.868723239341152365e-01 7.653989436515392653e-01 -6.158272416876111599e-01 3.669999999999999929e-01
0.000000000000000000e+00 0.000000000000000000e+00 0.000000000000000000e+00 1.000000000000000000e+00
4.615302089064378110e-01 8.756980911159079062e-01 1.419250488206180161e-01 3.059999999999999873e-02
-4.827882728842088911e-01 3.821544880515490572e-01 -7.879552213340179634e-01 -1.020000000000000073e-02
-7.442481775807465727e-01 2.951453887120945585e-01 5.991526096828120318e-01 4.718999999999999861e-01
0.000000000000000000e+00 0.000000000000000000e+00 0.000000000000000000e+00 1.000000000000000000e+00
4.892061223189804187e-01 9.593065726459634734e-02 -8.668763919281741170e-01 6.700000000000000226e-03
-5.605425843646847373e-01 -7.268869298575701965e-01 -3.967712216328150854e-01 -1.084999999999999992e-01
-6.681836431695908907e-01 6.800240438389063558e-01 -3.018243177770711938e-01 3.210000000000000075e-01
0.000000000000000000e+00 0.000000000000000000e+00 0.000000000000000000e+00 1.000000000000000000e+00
7.790168989619705719e-01 -9.700659814113332668e-03 -6.269278812836813763e-01 7.340000000000000691e-02
4.051874737172043162e-01 7.708409125571669129e-01 4.915560992101553062e-01 1.396000000000000019e-01
4.784932416182539061e-01 -6.369538324927521700e-01 6.044286831367703394e-01 4.823000000000000065e-01
0.000000000000000000e+00 0.000000000000000000e+00 0.000000000000000000e+00 1.000000000000000000e+00
-8.773274330271876309e-01 -2.831542080385979210e-02 -4.790561681083194134e-01 1.378999999999999948e-01
-2.773449390431802497e-01 -7.847463713921296602e-01 5.543039936479086105e-01 8.540000000000000369e-02
-3.916329404494222066e-01 6.191699036060993588e-01 6.806263809340282744e-01 4.502999999999999781e-01
0.000000000000000000e+00 0.000000000000000000e+00 0.000000000000000000e+00 1.000000000000000000e+00
