0.000000000000000000e+00 0.000000000000000000e+00 0.000000000000000000e+00 0.000000000000000000e+00
0.000000000000000000e+00 0.000000000000000000e+00 0.000000000000000000e+00 0.000000000000000000e+00
0.000000000000000000e+00 0.000000000000000000e+00 0.000000000000000000e+00 0.000000000000000000e+00
0.000000000000000000e+00 0.000000000000000000e+00 0.000000000000000000e+00 0.000000000000000000e+00
-9.513584503457310770e-01 -2.896474571619364613e-01 1.049830915690440347e-01 -5.809999999999999887e-02
-2.782758101725443800e-01 9.541080661286676090e-01 1.106362129730953936e-01 -3.699999999999999817e-02
-1.322107122308329441e-01 7.604044126541012472e-02 -9.883006520606867351e-01 4.437999999999999723e-01
0.000000000000000000e+00 0.000000000000000000e+00 0.000000000000000000e+00 1.000000000000000000e+00
-9.889259658355367133e-01 -3.653529616124944618e-02 -1.438422963896941742e-01 1.371999999999999886e-01
1.059675738488375096e-01 -8.524080417946153787e-01 -5.120267606057915533e-01 -3.139999999999999736e-02
-1.039052808515621151e-01 -5.215991779309847587e-01 8.468400027117748419e-01 4.462999999999999745e-01
0.000000000000000000e+00 0.000000000000000000e+00 0.000000000000000000e+00 1.000000000000000000e+00
2.337520919178844858e-01 7.009291290471454383e-01 6.738384936891205212e-01 -5.999999999999999778e-02
-4.576303814228191436e-01 -5.321607092945404016e-01 7.123057022668964899e-01 8.540000000000000369e-02
8.578661862568180974e-01 -4.748719148742549523e-01 1.963727856421056961e-01 4.828000000000000069e-01
0.000000000000000000e+00 0.000000000000000000e+00 0.000000000000000000e+00 1.000000000000000000e+00
-5.874468175474167886e-02 6.476275659063501777e-03 9.982520324142204471e-01 -3.849999999999999950e-02
-9.601353083021894053e-01 2.733938212023523384e-01 -5.827528017809757710e-02 8.010000000000000453e-02
-2.732933444432806835e-01 -9.618803856935455032e-01 -9.842332093680017380e-03 4.606000000000000094e-01
0.000000000000000000e+00 0.000000000000000000e+00 0.000000000000000000e+00 1.000000000000000000e+00
-1.213363026779581411e-01 3.164386359910120738e-02 -9.921069335252952204e-01 -7.700000000000000247e-03
-9.655441067232920505e-01 -2.355802331629108792e-01 1.105736483744143572e-01 1.121999999999999942e-01
-2.302218052756144773e-01 9.713396005720296156e-01 5.913798048806673258e-02 4.682999999999999940e-01
0.000000000000000000e+00 0.000000000000000000e+00 0.000000000000000000e+00 1.000000000000000000e+00
-9.954629217353998527e-01 -7.923130674004127960e-02 5.268748885918281971e-02 9.160000000000000087e-02
-6.299258662211923432e-02 9.637775751631715293e-01 2.591615705370918232e-01 -1.073999999999999955e-01
-7.131273014459499349e-02 2.546668130025243060e-01 -9.643958258279954343e-01 4.304999999999999938e-01
0.000000000000000000e+00 0.000000000000000000e+00 0.000000000000000000e+00 1.000000000000000000e+00
3.575108365558282708e-01 9.226163567419101152e-01 1.447931628822176076e-01 3.470000000000000168e-02
-8.752584906438538592e-01 3.850845053142615271e-01 -2.926303099863604151e-01 2.699999999999999969e-02
-3.257431139732576697e-01 -2.211293827502439080e-02 9.451996834848445106e-01 4.691000000000000170e-01
0.000000000000000000e+00 0.000000000000000000e+00 0.000000000000000000e+00 1.000000000000000000e+00
3.868586764746502205e-01 1.108586483928648558e-01 -9.154511043812165738e-01 -9.499999999999999764e-03
-8.956393447495392124e-01 -1.911120509041965843e-01 -4.016296156109605553e-01 -1.381999999999999895e-01
-2.194778544019828637e-01 9.752879288065136043e-01 2.535601213525151554e-02 4.073999999999999844e-01
0.000000000000000000e+00 0.000000000000000000e+00 0.000000000000000000e+00 1.000000000000000000e+00
8.450468773137054246e-01 -1.811881495757433624e-02 -5.343851454586742156e-01 8.809999999999999776e-02
5.222626800648204615e-01 2.422109063646683547e-01 8.176647050286056650e-01 1.482999999999999874e-01
1.146187949416077323e-01 -9.700544239281314596e-01 2.141423509341265907e-01 3.865999999999999992e-01
0.000000000000000000e+00 0.000000000000000000e+00 0.000000000000000000e+00 1.000000000000000000e+00
-9.262448377401788502e-01 -2.221495542706411475e-02 -3.762671874015103279e-01 1.454999999999999905e-01
-3.581030081012323008e-01 -2.596265926733425378e-01 8.968591126624509968e-01 7.910000000000000364e-02
-1.176126530119888380e-01 9.654535349421036194e-01 2.325225488404892848e-01 3.909000000000000252e-01
0.000000000000000000e+00 0.000000000000000000e+00 0.000000000000000000e+00 1.000000000000000000e+00
