0.000000000000000000e+00 0.000000000000000000e+00 0.000000000000000000e+00 0.000000000000000000e+00
0.000000000000000000e+00 0.000000000000000000e+00 0.000000000000000000e+00 0.000000000000000000e+00
0.000000000000000000e+00 0.000000000000000000e+00 0.000000000000000000e+00 0.000000000000000000e+00
0.000000000000000000e+00 0.000000000000000000e+00 0.000000000000000000e+00 0.000000000000000000e+00
9.864423838612551565e-01 -1.566285858171158896e-01 -4.897866297740677277e-02 6.779999999999999916e-02
-6.406023573479580069e-02 -6.422883772263912050e-01 7.637813343343050621e-01 -3.729999999999999982e-02
-1.510884162327688907e-01 -7.502886954931543562e-01 -6.436141420878305208e-01 4.294000000000000039e-01
0.000000000000000000e+00 0.000000000000000000e+00 0.000000000000000000e+00 1.000000000000000000e+00
8.525619356183939956e-01 4.476988472486586046e-01 2.696365852528912477e-01 -1.102000000000000063e-01
-2.948356847515705148e-01 8.380004112607929434e-01 -4.591592640073968168e-01 2.170000000000000054e-02
-4.315206425325327499e-01 3.119632236321520091e-01 8.464448488645588409e-01 4.840999999999999748e-01
0.000000000000000000e+00 0.000000000000000000e+00 0.000000000000000000e+00 1.000000000000000000e+00
-9.408089158996979506e-02 -3.567047470715954960e-01 -9.294678634865357614e-01 1.329999999999999932e-02
-3.722368123358612557e-01 8.784985668911224899e-01 -2.994662310049012177e-01 -1.313999999999999890e-01
9.233572122313623565e-01 3.178081046588225878e-01 -2.154285664286277324e-01 3.610999999999999766e-01
0.000000000000000000e+00 0.000000000000000000e+00 0.000000000000000000e+00 1.000000000000000000e+00
4.905543218962910013e-01 -3.300511017126217528e-02 -8.707853466678528997e-01 -1.500000000000000031e-03
6.883438708853834020e-01 6.274477816742490832e-01 3.639945009015801425e-01 -1.040999999999999981e-01
5.343586554771960762e-01 -7.779588317993739732e-01 3.305160863588283426e-01 3.580999999999999739e-01
0.000000000000000000e+00 0.000000000000000000e+00 0.000000000000000000e+00 1.000000000000000000e+00
5.450888963905743401e-01 -1.850762073706740951e-02 8.381739455544765516e-01 -4.379999999999999866e-02
6.363215274520708231e-01 -6.418094525578130760e-01 -4.279901170687289147e-01 -1.165000000000000063e-01
5.458690399104617619e-01 7.666407858848195422e-01 -3.380664086908626853e-01 3.477999999999999980e-01
0.000000000000000000e+00 0.000000000000000000e+00 0.000000000000000000e+00 1.000000000000000000e+00
9.279084010978595476e-01 -3.665439139080963749e-01 -6.805555340270016962e-02 -3.520000000000000212e-02
-2.367274340239965413e-01 -7.203300378978663154e-01 6.519852440680485861e-01 5.820000000000000173e-02
-2.880036825327553229e-01 -5.888719688344764558e-01 -7.551712939251460366e-01 5.180000000000000160e-01
0.000000000000000000e+00 0.000000000000000000e+00 0.000000000000000000e+00 1.000000000000000000e+00
8.520120590116564419e-02 -9.919850929805658080e-01 -9.330771574379920219e-02 -4.529999999999999999e-02
8.227369167517744053e-01 1.228672667691615983e-01 -5.549843246168847388e-01 -5.970000000000000306e-02
5.620006408597513214e-01 -2.948236864660169765e-02 8.266111961570655753e-01 4.240999999999999770e-01
0.000000000000000000e+00 0.000000000000000000e+00 0.000000000000000000e+00 1.000000000000000000e+00
5.739347911988268436e-02 -1.090752978503871096e-01 9.923752153058664760e-01 7.109999999999999654e-02
7.582062801741866753e-01 -6.418995334664940877e-01 -1.144037833286991046e-01 5.909999999999999976e-02
6.494838144703363181e-01 7.589911516838299121e-01 4.586072837096177857e-02 4.974000000000000088e-01
0.000000000000000000e+00 0.000000000000000000e+00 0.000000000000000000e+00 1.000000000000000000e+00
-9.940460769995862478e-01 3.266229541847041895e-03 1.089115629596448254e-01 -1.376000000000000001e-01
-8.143394937868278505e-02 6.418382581493292660e-01 -7.625038768848491078e-01 -3.860000000000000236e-02
-7.239412055079363917e-02 -7.668330862191685693e-01 -6.377508206104185451e-01 3.000999999999999779e-01
0.000000000000000000e+00 0.000000000000000000e+00 0.000000000000000000e+00 1.000000000000000000e+00
9.967859335388040698e-01 4.079681859374303249e-02 -6.894506720428951463e-02 -1.598999999999999866e-01
-2.667421992216064547e-02 -6.424914496437224010e-01 -7.658284554169114688e-01 1.209999999999999964e-02
-7.553998074343799829e-02 7.652060877484818668e-01 -6.393382161125233942e-01 3.710999999999999854e-01
0.000000000000000000e+00 0.000000000000000000e+00 0.000000000000000000e+00 1.000000000000000000e+00
