0.000000000000000000e+00 0.000000000000000000e+00 0.000000000000000000e+00 0.000000000000000000e+00
0.000000000000000000e+00 0.000000000000000000e+00 0.000000000000000000e+00 0.000000000000000000e+00
0.000000000000000000e+00 0.000000000000000000e+00 0.000000000000000000e+00 0.000000000000000000e+00
0.000000000000000000e+00 0.000000000000000000e+00 0.000000000000000000e+00 0.000000000000000000e+00
-9.536315301099487218e-01 -2.823753192881288121e-01 1.041685357345717711e-01 -5.759999999999999842e-02
-2.415744752047301602e-01 9.245525866413218941e-01 2.946935483929028488e-01 -4.139999999999999930e-02
-1.795234739796348900e-01 2.558646001145299387e-01 -9.498971674336724735e-01 4.348000000000000198e-01
0.000000000000000000e+00 0.000000000000000000e+00 0.000000000000000000e+00 1.000000000000000000e+00
-9.882327370271499767e-01 -4.370034014191449129e-02 -1.465821876603965734e-01 1.376999999999999891e-01
1.308100435962284147e-01 -7.381467513741877262e-01 -6.618369179262254542e-01 -3.769999999999999740e-02
-7.927666719899092995e-02 -6.732233312261343139e-01 7.351772278373474023e-01 4.378000000000000225e-01
0.000000000000000000e+00 0.000000000000000000e+00 0.000000000000000000e+00 1.000000000000000000e+00
2.315885088970069949e-01 6.962090867642485303e-01 6.794554216825059445e-01 -5.840000000000000052e-02
-6.132080626558193970e-01 -4.377391116377391533e-01 6.575411333418615945e-01 7.149999999999999412e-02
7.552103246386119295e-01 -5.689265134000119906e-01 3.255456771479976474e-01 4.963000000000000189e-01
0.000000000000000000e+00 0.000000000000000000e+00 0.000000000000000000e+00 1.000000000000000000e+00
-6.631230755533712440e-02 7.159691048012950532e-03 9.977732290910512614e-01 -3.710000000000000103e-02
-8.906109717308207108e-01 4.504614431391724683e-01 -6.242263433769351666e-02 7.019999999999999851e-02
-4.499052954782479241e-01 -8.927671740543954293e-01 -2.349463835770260189e-02 4.733999999999999875e-01
0.000000000000000000e+00 0.000000000000000000e+00 0.000000000000000000e+00 1.000000000000000000e+00
-1.289614455301355544e-01 3.117567577743612928e-02 -9.911594335961284585e-01 -6.000000000000000125e-03
-9.035793791059782976e-01 -4.154810600671399179e-01 1.044978199769769911e-01 1.000999999999999945e-01
-4.085501820110140625e-01 9.090674155228015696e-01 8.175073585883640970e-02 4.869999999999999885e-01
0.000000000000000000e+00 0.000000000000000000e+00 0.000000000000000000e+00 1.000000000000000000e+00
-9.960177841283857081e-01 -7.145277733063402914e-02 5.332048679184706041e-02 9.160000000000000087e-02
-4.111273256132890602e-02 8.987875481502818342e-01 4.364523874506192613e-01 -1.091000000000000025e-01
-7.910952484575642374e-02 4.325221889125963615e-01 -8.981460010359869628e-01 4.081000000000000183e-01
0.000000000000000000e+00 0.000000000000000000e+00 0.000000000000000000e+00 1.000000000000000000e+00
3.504480607850021245e-01 9.254519396500107131e-01 1.439613284533886872e-01 3.570000000000000256e-02
-8.004064320507104924e-01 3.757532910850805985e-01 -4.670749487722311577e-01 1.590000000000000094e-02
-4.863493602585317044e-01 4.845793677782544995e-02 8.724196972440232400e-01 4.714999999999999747e-01
0.000000000000000000e+00 0.000000000000000000e+00 0.000000000000000000e+00 1.000000000000000000e+00
3.799517662694842368e-01 1.107503827846869626e-01 -9.183523332696141850e-01 -9.799999999999999684e-03
-8.406286120748642787e-01 -3.729289837457054890e-01 -3.927690283658863413e-01 -1.342000000000000137e-01
-3.859795226042262439e-01 9.212265333757166941e-01 -4.859508550021329754e-02 3.799000000000000155e-01
0.000000000000000000e+00 0.000000000000000000e+00 0.000000000000000000e+00 1.000000000000000000e+00
8.491246028746228802e-01 -1.764072675136371671e-02 -5.278979196328563717e-01 8.999999999999999667e-02
4.850900192183195125e-01 4.214865464064034839e-01 7.661832446961843734e-01 1.502999999999999892e-01
2.089858417400191348e-01 -9.066630553618507671e-01 3.664519368131777810e-01 4.133000000000000007e-01
0.000000000000000000e+00 0.000000000000000000e+00 0.000000000000000000e+00 1.000000000000000000e+00
-9.291134735933459510e-01 -2.252999334525049302e-02 -3.691077790932751901e-01 1.469000000000000028e-01
-3.228519753864563802e-01 -4.372908778894615267e-01 8.393707703415261845e-01 8.110000000000000542e-02
-1.803184826255201101e-01 8.990378676755096388e-01 3.990189936696033612e-01 4.042999999999999927e-01
0.000000000000000000e+00 0.000000000000000000e+00 0.000000000000000000e+00 1.000000000000000000e+00
