0.000000000000000000e+00 0.000000000000000000e+00 0.000000000000000000e+00 0.000000000000000000e+00
0.000000000000000000e+00 0.000000000000000000e+00 0.000000000000000000e+00 0.000000000000000000e+00
0.000000000000000000e+00 0.000000000000000000e+00 0.000000000000000000e+00 0.000000000000000000e+00
0.000000000000000000e+00 0.000000000000000000e+00 0.000000000000000000e+00 0.000000000000000000e+00
4.774069231039845818e-01 -8.735742933269098343e-01 9.460752512763542788e-02 3.610000000000000014e-02
-7.919875406472264290e-01 -3.811681989224446898e-01 4.769345233779764270e-01 -7.190000000000000557e-02
-3.805763592657115946e-01 -3.026198244805017867e-01 -8.738322931772699587e-01 4.148999999999999910e-01
0.000000000000000000e+00 0.000000000000000000e+00 0.000000000000000000e+00 1.000000000000000000e+00
1.108771093085916259e-01 9.381222014988245261e-01 3.280746891888641215e-01 -7.000000000000000146e-03
-8.721579455569258288e-01 2.501192302570203196e-01 -4.204531943719279075e-01 1.052000000000000018e-01
-4.764942650581360239e-01 -2.395143121206638193e-01 8.459232291739434695e-01 4.853999999999999981e-01
0.000000000000000000e+00 0.000000000000000000e+00 0.000000000000000000e+00 1.000000000000000000e+00
2.014787634023658125e-01 4.805908053176767281e-01 -8.534862539853588226e-01 -8.920000000000000151e-02
-8.453912536333865746e-02 8.766358748634253129e-01 4.736693775042235544e-01 -1.000000000000000056e-01
9.758378165354401057e-01 -2.328133901956477847e-02 2.172522383608530561e-01 4.148000000000000020e-01
0.000000000000000000e+00 0.000000000000000000e+00 0.000000000000000000e+00 1.000000000000000000e+00
9.899202301798869508e-01 -4.828912146400524824e-02 -1.331393954802041757e-01 -8.319999999999999618e-02
1.415788060140347193e-01 3.616923227965480603e-01 9.214847287490325334e-01 -7.119999999999999940e-02
3.657809213175322594e-03 -9.310460914360106921e-01 3.648832635973974226e-01 4.042000000000000037e-01
0.000000000000000000e+00 0.000000000000000000e+00 0.000000000000000000e+00 1.000000000000000000e+00
9.974960342608023556e-01 2.691944187402553479e-03 7.067117566918017235e-02 -1.214999999999999969e-01
6.750814524937476246e-02 -3.340750261230638340e-01 -9.401258039463993299e-01 -4.900000000000000189e-02
2.107870866446833261e-02 9.425426411348010181e-01 -3.334202418625364928e-01 4.131000000000000227e-01
0.000000000000000000e+00 0.000000000000000000e+00 0.000000000000000000e+00 1.000000000000000000e+00
2.663621996297617089e-01 -9.629152444424770030e-01 -4.295824284906868407e-02 7.779999999999999416e-02
-8.758070477007046106e-01 -2.603965837536741379e-01 4.063934477414604673e-01 7.660000000000000142e-02
-4.025086257537476842e-01 -7.062472081148518654e-02 -9.126877642458721684e-01 4.763000000000000012e-01
0.000000000000000000e+00 0.000000000000000000e+00 0.000000000000000000e+00 1.000000000000000000e+00
8.409381288429100820e-01 -5.395574097956843396e-01 4.124154450013969853e-02 -4.830000000000000265e-02
5.348181877147719643e-01 8.171023130708681137e-01 -2.152052881871721890e-01 -2.799999999999999972e-03
8.241704646292512260e-02 2.030310604533426544e-01 9.756976063020341705e-01 4.526999999999999913e-01
0.000000000000000000e+00 0.000000000000000000e+00 0.000000000000000000e+00 1.000000000000000000e+00
8.310775897252313804e-01 -5.589366691652919439e-02 5.533407068480720170e-01 1.318000000000000005e-01
5.215121137573018872e-01 -2.673463927452834898e-01 -8.102783604974743703e-01 -3.899999999999999821e-03
1.932230707262748148e-01 9.619780685050507429e-01 -1.930363713251994628e-01 4.280999999999999805e-01
0.000000000000000000e+00 0.000000000000000000e+00 0.000000000000000000e+00 1.000000000000000000e+00
-6.863031916622357453e-01 -1.178831906202260082e-02 -7.272200249222517954e-01 -1.560999999999999888e-01
6.796941849112676515e-01 3.454568891145800569e-01 -6.470512752178798621e-01 6.769999999999999629e-02
2.588508143932253813e-01 -9.383605774418322110e-01 -2.290757136647079140e-01 3.645999999999999797e-01
0.000000000000000000e+00 0.000000000000000000e+00 0.000000000000000000e+00 1.000000000000000000e+00
5.455145609447875632e-01 3.709888598458804809e-02 -8.372798435743679102e-01 -1.019000000000000045e-01
-7.676314521355562803e-01 -3.788567728857141770e-01 -5.169231077547984388e-01 1.247000000000000053e-01
-3.363864109762350063e-01 9.247114243358975916e-01 -1.781936144007487677e-01 4.082999999999999963e-01
0.000000000000000000e+00 0.000000000000000000e+00 0.000000000000000000e+00 1.000000000000000000e+00
