0.000000000000000000e+00 0.000000000000000000e+00 0.000000000000000000e+00 0.000000000000000000e+00
0.000000000000000000e+00 0.000000000000000000e+00 0.000000000000000000e+00 0.000000000000000000e+00
0.000000000000000000e+00 0.000000000000000000e+00 0.000000000000000000e+00 0.000000000000000000e+00
0.000000000000000000e+00 0.000000000000000000e+00 0.000000000000000000e+00 0.000000000000000000e+00
9.939863879569277305e-01 -8.854956082373866000e-02 -6.442077176084569368e-02 6.940000000000000335e-02
-3.235288758759329725e-02 -7.995123781582902378e-01 5.997776653364307320e-01 -2.670000000000000151e-02
-1.046152532907344140e-01 -5.940866371579131000e-01 -7.975692548796735615e-01 4.409000000000000141e-01
0.000000000000000000e+00 0.000000000000000000e+00 0.000000000000000000e+00 1.000000000000000000e+00
8.852176081616172088e-01 3.864017910184492366e-01 2.590047144326916295e-01 -1.137999999999999984e-01
-3.268521674821037171e-01 9.128381220784781425e-01 -2.447329636409615594e-01 3.139999999999999736e-02
-3.309946326043313181e-01 1.319856764121474513e-01 9.343566419783998489e-01 4.758999999999999897e-01
0.000000000000000000e+00 0.000000000000000000e+00 0.000000000000000000e+00 1.000000000000000000e+00
-1.120591736393792281e-01 -4.183450969156892185e-01 -9.013490564092594415e-01 2.309999999999999901e-02
-1.663885234542133995e-01 9.021553980785029792e-01 -3.980332862720711296e-01 -1.365999999999999992e-01
9.796721905137384390e-01 1.053708574721704538e-01 -1.707026113730936157e-01 3.934000000000000274e-01
0.000000000000000000e+00 0.000000000000000000e+00 0.000000000000000000e+00 1.000000000000000000e+00
4.281869744234693131e-01 -3.512950634114569981e-02 -9.030071055746475839e-01 6.899999999999999883e-03
8.184906039581951731e-01 4.386310730639408906e-01 3.710470495434839422e-01 -1.116999999999999937e-01
3.830522760227697554e-01 -8.979803447331144994e-01 2.165692829252860996e-01 3.840000000000000080e-01
0.000000000000000000e+00 0.000000000000000000e+00 0.000000000000000000e+00 1.000000000000000000e+00
4.850072178304788428e-01 -1.490324617119481720e-02 8.743831493721154757e-01 -3.409999999999999837e-02
7.739544295918898698e-01 -4.581802587098846580e-01 -4.371102737795525828e-01 -1.287000000000000088e-01
4.071394596049746628e-01 8.887343493879956702e-01 -2.106862991522355788e-01 3.755000000000000004e-01
0.000000000000000000e+00 0.000000000000000000e+00 0.000000000000000000e+00 1.000000000000000000e+00
9.511351035935803333e-01 -3.001681236435778666e-01 -7.239552652148378842e-02 -4.250000000000000305e-02
-2.340303838555862215e-01 -8.537474700553631113e-01 4.651290539264056889e-01 7.910000000000000364e-02
-2.014244129802444938e-01 -4.254578180294257272e-01 -8.822776495713826606e-01 5.030000000000000027e-01
0.000000000000000000e+00 0.000000000000000000e+00 0.000000000000000000e+00 1.000000000000000000e+00
1.505747609903551609e-02 -9.951928360779083160e-01 -9.677030243177103808e-02 -4.209999999999999853e-02
9.294941624466552810e-01 4.960249779156544747e-02 -3.654862435036764223e-01 -5.680000000000000326e-02
3.685293399325457742e-01 -8.444413083244564633e-02 9.257728200680958031e-01 4.374000000000000110e-01
0.000000000000000000e+00 0.000000000000000000e+00 0.000000000000000000e+00 1.000000000000000000e+00
-1.247900003373714206e-02 -1.049343268782749194e-01 9.944008555913259606e-01 6.429999999999999605e-02
8.840497488143357341e-01 -4.658403115239388992e-01 -3.806370686873850051e-02 8.240000000000000102e-02
4.672261938070980114e-01 8.786248296069730790e-01 9.858038658196388582e-02 4.858000000000000096e-01
0.000000000000000000e+00 0.000000000000000000e+00 0.000000000000000000e+00 1.000000000000000000e+00
-9.839762266886133979e-01 -4.098377827775889770e-04 1.782992354011364855e-01 -1.300999999999999934e-01
-1.587467411801302131e-01 4.573155759227341965e-01 -8.750211061358157405e-01 -6.930000000000000049e-02
-8.118040081403157804e-02 -8.893043888632561345e-01 -4.500527152148103838e-01 3.089999999999999969e-01
0.000000000000000000e+00 0.000000000000000000e+00 0.000000000000000000e+00 1.000000000000000000e+00
9.990162594797279416e-01 4.433210603944776063e-02 1.085204699581572563e-03 -1.580999999999999905e-01
2.118099244507881326e-02 -4.555243730489257903e-01 -8.899712979177611949e-01 -5.899999999999999863e-03
-3.895996476094850530e-02 8.891187828026636542e-01 -4.560152532682819615e-01 3.664000000000000035e-01
0.000000000000000000e+00 0.000000000000000000e+00 0.000000000000000000e+00 1.000000000000000000e+00
