0.000000000000000000e+00 0.000000000000000000e+00 0.000000000000000000e+00 0.000000000000000000e+00
0.000000000000000000e+00 0.000000000000000000e+00 0.000000000000000000e+00 0.000000000000000000e+00
0.000000000000000000e+00 0.000000000000000000e+00 0.000000000000000000e+00 0.000000000000000000e+00
0.000000000000000000e+00 0.000000000000000000e+00 0.000000000000000000e+00 0.000000000000000000e+00
8.775228705024384901e-02 -9.951303797894952563e-01 4.488945686313081107e-02 1.247999999999999943e-01
9.436284453758529978e-01 6.860355705702703144e-02 -3.238192536534452715e-01 -1.030000000000000013e-02
3.191628004561350984e-01 7.077484849251541865e-02 9.450534522585792852e-01 4.507999999999999785e-01
0.000000000000000000e+00 0.000000000000000000e+00 0.000000000000000000e+00 1.000000000000000000e+00
2.770655421143891628e-01 6.974229654708340442e-01 6.609356191087960575e-01 -1.299999999999999940e-02
2.451436837453202233e-01 6.137925476229748600e-01 -7.504420582578461563e-01 5.990000000000000185e-02
-9.290528831517794739e-01 3.699458280834722057e-01 -9.080699311740936253e-04 4.583999999999999742e-01
0.000000000000000000e+00 0.000000000000000000e+00 0.000000000000000000e+00 1.000000000000000000e+00
-1.786249570451028390e-01 3.348177093717027430e-01 9.251973985111076049e-01 -8.959999999999999909e-02
-1.568613190946033242e-03 -9.404160607277165518e-01 3.400223112944520398e-01 1.066000000000000003e-01
9.839159843062273980e-01 5.928519390581457604e-02 1.685069779274959156e-01 4.995999999999999885e-01
0.000000000000000000e+00 0.000000000000000000e+00 0.000000000000000000e+00 1.000000000000000000e+00
7.844794782530624122e-01 -5.861475976846710623e-01 2.025412104444230255e-01 1.512000000000000011e-01
6.193070995749188068e-01 7.575182623318572617e-01 -2.064577405907198071e-01 -9.039999999999999425e-02
-3.241395711579493633e-02 2.873970702046428904e-01 9.572628998461618632e-01 4.137000000000000122e-01
0.000000000000000000e+00 0.000000000000000000e+00 0.000000000000000000e+00 1.000000000000000000e+00
-5.531604409610595408e-01 6.520899184176299768e-01 5.184517960754450039e-01 8.640000000000000457e-02
-8.121621282566445776e-01 -5.606842258647874999e-01 -1.613253739869878745e-01 -1.194000000000000061e-01
1.854890939689010920e-01 -5.103057291119633687e-01 8.397510695760402877e-01 4.012999999999999901e-01
0.000000000000000000e+00 0.000000000000000000e+00 0.000000000000000000e+00 1.000000000000000000e+00
7.823086083220516240e-01 -6.187567389147319297e-01 7.164732648760087363e-02 5.530000000000000193e-02
-5.707212997352280048e-01 -6.659490156822285289e-01 4.804051483283691137e-01 -3.420000000000000123e-02
-2.495404563868287573e-01 -4.167157383150730254e-01 -8.741152979251514132e-01 4.294000000000000039e-01
0.000000000000000000e+00 0.000000000000000000e+00 0.000000000000000000e+00 1.000000000000000000e+00
-9.707919385239960341e-01 1.241647292925959767e-02 -2.396014259073159791e-01 -6.940000000000000335e-02
-2.189415687980281189e-01 -4.542648727832689914e-01 8.635438696484728505e-01 1.887999999999999956e-01
-9.812034217775843226e-02 8.907801392909461269e-01 4.437151585146965616e-01 4.933000000000000163e-01
0.000000000000000000e+00 0.000000000000000000e+00 0.000000000000000000e+00 1.000000000000000000e+00
8.593683232244306858e-01 1.864361865719477429e-01 4.761592521152354651e-01 -9.370000000000000551e-02
4.167561465948075305e-01 -7.949292748481289195e-01 -4.409101521453947514e-01 7.789999999999999702e-02
2.963113216093468116e-01 5.773465132188274618e-01 -7.608354647098045653e-01 4.683999999999999830e-01
0.000000000000000000e+00 0.000000000000000000e+00 0.000000000000000000e+00 1.000000000000000000e+00
2.386995423132309835e-02 -8.560895915614230578e-01 -5.162759305886632788e-01 -4.710000000000000298e-02
-4.026195197169861739e-01 4.644586421849208335e-01 -7.887811433107430048e-01 -5.070000000000000201e-02
9.150561445222133994e-01 2.266909370044058458e-01 -3.335917736578744019e-01 4.243000000000000105e-01
0.000000000000000000e+00 0.000000000000000000e+00 0.000000000000000000e+00 1.000000000000000000e+00
-3.191321405839144809e-01 9.429989275201137167e-01 9.438060999084781078e-02 7.889999999999999791e-02
-8.848744756336949235e-01 -2.608326903477302672e-01 -3.859578604173762861e-01 6.909999999999999476e-02
-3.393403000209708753e-01 -2.066865509458246097e-01 9.176757763174293592e-01 4.788999999999999924e-01
0.000000000000000000e+00 0.000000000000000000e+00 0.000000000000000000e+00 1.000000000000000000e+00
