0.000000000000000000e+00 0.000000000000000000e+00 0.000000000000000000e+00 0.000000000000000000e+00
0.000000000000000000e+00 0.000000000000000000e+00 0.000000000000000000e+00 0.000000000000000000e+00
0.000000000000000000e+00 0.000000000000000000e+00 0.000000000000000000e+00 0.000000000000000000e+00
0.000000000000000000e+00 0.000000000000000000e+00 0.000000000000000000e+00 0.000000000000000000e+00
-9.936962538409350731e-01 -1.064904089046554009e-01 -3.503637986166208140e-02 -8.500000000000000611e-03
1.115839945107603565e-01 -9.094003478671621732e-01 -4.006744557219817926e-01 8.100000000000000255e-02
1.080589059328255011e-02 -4.020582048788496898e-01 9.155503441199085435e-01 5.011999999999999789e-01
0.000000000000000000e+00 0.000000000000000000e+00 0.000000000000000000e+00 1.000000000000000000e+00
1.084911852832436407e-01 -6.933773150657448481e-01 7.123605559462536929e-01 -7.910000000000000364e-02
6.690691578671420503e-01 5.809237501704995754e-01 4.635450986460716849e-01 -3.350000000000000200e-02
-7.352388215449386921e-01 4.263279200803787305e-01 5.269424824904023197e-01 4.244999999999999885e-01
0.000000000000000000e+00 0.000000000000000000e+00 0.000000000000000000e+00 1.000000000000000000e+00
-3.536558854126918838e-01 8.625144463633309666e-01 -3.619341715388611491e-01 -1.386999999999999900e-01
-5.611641448815536393e-01 1.139275789055695931e-01 8.198263897094738573e-01 -1.108999999999999986e-01
7.483463885209307165e-01 4.930409076124130374e-01 4.437210229506917125e-01 4.106000000000000205e-01
0.000000000000000000e+00 0.000000000000000000e+00 0.000000000000000000e+00 1.000000000000000000e+00
-5.531638667044835866e-01 -8.201154377506193471e-01 -1.463571157670649769e-01 8.010000000000000453e-02
8.236197498164977704e-01 -5.119908202834000388e-01 -2.439588236931396759e-01 1.060999999999999999e-01
1.251408977303332393e-01 -2.554918173027088124e-01 9.586780935259788805e-01 5.069000000000000172e-01
0.000000000000000000e+00 0.000000000000000000e+00 0.000000000000000000e+00 1.000000000000000000e+00
6.823677749854697439e-01 7.172831768990703960e-01 -1.409931338716766958e-01 1.103999999999999981e-01
-7.118192272453778280e-01 6.958817440553360933e-01 9.519446419985239105e-02 4.800000000000000100e-02
1.663959356029247882e-01 3.540398887245377324e-02 9.854232340404535107e-01 4.768000000000000016e-01
0.000000000000000000e+00 0.000000000000000000e+00 0.000000000000000000e+00 1.000000000000000000e+00
6.355252137500261300e-01 7.602668865150373767e-01 -1.345435392604003022e-01 2.040000000000000147e-02
7.047302555921289846e-01 -5.000298567909922109e-01 5.033144237657336539e-01 2.330000000000000127e-02
3.153775032259533151e-01 -4.146859095584407018e-01 -8.535646588704646209e-01 4.598999999999999755e-01
0.000000000000000000e+00 0.000000000000000000e+00 0.000000000000000000e+00 1.000000000000000000e+00
2.228720705591499263e-01 1.053852816612762533e-01 -9.691346565745394548e-01 -2.129000000000000059e-01
-8.684940295998561099e-01 -4.300683641481475306e-01 -2.464940622172074325e-01 -7.589999999999999525e-02
-4.427710025668815108e-01 8.966243051401796560e-01 -4.323738869166371401e-03 3.886000000000000010e-01
0.000000000000000000e+00 0.000000000000000000e+00 0.000000000000000000e+00 1.000000000000000000e+00
-4.803379516680026384e-01 5.386827094404278427e-01 6.921678920155909243e-01 -1.006999999999999978e-01
7.220012977341490057e-01 -2.052215919858875193e-01 6.607557977445088770e-01 -1.068000000000000060e-01
4.979855201284388855e-01 8.171322027265215393e-01 -2.903538961503886462e-01 3.916000000000000036e-01
0.000000000000000000e+00 0.000000000000000000e+00 0.000000000000000000e+00 1.000000000000000000e+00
4.879909539364990501e-02 -5.294454122570897425e-01 8.469393152574047345e-01 3.579999999999999849e-02
-4.208062580271505482e-01 -7.799184045648039909e-01 -4.633026822998955740e-01 -6.919999999999999762e-02
9.058370391488463902e-01 -3.337886122398592281e-01 -2.608532553851690139e-01 4.156000000000000250e-01
0.000000000000000000e+00 0.000000000000000000e+00 0.000000000000000000e+00 1.000000000000000000e+00
9.420664622651505615e-01 3.337497349423795279e-01 3.349470258287306351e-02 -9.349999999999999978e-02
-3.008046740828096977e-01 8.847906144555433006e-01 -3.558962160817628617e-01 4.209999999999999853e-02
-1.484160662635900796e-01 3.252025261237581621e-01 9.339250442501090266e-01 4.796000000000000263e-01
0.000000000000000000e+00 0.000000000000000000e+00 0.000000000000000000e+00 1.000000000000000000e+00
