0.000000000000000000e+00 0.000000000000000000e+00 0.000000000000000000e+00 0.000000000000000000e+00
0.000000000000000000e+00 0.000000000000000000e+00 0.000000000000000000e+00 0.000000000000000000e+00
0.000000000000000000e+00 0.000000000000000000e+00 0.000000000000000000e+00 0.000000000000000000e+00
0.000000000000000000e+00 0.000000000000000000e+00 0.000000000000000000e+00 0.000000000000000000e+00
-5.533406338093511678e-01 -8.329204572862650702e-01 7.593076419007083189e-03 8.859999999999999820e-02
6.926559532704464894e-01 -4.651825556691633334e-01 -5.512104138168245626e-01 3.570000000000000256e-02
4.626465966312458544e-01 -2.997477301584536846e-01 8.343317235311025204e-01 4.807000000000000162e-01
0.000000000000000000e+00 0.000000000000000000e+00 0.000000000000000000e+00 1.000000000000000000e+00
2.858078444795936202e-01 1.029346085090553919e-01 9.527425373126866548e-01 -6.160000000000000198e-02
6.433926856417886420e-01 7.161964514860972297e-01 -2.703858260733524310e-01 2.060000000000000026e-02
-7.101828835564648612e-01 6.902659699346405109e-01 1.384671898090479303e-01 4.460000000000000075e-01
0.000000000000000000e+00 0.000000000000000000e+00 0.000000000000000000e+00 1.000000000000000000e+00
-3.630473998966774474e-01 7.950493475469563309e-01 4.858941452553433571e-01 -1.579000000000000126e-01
-4.177057458103189402e-01 -6.050092075594923902e-01 6.778537959510737565e-01 6.100000000000000387e-03
8.328976499818612211e-01 4.313228180137967938e-02 5.517437003911320748e-01 4.616999999999999993e-01
0.000000000000000000e+00 0.000000000000000000e+00 0.000000000000000000e+00 1.000000000000000000e+00
2.595080180891815580e-01 -9.639006824335929480e-01 5.959079586210344615e-02 1.643999999999999906e-01
8.978173537822526917e-01 2.180641677950621027e-01 -3.825859615449581086e-01 -2.899999999999999800e-03
3.557802521147824804e-01 1.527857752799680058e-01 9.219961600121993062e-01 4.450000000000000067e-01
0.000000000000000000e+00 0.000000000000000000e+00 0.000000000000000000e+00 1.000000000000000000e+00
-1.678494088729109990e-03 9.518214533989530768e-01 3.066481754504644108e-01 1.333000000000000018e-01
-9.876182334688252684e-01 4.652541363175777267e-02 -1.498185929926946769e-01 -5.430000000000000104e-02
-1.568674841307495516e-01 -3.031027989575459936e-01 9.399581297518472267e-01 4.051000000000000156e-01
0.000000000000000000e+00 0.000000000000000000e+00 0.000000000000000000e+00 1.000000000000000000e+00
9.997148525719095069e-01 -4.339113033894528154e-04 -2.387520194901077489e-02 5.310000000000000137e-02
1.667385435390592030e-02 -7.030413642275381569e-01 7.109534603376418405e-01 -1.099999999999999936e-02
-1.709374529206486235e-02 -7.111488254269023868e-01 -7.028336588168122567e-01 4.314000000000000057e-01
0.000000000000000000e+00 0.000000000000000000e+00 0.000000000000000000e+00 1.000000000000000000e+00
-6.082319350547795711e-01 7.032949419080414266e-02 -7.906375120283527513e-01 -1.885000000000000009e-01
-6.268390043136412570e-01 -6.536270186014490058e-01 4.240808687329146731e-01 8.409999999999999420e-02
-4.869566467875768856e-01 7.535419582219999857e-01 4.416420964404916827e-01 4.754999999999999782e-01
0.000000000000000000e+00 0.000000000000000000e+00 0.000000000000000000e+00 1.000000000000000000e+00
3.608175312130753598e-01 4.762123156231244381e-01 8.018930973753066738e-01 -1.371999999999999886e-01
6.639119447675861929e-01 -7.350118882595899628e-01 1.377623087495032372e-01 -8.600000000000000006e-03
6.550050677393441934e-01 4.826793496369340408e-01 -5.813682195217102500e-01 4.274000000000000021e-01
0.000000000000000000e+00 0.000000000000000000e+00 0.000000000000000000e+00 1.000000000000000000e+00
4.400021711554491510e-02 -9.902548399706837534e-01 1.321337686150679813e-01 -1.609999999999999973e-02
-6.148046642082903857e-01 -1.310905900210928010e-01 -7.777084814219611397e-01 -7.359999999999999876e-02
7.874510815038074929e-01 -4.701711520879581219e-02 -6.145813087915437123e-01 3.859000000000000208e-01
0.000000000000000000e+00 0.000000000000000000e+00 0.000000000000000000e+00 1.000000000000000000e+00
3.430611242359070667e-01 9.351175260851034565e-01 8.868076142248426663e-02 2.000000000000000096e-04
-7.544593902481926406e-01 3.305577100967300730e-01 -5.670296542174242393e-01 6.700000000000000400e-02
-5.595534768941401449e-01 1.276197974613743624e-01 8.189096981911967443e-01 5.008000000000000229e-01
0.000000000000000000e+00 0.000000000000000000e+00 0.000000000000000000e+00 1.000000000000000000e+00
