0.000000000000000000e+00 0.000000000000000000e+00 0.000000000000000000e+00 0.000000000000000000e+00
0.000000000000000000e+00 0.000000000000000000e+00 0.000000000000000000e+00 0.000000000000000000e+00
0.000000000000000000e+00 0.000000000000000000e+00 0.000000000000000000e+00 0.000000000000000000e+00
0.000000000000000000e+00 0.000000000000000000e+00 0.000000000000000000e+00 0.000000000000000000e+00
4.603888972436964711e-02 -9.982337906758006474e-01 3.754623531020073735e-02 1.238999999999999962e-01
8.480286898992716038e-01 1.919160801726738086e-02 -5.296027032497441223e-01 -1.629999999999999852e-02
5.279467413865458481e-01 5.622260519340235851e-02 8.474144540451233887e-01 4.437999999999999723e-01
0.000000000000000000e+00 0.000000000000000000e+00 0.000000000000000000e+00 1.000000000000000000e+00
2.865114926205390988e-01 6.663376426835542210e-01 6.884078083078917221e-01 -1.650000000000000078e-02
4.594013563419733215e-01 5.349901166811199538e-01 -7.090387639929689456e-01 4.590000000000000330e-02
-8.407505922611688831e-01 5.194032354504982685e-01 -1.528355999629940065e-01 4.631000000000000116e-01
0.000000000000000000e+00 0.000000000000000000e+00 0.000000000000000000e+00 1.000000000000000000e+00
-1.983928921665907286e-01 3.683620628093914329e-01 9.082673896053877760e-01 -9.550000000000000155e-02
-2.319540398784113444e-01 -9.180089440726406647e-01 3.216471700275315149e-01 7.960000000000000409e-02
9.522802023154003370e-01 -1.468637779898275819e-01 2.675695180559526376e-01 5.117000000000000437e-01
0.000000000000000000e+00 0.000000000000000000e+00 0.000000000000000000e+00 1.000000000000000000e+00
7.614413060379529030e-01 -6.196692560844292430e-01 1.903080411411626482e-01 1.540999999999999870e-01
6.346996032971734536e-01 6.530130266589031507e-01 -4.131953540254163504e-01 -8.509999999999999509e-02
1.317708277033544928e-01 4.354124482344854941e-01 8.905349228911937365e-01 3.901999999999999913e-01
0.000000000000000000e+00 0.000000000000000000e+00 0.000000000000000000e+00 1.000000000000000000e+00
-5.263458960783531371e-01 6.826601480126577304e-01 5.068876798629178282e-01 9.059999999999999998e-02
-8.500404157681844541e-01 -4.086060412311334211e-01 -3.323738777793371901e-01 -1.123999999999999999e-01
-1.978103238276235354e-02 -6.058186406712473548e-01 7.953568289598791363e-01 3.696999999999999731e-01
0.000000000000000000e+00 0.000000000000000000e+00 0.000000000000000000e+00 1.000000000000000000e+00
8.079212992755098188e-01 -5.849152245018420793e-01 7.167533971270484416e-02 5.589999999999999830e-02
-4.737993481303832688e-01 -5.724374874976492222e-01 6.692006430201649092e-01 -3.699999999999999817e-02
-3.503959929682355923e-01 -5.746211822177615947e-01 -7.396168907336186926e-01 4.153999999999999915e-01
0.000000000000000000e+00 0.000000000000000000e+00 0.000000000000000000e+00 1.000000000000000000e+00
-9.597750136117251252e-01 1.113999961380068848e-02 -2.805491465950617491e-01 -7.829999999999999460e-02
-2.212878550432252900e-01 -6.450170896187261693e-01 7.314264414896121114e-01 1.615000000000000047e-01
-1.728109037560461303e-01 7.640869417208966397e-01 6.215364325883283581e-01 5.249000000000000332e-01
0.000000000000000000e+00 0.000000000000000000e+00 0.000000000000000000e+00 1.000000000000000000e+00
8.370588496595692263e-01 2.040204827445775415e-01 5.076496083198214215e-01 -9.790000000000000091e-02
3.649786764914271231e-01 -8.994641507068610320e-01 -2.403222987984077186e-01 5.850000000000000339e-02
4.075819523889211426e-01 3.864451891456982535e-01 -8.273675530699644565e-01 4.746000000000000218e-01
0.000000000000000000e+00 0.000000000000000000e+00 0.000000000000000000e+00 1.000000000000000000e+00
2.006187869859943351e-02 -8.773218861487463993e-01 -4.794828767615051390e-01 -4.580000000000000043e-02
-6.000103036500881171e-01 3.730514911713597170e-01 -7.076865269655443491e-01 -5.500000000000000028e-02
7.997406808064797534e-01 3.018921877413043853e-01 -5.189180575427658759e-01 4.038999999999999813e-01
0.000000000000000000e+00 0.000000000000000000e+00 0.000000000000000000e+00 1.000000000000000000e+00
-2.791162775828903708e-01 9.560482534484666672e-01 8.981002542259752808e-02 7.459999999999999964e-02
-7.936160115357075995e-01 -1.770127754544279508e-01 -5.820997367806278744e-01 5.310000000000000137e-02
-5.406179148182447269e-01 -2.337481858839913496e-01 8.081423487069070433e-01 4.879000000000000004e-01
0.000000000000000000e+00 0.000000000000000000e+00 0.000000000000000000e+00 1.000000000000000000e+00
