0.000000000000000000e+00 0.000000000000000000e+00 0.000000000000000000e+00 0.000000000000000000e+00
0.000000000000000000e+00 0.000000000000000000e+00 0.000000000000000000e+00 0.000000000000000000e+00
0.000000000000000000e+00 0.000000000000000000e+00 0.000000000000000000e+00 0.000000000000000000e+00
0.000000000000000000e+00 0.000000000000000000e+00 0.000000000000000000e+00 0.000000000000000000e+00
8.475686360434869782e-01 -5.277986814063332366e-01 5.528072992570795541e-02 8.859999999999999820e-02
4.297999728588953738e-01 6.216048993194022154e-01 -6.548887939739148623e-01 -1.057000000000000023e-01
3.112866693674433138e-01 5.788228580903244103e-01 7.537006756174975397e-01 3.894000000000000239e-01
0.000000000000000000e+00 0.000000000000000000e+00 0.000000000000000000e+00 1.000000000000000000e+00
8.401837101389353357e-02 9.832365573315617890e-01 -1.618233161783262930e-01 6.010000000000000064e-02
3.994395907680490798e-01 -1.820112396874067340e-01 -8.985098340889247082e-01 2.160000000000000114e-02
-9.129013783860913112e-01 1.085269340911598768e-02 -4.080358959534597929e-01 4.731000000000000205e-01
0.000000000000000000e+00 0.000000000000000000e+00 0.000000000000000000e+00 1.000000000000000000e+00
1.723378191188796871e-01 -4.824923372871562366e-01 8.587786796145591151e-01 6.069999999999999701e-02
-3.224517961290913615e-01 -8.514215153517739054e-01 -4.136499031417897876e-01 8.100000000000000255e-02
9.307655533347112264e-01 -2.056272055328922099e-01 -3.023126478833835229e-01 5.517999999999999572e-01
0.000000000000000000e+00 0.000000000000000000e+00 0.000000000000000000e+00 1.000000000000000000e+00
9.248709471195946108e-01 2.938185960259930285e-01 2.414215479268955744e-01 3.420000000000000123e-02
-5.545590746966404250e-02 7.322709973625118884e-01 -6.787516694258867167e-01 -1.585999999999999910e-01
-3.762158602462422619e-01 6.143694483379088522e-01 6.935501477529606440e-01 3.371000000000000107e-01
0.000000000000000000e+00 0.000000000000000000e+00 0.000000000000000000e+00 1.000000000000000000e+00
-8.855901863610076141e-01 -1.712605964307110096e-01 4.317404659413722756e-01 -2.999999999999999889e-02
-2.799359590463047498e-01 -5.449338326919834774e-01 -7.903688865463082136e-01 -1.325999999999999956e-01
3.706290337438524762e-01 -8.208026109228835354e-01 4.346460551394383254e-01 3.573000000000000065e-01
0.000000000000000000e+00 0.000000000000000000e+00 0.000000000000000000e+00 1.000000000000000000e+00
-2.565949329069927565e-02 -9.880867966898438937e-01 1.517434433880686662e-01 2.280000000000000082e-02
-7.452325336203060591e-01 1.200818372835772418e-01 6.559030592918895231e-01 -6.969999999999999807e-02
-6.663107842725676244e-01 -9.625401062711053113e-02 -7.394356660320573482e-01 4.047000000000000042e-01
0.000000000000000000e+00 0.000000000000000000e+00 0.000000000000000000e+00 1.000000000000000000e+00
-7.757886677153140731e-01 -7.676180528946513482e-02 6.263062895207108793e-01 1.323000000000000009e-01
4.906641294918364093e-01 -6.974691815068174705e-01 5.222886681503142725e-01 1.257000000000000062e-01
3.967375140751333573e-01 7.124916603700797157e-01 5.787529514642413275e-01 5.433999999999999941e-01
0.000000000000000000e+00 0.000000000000000000e+00 0.000000000000000000e+00 1.000000000000000000e+00
9.128281626265078996e-01 -3.153644573324457245e-01 -2.594031699253609990e-01 2.779999999999999832e-02
-3.786879209216141295e-01 -8.914497483388246213e-01 -2.488228380489047875e-01 7.820000000000000562e-02
-1.527750112550445294e-01 3.253653411752060465e-01 -9.331651465297889914e-01 5.247000000000000552e-01
0.000000000000000000e+00 0.000000000000000000e+00 0.000000000000000000e+00 1.000000000000000000e+00
-2.448649798579549675e-02 -1.045739622201253827e-01 -9.942156193914755136e-01 -5.249999999999999806e-02
-6.809650022675570735e-01 7.298541672157745630e-01 -5.999633559238481961e-02 -1.590000000000000094e-02
7.319064674554647265e-01 6.755569413627188213e-01 -8.908278101580857644e-02 4.516999999999999904e-01
0.000000000000000000e+00 0.000000000000000000e+00 0.000000000000000000e+00 1.000000000000000000e+00
-9.488491133510155162e-01 3.141879818696107218e-01 3.116523931710998840e-02 1.282999999999999974e-01
-2.410705404696217302e-01 -6.571978286624089449e-01 -7.141260452602882225e-01 -3.749999999999999861e-02
-2.038880933519072458e-01 -6.851108859521324312e-01 6.993230436209063594e-01 4.440999999999999948e-01
0.000000000000000000e+00 0.000000000000000000e+00 0.000000000000000000e+00 1.000000000000000000e+00
