0.000000000000000000e+00 0.000000000000000000e+00 0.000000000000000000e+00 0.000000000000000000e+00
0.000000000000000000e+00 0.000000000000000000e+00 0.000000000000000000e+00 0.000000000000000000e+00
0.000000000000000000e+00 0.000000000000000000e+00 0.000000000000000000e+00 0.000000000000000000e+00
0.000000000000000000e+00 0.000000000000000000e+00 0.000000000000000000e+00 0.000000000000000000e+00
-9.427338948310719502e-01 -3.328114887060283911e-01 -2.212050003761605044e-02 2.079999999999999905e-02
3.322308324302329918e-01 -9.310668678043043656e-01 -1.507884666007187902e-01 1.021999999999999992e-01
2.958846936479628958e-02 -1.495025105553708655e-01 9.883185325684679112e-01 4.814999999999999836e-01
0.000000000000000000e+00 0.000000000000000000e+00 0.000000000000000000e+00 1.000000000000000000e+00
1.676457578018195615e-01 -5.108070730864305853e-01 8.431909830969064323e-01 -7.950000000000000122e-02
4.310356754292938297e-01 8.071916376886367761e-01 4.032987807479076481e-01 -8.399999999999999481e-03
-8.866245803034484840e-01 2.958340651960324474e-01 3.554983255534736042e-01 4.401999999999999802e-01
0.000000000000000000e+00 0.000000000000000000e+00 0.000000000000000000e+00 1.000000000000000000e+00
-3.825589991057731787e-01 9.137039321237478973e-01 -1.370902499260643892e-01 -1.549999999999999989e-01
-2.707295287146355700e-01 3.100805154267260999e-02 9.621559244849445802e-01 -7.130000000000000226e-02
8.833765530537589505e-01 4.051957862085050488e-01 2.355042257661864591e-01 4.494000000000000217e-01
0.000000000000000000e+00 0.000000000000000000e+00 0.000000000000000000e+00 1.000000000000000000e+00
-3.553628060638089892e-01 -9.300225689389461925e-01 -9.367655699618106235e-02 1.127999999999999975e-01
9.325325888782224348e-01 -3.596085074511581325e-01 3.262961919530637384e-02 1.072000000000000036e-01
-6.403316911207838913e-02 -7.576108917480947613e-02 9.950678422200721629e-01 4.763000000000000012e-01
0.000000000000000000e+00 0.000000000000000000e+00 0.000000000000000000e+00 1.000000000000000000e+00
5.342275402821576868e-01 8.451913765677079304e-01 -1.588937316756952600e-02 1.272000000000000075e-01
-7.862122419287358444e-01 5.036787534181360604e-01 3.580195860515779094e-01 3.830000000000000071e-02
3.105982064427712519e-01 -1.787715031282536005e-01 9.335788685610865167e-01 4.606999999999999984e-01
0.000000000000000000e+00 0.000000000000000000e+00 0.000000000000000000e+00 1.000000000000000000e+00
7.963017042587681171e-01 5.938367017103300949e-01 -1.151588793640237751e-01 3.269999999999999990e-02
5.976878257377575832e-01 -7.431083136031950698e-01 3.009307183035439537e-01 3.130000000000000143e-02
9.312818456006352608e-02 -3.084607040704074321e-01 -9.466673836596117830e-01 4.550000000000000155e-01
0.000000000000000000e+00 0.000000000000000000e+00 0.000000000000000000e+00 1.000000000000000000e+00
-7.992424440144363373e-03 1.064063050948375055e-01 -9.942906111332003860e-01 -2.220999999999999919e-01
-9.765366076762481695e-01 -2.148186360068407019e-01 -1.513960013758691714e-02 -2.699999999999999969e-02
-2.152031017892959142e-01 9.708401783302054167e-01 1.056265739292958639e-01 4.227000000000000202e-01
0.000000000000000000e+00 0.000000000000000000e+00 0.000000000000000000e+00 1.000000000000000000e+00
-2.669912604828974523e-01 5.661118367869875101e-01 7.798929766804010288e-01 -1.189999999999999947e-01
9.095854968859979905e-01 -1.193328273479923318e-01 3.980124372074145267e-01 -8.060000000000000497e-02
3.183863858276692049e-01 8.156451830096205224e-01 -4.830662943663084352e-01 4.283000000000000140e-01
0.000000000000000000e+00 0.000000000000000000e+00 0.000000000000000000e+00 1.000000000000000000e+00
5.418310490340416674e-02 -7.104063219627274606e-01 7.017029634100285795e-01 2.400000000000000050e-02
-1.911094749192401854e-01 -6.971223183809938106e-01 -6.910120417266258919e-01 -7.019999999999999851e-02
9.800721196621801079e-01 -9.666090694017626106e-02 -1.735376308769471798e-01 4.351999999999999758e-01
0.000000000000000000e+00 0.000000000000000000e+00 0.000000000000000000e+00 1.000000000000000000e+00
8.392870917768707750e-01 5.408251879022937247e-01 5.572516224445837885e-02 -7.220000000000000029e-02
-5.321750034364779447e-01 8.381686989569526736e-01 -1.194277932735671732e-01 7.950000000000000122e-02
-1.112966454755360407e-01 7.057866688495859075e-02 9.912778159964212854e-01 4.747000000000000108e-01
0.000000000000000000e+00 0.000000000000000000e+00 0.000000000000000000e+00 1.000000000000000000e+00
