0.000000000000000000e+00 0.000000000000000000e+00 0.000000000000000000e+00 0.000000000000000000e+00
0.000000000000000000e+00 0.000000000000000000e+00 0.000000000000000000e+00 0.000000000000000000e+00
0.000000000000000000e+00 0.000000000000000000e+00 0.000000000000000000e+00 0.000000000000000000e+00
0.000000000000000000e+00 0.000000000000000000e+00 0.000000000000000000e+00 0.000000000000000000e+00
-8.920744714189725588e-01 4.502338136265828794e-01 -3.863483544450826979e-02 -6.880000000000000004e-02
-4.262349636457238855e-01 -8.667476517142713721e-01 -2.589831346125163192e-01 7.290000000000000646e-02
-1.500896172574547327e-01 -2.145647252347405720e-01 9.651088464398464017e-01 4.889999999999999902e-01
0.000000000000000000e+00 0.000000000000000000e+00 0.000000000000000000e+00 1.000000000000000000e+00
-7.293448750350983723e-02 -9.653991634298445534e-01 2.503697581209768930e-01 -5.430000000000000104e-02
5.435844707378886254e-01 1.719947557548509032e-01 8.215435029050126570e-01 -6.900000000000000577e-02
-8.361796958221419107e-01 1.960159668031797864e-01 5.122316439395411258e-01 4.289000000000000035e-01
0.000000000000000000e+00 0.000000000000000000e+00 0.000000000000000000e+00 1.000000000000000000e+00
-1.894979676238535138e-01 5.566150125502067336e-01 -8.088697349203776144e-01 -6.310000000000000331e-02
-5.797604816301580311e-01 6.014297764014708836e-01 5.496908294647492310e-01 -1.670999999999999985e-01
7.924445117523345461e-01 5.731160020985367476e-01 2.087336674621369514e-01 4.232000000000000206e-01
0.000000000000000000e+00 0.000000000000000000e+00 0.000000000000000000e+00 1.000000000000000000e+00
-8.993061160174304902e-01 -3.783566390527166590e-01 -2.193051831999776324e-01 -8.000000000000000167e-03
4.185158704319357215e-01 -8.900680831738361221e-01 -1.806191393840978487e-01 1.411999999999999922e-01
-1.268580935149296318e-01 -2.542145963550977994e-01 9.587919289969915049e-01 5.014999999999999458e-01
0.000000000000000000e+00 0.000000000000000000e+00 0.000000000000000000e+00 1.000000000000000000e+00
8.867489694882159101e-01 2.511394721922629580e-01 -3.880788974146606729e-01 5.290000000000000258e-02
-2.252872279653222454e-01 9.678824673064030382e-01 1.115759579684200559e-01 1.048000000000000043e-01
4.036358879327853200e-01 -1.151064671776944048e-02 9.148472959925337822e-01 4.888000000000000123e-01
0.000000000000000000e+00 0.000000000000000000e+00 0.000000000000000000e+00 1.000000000000000000e+00
1.146979295597565507e-01 9.790445124508565522e-01 -1.682742630189455746e-01 -6.700000000000000226e-03
9.623223039106009180e-01 -6.746520998769955924e-02 2.634088624885430052e-01 3.500000000000000333e-02
2.465363428602317664e-01 -1.921465276323766624e-01 -9.498944907556425843e-01 4.650000000000000244e-01
0.000000000000000000e+00 0.000000000000000000e+00 0.000000000000000000e+00 1.000000000000000000e+00
7.157753970216235162e-01 9.803593116964598453e-02 -6.914148806745757936e-01 -1.376000000000000001e-01
-6.637761732168994122e-01 -2.120783400460468648e-01 -7.172335530026761052e-01 -1.789000000000000035e-01
-2.169487794113304224e-01 9.723228547571092228e-01 -8.672654281660330255e-02 3.844000000000000195e-01
0.000000000000000000e+00 0.000000000000000000e+00 0.000000000000000000e+00 1.000000000000000000e+00
-8.723392944263923532e-01 3.688227948082165586e-01 3.209266293555580463e-01 -2.879999999999999921e-02
4.106923381195830558e-01 1.966778895470087107e-01 8.903087167793004575e-01 -1.458000000000000129e-01
2.652469770035723595e-01 9.084533855917928946e-01 -3.230425473482951837e-01 4.092000000000000082e-01
0.000000000000000000e+00 0.000000000000000000e+00 0.000000000000000000e+00 1.000000000000000000e+00
4.372325629752316090e-02 1.574995689646853381e-02 9.989195241442128115e-01 6.180000000000000077e-02
-2.330585970922284256e-01 -9.721275530123434372e-01 2.552863090013743341e-02 -3.989999999999999797e-02
9.714792674988712573e-01 -2.339229777768581930e-01 -3.883391929568857925e-02 4.435000000000000053e-01
0.000000000000000000e+00 0.000000000000000000e+00 0.000000000000000000e+00 1.000000000000000000e+00
9.732324940533508828e-01 -2.297037868650891601e-01 -7.394783197088063142e-03 -1.161999999999999977e-01
2.244985001450124085e-01 9.570792049395543399e-01 -1.833025338202134147e-01 -6.799999999999999621e-03
4.918267938343852397e-02 1.767358644195012041e-01 9.830287372587627193e-01 4.643999999999999795e-01
0.000000000000000000e+00 0.000000000000000000e+00 0.000000000000000000e+00 1.000000000000000000e+00
