0.000000000000000000e+00 0.000000000000000000e+00 0.000000000000000000e+00 0.000000000000000000e+00
0.000000000000000000e+00 0.000000000000000000e+00 0.000000000000000000e+00 0.000000000000000000e+00
0.000000000000000000e+00 0.000000000000000000e+00 0.000000000000000000e+00 0.000000000000000000e+00
0.000000000000000000e+00 0.000000000000000000e+00 0.000000000000000000e+00 0.000000000000000000e+00
-7.176026496670406818e-01 -6.964485466974533745e-01 -2.420535859593841987e-03 6.840000000000000246e-02
5.979398594351946761e-01 -6.143123925503826133e-01 -5.148671759372938084e-01 5.330000000000000016e-02
3.570915312485893334e-01 -3.709173845508317857e-01 8.572665467335746081e-01 4.905999999999999805e-01
0.000000000000000000e+00 0.000000000000000000e+00 0.000000000000000000e+00 1.000000000000000000e+00
2.578125633542327488e-01 -1.091946566697181709e-01 9.600047964106752652e-01 -7.130000000000000226e-02
6.615075854292906676e-01 7.441486874510396810e-01 -9.300777055926368053e-02 1.089999999999999997e-02
-7.042303576218718053e-01 6.590290266139097186e-01 2.640839743038059240e-01 4.391999999999999793e-01
0.000000000000000000e+00 0.000000000000000000e+00 0.000000000000000000e+00 1.000000000000000000e+00
-3.874304478171988197e-01 8.753889706791988523e-01 2.891224621460209421e-01 -1.650000000000000078e-01
-4.493715113899214852e-01 -4.531578943683896021e-01 7.698786706506064448e-01 -2.000000000000000042e-02
8.049614232093997845e-01 1.683510403437413205e-01 5.689420307552234268e-01 4.440999999999999948e-01
0.000000000000000000e+00 0.000000000000000000e+00 0.000000000000000000e+00 1.000000000000000000e+00
5.478910299514694326e-02 -9.984648259251525104e-01 8.132993498243340502e-03 1.535999999999999865e-01
9.400988302374162497e-01 4.883819214449636181e-02 -3.373855663396096438e-01 2.759999999999999953e-02
3.364704200657601119e-01 2.613087021728394133e-02 9.413314156249426023e-01 4.662000000000000033e-01
0.000000000000000000e+00 0.000000000000000000e+00 0.000000000000000000e+00 1.000000000000000000e+00
1.877074874704742768e-01 9.600084610536624430e-01 2.077249475939288992e-01 1.371999999999999886e-01
-9.767272022815244314e-01 2.047794992893885446e-01 -6.379129246294805433e-02 -2.960000000000000131e-02
-1.037779912641781238e-01 -1.909165036767802581e-01 9.761050236286084036e-01 4.255999999999999783e-01
0.000000000000000000e+00 0.000000000000000000e+00 0.000000000000000000e+00 1.000000000000000000e+00
9.761429036972527618e-01 2.094484942984465303e-01 -5.723949508520840418e-02 4.809999999999999692e-02
1.926330946141032729e-01 -7.137438844355672440e-01 6.733959892145344739e-01 -5.000000000000000104e-04
1.001874364423500086e-01 -6.683569373223721133e-01 -7.370627394680651090e-01 4.400000000000000022e-01
0.000000000000000000e+00 0.000000000000000000e+00 0.000000000000000000e+00 1.000000000000000000e+00
-4.254123491103352084e-01 8.671548766615827519e-02 -9.008355884528800317e-01 -2.099000000000000032e-01
-7.394928358711658767e-01 -6.071235608316389865e-01 2.907771097908702918e-01 5.160000000000000003e-02
-5.217036313077061394e-01 7.898616373023388260e-01 3.224033421018176471e-01 4.501999999999999891e-01
0.000000000000000000e+00 0.000000000000000000e+00 0.000000000000000000e+00 1.000000000000000000e+00
1.561476290455021676e-01 5.309160501355058015e-01 8.329142006545339205e-01 -1.378999999999999948e-01
7.371271878953354895e-01 -6.239343019714476135e-01 2.595178138180820882e-01 -3.200000000000000067e-02
6.574659130395908990e-01 5.734406111638024051e-01 -4.887785169778862127e-01 4.133999999999999897e-01
0.000000000000000000e+00 0.000000000000000000e+00 0.000000000000000000e+00 1.000000000000000000e+00
4.973708084532257878e-02 -9.392107011644766912e-01 3.397197103600524404e-01 -3.200000000000000153e-03
-5.725138514205841966e-01 -3.055215112372182684e-01 -7.608445939236839761e-01 -7.560000000000000053e-02
8.183850638425380630e-01 -1.566520507030100262e-01 -5.529068839234925203e-01 3.899000000000000243e-01
0.000000000000000000e+00 0.000000000000000000e+00 0.000000000000000000e+00 1.000000000000000000e+00
5.350144991037697473e-01 8.409182586387471403e-01 8.133860114803628805e-02 -2.580000000000000002e-02
-6.988053416893886816e-01 4.945841485918787139e-01 -5.167761743618052295e-01 6.909999999999999476e-02
-4.747953034467788935e-01 2.196428971071532066e-01 8.522478615844439886e-01 4.984000000000000097e-01
0.000000000000000000e+00 0.000000000000000000e+00 0.000000000000000000e+00 1.000000000000000000e+00
