0.000000000000000000e+00 0.000000000000000000e+00 0.000000000000000000e+00 0.000000000000000000e+00
0.000000000000000000e+00 0.000000000000000000e+00 0.000000000000000000e+00 0.000000000000000000e+00
0.000000000000000000e+00 0.000000000000000000e+00 0.000000000000000000e+00 0.000000000000000000e+00
0.000000000000000000e+00 0.000000000000000000e+00 0.000000000000000000e+00 0.000000000000000000e+00
-8.424722923174585709e-01 -5.384940698560226613e-01 -1.626571262699666454e-02 4.549999999999999878e-02
4.521204097542754763e-01 -6.902778671406066824e-01 -5.648925572349501323e-01 5.500000000000000028e-02
2.929634307571391538e-01 -4.832603882646624993e-01 8.250041365795051096e-01 5.008000000000000229e-01
0.000000000000000000e+00 0.000000000000000000e+00 0.000000000000000000e+00 1.000000000000000000e+00
2.248798067390915811e-01 -3.051212814651260707e-01 9.253810437425591395e-01 -7.860000000000000320e-02
7.392810209433757773e-01 6.720891359765525097e-01 4.194955750912271464e-02 -5.499999999999999681e-03
-6.347382488820954016e-01 6.746830343942038510e-01 3.767096474829395580e-01 4.304999999999999938e-01
0.000000000000000000e+00 0.000000000000000000e+00 0.000000000000000000e+00 1.000000000000000000e+00
-3.983943764372801510e-01 9.126579664388352331e-01 9.130912943884889055e-02 -1.658000000000000029e-01
-5.573920517873403035e-01 -3.199616375256204570e-01 7.661192146893475163e-01 -5.090000000000000080e-02
7.284202231043901410e-01 2.543226038079456908e-01 6.361792135592745367e-01 4.223000000000000087e-01
0.000000000000000000e+00 0.000000000000000000e+00 0.000000000000000000e+00 1.000000000000000000e+00
-1.395136736109663378e-01 -9.892110623600596231e-01 -4.469238167803393780e-02 1.360000000000000098e-01
9.124935857870741795e-01 -1.109032789790473927e-01 -3.937714040012848526e-01 4.469999999999999668e-02
3.845664972056461739e-01 -9.571800674992092528e-02 9.181212732590405823e-01 4.858999999999999986e-01
0.000000000000000000e+00 0.000000000000000000e+00 0.000000000000000000e+00 1.000000000000000000e+00
3.562791564885201545e-01 9.288410820654813271e-01 1.015844816852164295e-01 1.338000000000000023e-01
-9.258877186263485548e-01 3.655726907927085989e-01 -9.533383577447174240e-02 -1.159999999999999920e-02
-1.256864954906604104e-01 -6.009036540082127176e-02 9.902484803509026268e-01 4.409000000000000141e-01
0.000000000000000000e+00 0.000000000000000000e+00 0.000000000000000000e+00 1.000000000000000000e+00
9.130106709636518492e-01 3.995504794171856888e-01 -8.228565551783204035e-02 4.019999999999999962e-02
3.371674981090052592e-01 -6.255663071410704212e-01 7.035516140190412049e-01 2.200000000000000133e-03
2.296292510230702189e-01 -6.700941797742918649e-01 -7.058641493284685264e-01 4.455000000000000071e-01
0.000000000000000000e+00 0.000000000000000000e+00 0.000000000000000000e+00 1.000000000000000000e+00
-2.351859570340013583e-01 9.395912756262675414e-02 -9.673981848037914721e-01 -2.223999999999999866e-01
-7.608635828454262118e-01 -6.371300054612853980e-01 1.230933159863835114e-01 1.220000000000000077e-02
-6.047926701884059897e-01 7.650078682527209351e-01 2.213341085278216491e-01 4.260999999999999788e-01
0.000000000000000000e+00 0.000000000000000000e+00 0.000000000000000000e+00 1.000000000000000000e+00
-4.372948420994804408e-02 5.568337762868922347e-01 8.294720476283761190e-01 -1.338000000000000023e-01
7.071812873505984864e-01 -5.692092941241795323e-01 4.193988630215911284e-01 -5.639999999999999875e-02
7.056786513930275451e-01 6.049272064213447875e-01 -3.688911979153006726e-01 3.945000000000000173e-01
0.000000000000000000e+00 0.000000000000000000e+00 0.000000000000000000e+00 1.000000000000000000e+00
4.883135455868581332e-02 -8.517879258801264175e-01 5.216060085321064799e-01 8.099999999999999561e-03
-6.106462022097212117e-01 -4.387209155020268536e-01 -6.592686660443581870e-01 -7.660000000000000142e-02
7.903965552422455021e-01 -2.863237461788583627e-01 -5.415643986039853086e-01 3.860000000000000098e-01
0.000000000000000000e+00 0.000000000000000000e+00 0.000000000000000000e+00 1.000000000000000000e+00
6.936469558628082233e-01 7.172380428877401792e-01 6.650932608908038945e-02 -5.040000000000000036e-02
-5.726668377933773479e-01 6.051169619735716765e-01 -5.530697562004349699e-01 5.510000000000000314e-02
-4.369285908635335836e-01 3.455474673130149443e-01 8.304759805795516314e-01 4.974999999999999978e-01
0.000000000000000000e+00 0.000000000000000000e+00 0.000000000000000000e+00 1.000000000000000000e+00
