0.000000000000000000e+00 0.000000000000000000e+00 0.000000000000000000e+00 0.000000000000000000e+00
0.000000000000000000e+00 0.000000000000000000e+00 0.000000000000000000e+00 0.000000000000000000e+00
0.000000000000000000e+00 0.000000000000000000e+00 0.000000000000000000e+00 0.000000000000000000e+00
0.000000000000000000e+00 0.000000000000000000e+00 0.000000000000000000e+00 0.000000000000000000e+00
-8.684016857951339929e-01 -4.956229533768595763e-01 -1.537531118932289331e-02 4.080000000000000293e-02
4.670450084531569956e-01 -8.071259532290313565e-01 -3.611324628209400256e-01 7.950000000000000122e-02
1.665757250836980286e-01 -3.207890018534401699e-01 9.323877648825695807e-01 4.920999999999999819e-01
0.000000000000000000e+00 0.000000000000000000e+00 0.000000000000000000e+00 1.000000000000000000e+00
2.110553380952647773e-01 -3.514506861245039193e-01 9.121063860559844860e-01 -7.870000000000000606e-02
5.841865148644290739e-01 7.934934966228666120e-01 1.705701810627192616e-01 -1.199999999999999895e-03
-7.836974927304830585e-01 4.968405036224724514e-01 3.727837896799193196e-01 4.354000000000000092e-01
0.000000000000000000e+00 0.000000000000000000e+00 0.000000000000000000e+00 1.000000000000000000e+00
-3.945166382254738924e-01 9.179494818533816547e-01 4.153758452750028196e-02 -1.635999999999999954e-01
-3.939960982450142479e-01 -2.098237094666752789e-01 8.948413744979328843e-01 -5.140000000000000124e-02
8.301347461291908036e-01 3.366641645776289327e-01 4.444474587150557543e-01 4.364000000000000101e-01
0.000000000000000000e+00 0.000000000000000000e+00 0.000000000000000000e+00 1.000000000000000000e+00
-1.883388965385808245e-01 -9.806456851021519983e-01 -5.350233958586075866e-02 1.318999999999999895e-01
9.686535190177029131e-01 -1.764983733336504823e-01 -1.748104239031413321e-01 7.040000000000000424e-02
1.619840120050446419e-01 -8.474883185688336651e-02 9.831474026582398551e-01 4.814999999999999836e-01
0.000000000000000000e+00 0.000000000000000000e+00 0.000000000000000000e+00 1.000000000000000000e+00
3.982096525905672868e-01 9.139482955022063537e-01 7.827889710714612537e-02 1.335000000000000075e-01
-9.121948216458876102e-01 3.855654400163336382e-01 1.387079623793753547e-01 5.199999999999999761e-03
9.659026838210423016e-02 -1.266404540959264746e-01 9.872347823290317237e-01 4.506999999999999895e-01
0.000000000000000000e+00 0.000000000000000000e+00 0.000000000000000000e+00 1.000000000000000000e+00
8.914689658511201209e-01 4.436097715412610776e-01 -9.215993444791781286e-02 3.919999999999999873e-02
4.232826737634753367e-01 -7.428769658496803263e-01 5.186189272496873892e-01 1.529999999999999936e-02
1.616009313586331264e-01 -5.013423822130774754e-01 -8.500240907062217577e-01 4.504000000000000226e-01
0.000000000000000000e+00 0.000000000000000000e+00 0.000000000000000000e+00 1.000000000000000000e+00
-1.862936050290917578e-01 9.946576901460285614e-02 -9.774462918849291526e-01 -2.227999999999999980e-01
-8.892706176958262709e-01 -4.400519230115342850e-01 1.247079530612775766e-01 8.200000000000000691e-03
-4.177229479309798044e-01 8.924465619005901296e-01 1.704308449890095112e-01 4.245999999999999774e-01
0.000000000000000000e+00 0.000000000000000000e+00 0.000000000000000000e+00 1.000000000000000000e+00
-9.291938110578201737e-02 5.633773694102127694e-01 8.209579333019123570e-01 -1.307000000000000106e-01
8.469543972628842399e-01 -3.887771185363368964e-01 3.626576913008292546e-01 -6.140000000000000319e-02
5.234827958701058215e-01 7.290118598068291433e-01 -4.410300110978906396e-01 4.112000000000000099e-01
0.000000000000000000e+00 0.000000000000000000e+00 0.000000000000000000e+00 1.000000000000000000e+00
5.251297337945171062e-02 -8.244714363635732290e-01 5.634618338871190124e-01 1.209999999999999964e-02
-4.106699929913844027e-01 -5.321503403005358734e-01 -7.403824499368417689e-01 -7.639999999999999569e-02
9.102705886072036678e-01 -1.925171834891892253e-01 -3.665304756470932901e-01 4.101000000000000201e-01
0.000000000000000000e+00 0.000000000000000000e+00 0.000000000000000000e+00 1.000000000000000000e+00
7.289300591210223779e-01 6.813306867269843803e-01 6.670430446349508158e-02 -5.489999999999999741e-02
-6.240083501586366488e-01 7.013387619124936689e-01 -3.445831103976904064e-01 7.439999999999999392e-02
-2.815573615484403547e-01 2.095529440575493174e-01 9.363829429216951050e-01 4.872000000000000219e-01
0.000000000000000000e+00 0.000000000000000000e+00 0.000000000000000000e+00 1.000000000000000000e+00
