0.000000000000000000e+00 0.000000000000000000e+00 0.000000000000000000e+00 0.000000000000000000e+00
0.000000000000000000e+00 0.000000000000000000e+00 0.000000000000000000e+00 0.000000000000000000e+00
0.000000000000000000e+00 0.000000000000000000e+00 0.000000000000000000e+00 0.000000000000000000e+00
0.000000000000000000e+00 0.000000000000000000e+00 0.000000000000000000e+00 0.000000000000000000e+00
-9.842931939790289242e-01 -1.729841436601062266e-01 -3.526179701519190079e-02 -1.500000000000000031e-03
1.598311622091557194e-01 -7.883463468464924073e-01 -5.941077654774931105e-01 5.750000000000000250e-02
7.497271419277429239e-02 -5.904121640481072575e-01 8.036122004241843531e-01 5.129000000000000226e-01
0.000000000000000000e+00 0.000000000000000000e+00 0.000000000000000000e+00 1.000000000000000000e+00
1.299433604442961077e-01 -6.448845915237126913e-01 7.531524325737373182e-01 -8.110000000000000542e-02
8.106972171148632000e-01 5.064334320836609837e-01 2.937604483761898089e-01 -3.289999999999999869e-02
-5.708631580673777517e-01 5.724063613231933356e-01 5.886138057148183611e-01 4.153999999999999915e-01
0.000000000000000000e+00 0.000000000000000000e+00 0.000000000000000000e+00 1.000000000000000000e+00
-3.677332872441396727e-01 8.806357348819131570e-01 -2.987522918767516744e-01 -1.456999999999999962e-01
-6.952394601468536717e-01 -4.699505803794501446e-02 7.172402370020254381e-01 -1.018000000000000016e-01
6.175875019034391400e-01 4.714574922185486572e-01 6.295343600818517071e-01 3.870000000000000107e-01
0.000000000000000000e+00 0.000000000000000000e+00 0.000000000000000000e+00 1.000000000000000000e+00
-4.977345878448868888e-01 -8.566813226169008866e-01 -1.354894517748084226e-01 8.849999999999999534e-02
8.029744671347714968e-01 -3.960951641404193424e-01 -4.453544948400142700e-01 7.570000000000000340e-02
3.278601610328869542e-01 -3.304629062753214330e-01 8.850434918034014720e-01 5.205999999999999517e-01
0.000000000000000000e+00 0.000000000000000000e+00 0.000000000000000000e+00 1.000000000000000000e+00
6.413765571750279504e-01 7.594985039139443561e-01 -1.086192177231471295e-01 1.144000000000000017e-01
-7.668462809953719983e-01 6.301469065404476932e-01 -1.219083979923915873e-01 2.429999999999999868e-02
-2.414318185068260736e-02 1.614834317507051475e-01 9.865800565793635402e-01 4.771000000000000241e-01
0.000000000000000000e+00 0.000000000000000000e+00 0.000000000000000000e+00 1.000000000000000000e+00
6.859217066608557234e-01 7.167095956155214997e-01 -1.258521667834711366e-01 2.259999999999999856e-02
5.801198018758663144e-01 -4.341844746658005683e-01 6.891624318190077148e-01 8.999999999999999320e-03
4.392862709019763612e-01 -5.457208054599151925e-01 -7.135939844794216835e-01 4.586999999999999966e-01
0.000000000000000000e+00 0.000000000000000000e+00 0.000000000000000000e+00 1.000000000000000000e+00
1.570814579687331847e-01 1.025718758768993100e-01 -9.822445855496028111e-01 -2.180999999999999883e-01
-7.571915329397810313e-01 -6.260132554194655086e-01 -1.864628286909409960e-01 -5.890000000000000097e-02
-6.340239727381934420e-01 7.730371364418507918e-01 -2.066851893730414780e-02 3.763000000000000234e-01
0.000000000000000000e+00 0.000000000000000000e+00 0.000000000000000000e+00 1.000000000000000000e+00
-4.216268320932305969e-01 5.464104686784891918e-01 7.236479905158174075e-01 -1.079999999999999988e-01
6.162279235621761497e-01 -4.127853476738665428e-01 6.707245358327174056e-01 -9.560000000000000442e-02
6.652021953370835794e-01 7.287275598358546880e-01 -1.626720100521457102e-01 3.679000000000000048e-01
0.000000000000000000e+00 0.000000000000000000e+00 0.000000000000000000e+00 1.000000000000000000e+00
4.679429937789691962e-02 -5.849681598934696192e-01 8.097052213346409566e-01 3.109999999999999917e-02
-6.160805071327480897e-01 -6.549629906433565019e-01 -4.375708966768319108e-01 -7.180000000000000271e-02
7.862919955568590247e-01 -4.783677798497292244e-01 -3.910360148692872961e-01 3.941999999999999948e-01
0.000000000000000000e+00 0.000000000000000000e+00 0.000000000000000000e+00 1.000000000000000000e+00
9.175005495216511653e-01 3.960746053394503807e-01 3.629943019754980349e-02 -8.930000000000000437e-02
-3.100782170817530936e-01 7.694646369066941993e-01 -5.583687597291332461e-01 2.910000000000000087e-02
-2.490868140204724190e-01 5.010479812904627961e-01 8.287983346543854601e-01 4.865999999999999770e-01
0.000000000000000000e+00 0.000000000000000000e+00 0.000000000000000000e+00 1.000000000000000000e+00
