0.000000000000000000e+00 0.000000000000000000e+00 0.000000000000000000e+00 0.000000000000000000e+00
0.000000000000000000e+00 0.000000000000000000e+00 0.000000000000000000e+00 0.000000000000000000e+00
0.000000000000000000e+00 0.000000000000000000e+00 0.000000000000000000e+00 0.000000000000000000e+00
0.000000000000000000e+00 0.000000000000000000e+00 0.000000000000000000e+00 0.000000000000000000e+00
-3.709761631755921218e-01 -9.282780039868725463e-01 2.601218310069509931e-02 1.055999999999999994e-01
9.097305593460778272e-01 -3.689028558286682191e-01 -1.905281930668665247e-01 4.610000000000000209e-02
1.864590993955210219e-01 -4.701734015871668337e-02 9.813370338354763245e-01 4.932000000000000273e-01
0.000000000000000000e+00 0.000000000000000000e+00 0.000000000000000000e+00 1.000000000000000000e+00
2.918463649007948524e-01 3.042769180515855210e-01 9.067751961954080286e-01 -4.819999999999999979e-02
2.625211470297532657e-01 8.861561503386710115e-01 -3.818506574292225841e-01 4.920000000000000068e-02
-9.197327582816514635e-01 3.494893909090453499e-01 1.787423256692428630e-01 4.756000000000000227e-01
0.000000000000000000e+00 0.000000000000000000e+00 0.000000000000000000e+00 1.000000000000000000e+00
-3.155710127282358446e-01 6.865348042867891465e-01 6.550457223954494479e-01 -1.428000000000000103e-01
3.175484384610294253e-03 -6.895517794341765594e-01 7.242294248220546571e-01 6.079999999999999988e-02
9.488966499174708025e-01 2.306259005013560626e-01 2.154224728140958778e-01 5.010999999999999899e-01
0.000000000000000000e+00 0.000000000000000000e+00 0.000000000000000000e+00 1.000000000000000000e+00
4.436526656163327642e-01 -8.887537429912022446e-01 1.152783440662222408e-01 1.690000000000000113e-01
8.954137050960178090e-01 4.449646581510952048e-01 -1.551611171332435701e-02 -1.710000000000000062e-02
-3.750478659776425305e-02 1.101055734992867768e-01 9.932120386235002707e-01 4.712000000000000077e-01
0.000000000000000000e+00 0.000000000000000000e+00 0.000000000000000000e+00 1.000000000000000000e+00
-1.802331328864812399e-01 9.000062657765623975e-01 3.968686676633111921e-01 1.252999999999999947e-01
-9.536624323976607975e-01 -2.587133942803598874e-01 1.536077623471947262e-01 -7.249999999999999500e-02
2.409231886790917099e-01 -3.507935307026951444e-01 9.049308901644567138e-01 4.561999999999999944e-01
0.000000000000000000e+00 0.000000000000000000e+00 0.000000000000000000e+00 1.000000000000000000e+00
9.789088854048506594e-01 -2.042968428014592941e-01 4.405641709637753145e-04 5.709999999999999798e-02
-1.884725362564851070e-01 -9.022487394586184983e-01 3.878470255427809987e-01 -7.700000000000000247e-03
-7.883842434042438729e-02 -3.797499337283556931e-01 -9.217236520133511579e-01 4.680000000000000271e-01
0.000000000000000000e+00 0.000000000000000000e+00 0.000000000000000000e+00 1.000000000000000000e+00
-7.581067256001263743e-01 6.092717403879899241e-02 -6.492781161131954137e-01 -1.584000000000000130e-01
-6.299257701993042913e-01 -3.260120088824169926e-01 7.049182180248031448e-01 1.426999999999999935e-01
-1.687237880047370575e-01 9.434002594488176685e-01 2.855314935926263065e-01 4.853000000000000091e-01
0.000000000000000000e+00 0.000000000000000000e+00 0.000000000000000000e+00 1.000000000000000000e+00
5.436836951016003061e-01 4.100930764092919345e-01 7.322784363627218296e-01 -1.293999999999999873e-01
7.746695732722547190e-01 -5.809254183278644845e-01 -2.498253601754202580e-01 3.059999999999999873e-02
3.229475064570911380e-01 7.030997987638443192e-01 -6.335263065188285747e-01 4.742000000000000104e-01
0.000000000000000000e+00 0.000000000000000000e+00 0.000000000000000000e+00 1.000000000000000000e+00
4.548851277875143317e-02 -9.961929770652957483e-01 -7.436630722955173134e-02 -2.649999999999999925e-02
-2.727230447087828913e-01 5.923128189558046763e-02 -9.602675648639691364e-01 -6.759999999999999343e-02
9.610166159281265941e-01 6.396254912672721948e-02 -2.689904388993453743e-01 4.546000000000000041e-01
0.000000000000000000e+00 0.000000000000000000e+00 0.000000000000000000e+00 1.000000000000000000e+00
1.430371151274998365e-01 9.845618532295636882e-01 1.008877636840527781e-01 2.670000000000000151e-02
-9.602675880111755102e-01 1.627395833531234404e-01 -2.267200640112183585e-01 9.940000000000000224e-02
-2.396383590145815812e-01 -6.444986559504006784e-02 9.687206365684483123e-01 5.043999999999999595e-01
0.000000000000000000e+00 0.000000000000000000e+00 0.000000000000000000e+00 1.000000000000000000e+00
