0.000000000000000000e+00 0.000000000000000000e+00 0.000000000000000000e+00 0.000000000000000000e+00
0.000000000000000000e+00 0.000000000000000000e+00 0.000000000000000000e+00 0.000000000000000000e+00
0.000000000000000000e+00 0.000000000000000000e+00 0.000000000000000000e+00 0.000000000000000000e+00
0.000000000000000000e+00 0.000000000000000000e+00 0.000000000000000000e+00 0.000000000000000000e+00
9.571649819078085208e-01 -2.843911912558279576e-01 5.437690452311135653e-02 6.110000000000000153e-02
2.761665724214508733e-01 8.402779942366067623e-01 -4.665457283897179730e-01 -1.247999999999999943e-01
8.698977920659436980e-02 4.615783170143459291e-01 8.828240116669867632e-01 4.107999999999999985e-01
0.000000000000000000e+00 0.000000000000000000e+00 0.000000000000000000e+00 1.000000000000000000e+00
1.477724602109820040e-03 9.138989571728661776e-01 -4.059390501150976771e-01 7.359999999999999876e-02
1.568294858367576539e-01 -4.011280602456119837e-01 -9.024969759815100190e-01 2.079999999999999905e-02
-9.876245889517829557e-01 -6.232957052587512203e-02 -1.439190603633908605e-01 4.622999999999999887e-01
0.000000000000000000e+00 0.000000000000000000e+00 0.000000000000000000e+00 1.000000000000000000e+00
2.641601781979953101e-01 -6.706201355234753247e-01 6.931724418100296825e-01 9.959999999999999409e-02
-1.403576209767640193e-01 -7.377802099726378238e-01 -6.602878917612177156e-01 9.439999999999999780e-02
9.542112651232673715e-01 7.712973229051167667e-02 -2.890187985385164193e-01 5.225999999999999535e-01
0.000000000000000000e+00 0.000000000000000000e+00 0.000000000000000000e+00 1.000000000000000000e+00
8.152149119641814989e-01 5.363259902212789143e-01 2.185842618405918758e-01 -1.099999999999999936e-02
-3.531661059146494752e-01 7.594728879373691122e-01 -5.463283208119043000e-01 -1.736000000000000043e-01
-4.590188982431054887e-01 3.681784413857457361e-01 8.085457849463124624e-01 3.805999999999999939e-01
0.000000000000000000e+00 0.000000000000000000e+00 0.000000000000000000e+00 1.000000000000000000e+00
-8.451963588514459502e-01 -4.166044968890811884e-01 3.347891995809503807e-01 -6.419999999999999318e-02
2.507924178000242588e-02 -6.566364358904723808e-01 -7.537901715283887860e-01 -1.293999999999999873e-01
5.338671619569779203e-01 -6.287044490321769263e-01 5.654348496079357744e-01 4.012000000000000011e-01
0.000000000000000000e+00 0.000000000000000000e+00 0.000000000000000000e+00 1.000000000000000000e+00
-2.893057306508306503e-01 -9.457384993656567929e-01 1.479218882727802442e-01 7.400000000000000328e-03
-8.462950373215454292e-01 3.249143991620228045e-01 4.221555910113070076e-01 -7.180000000000000271e-02
-4.473107465929176407e-01 -3.053528250626713625e-03 -8.943733962656255088e-01 4.243999999999999995e-01
0.000000000000000000e+00 0.000000000000000000e+00 0.000000000000000000e+00 1.000000000000000000e+00
-5.812658945995927695e-01 -8.846206013249940936e-02 8.088908601860010927e-01 1.759999999999999898e-01
7.344955844406846346e-01 -4.848722390279789352e-01 4.747790520411904192e-01 1.179000000000000048e-01
3.502087894563353787e-01 8.700996355229143608e-01 3.468146883429530369e-01 4.944999999999999951e-01
0.000000000000000000e+00 0.000000000000000000e+00 0.000000000000000000e+00 1.000000000000000000e+00
7.783319990916922615e-01 -4.247514567603446478e-01 -4.623694401340718851e-01 6.260000000000000286e-02
-6.068228995370300582e-01 -6.979191581081094498e-01 -3.803614298836556218e-01 9.339999999999999691e-02
-1.611374189547589708e-01 5.766238364181909271e-01 -8.009617241085653649e-01 5.013999999999999568e-01
0.000000000000000000e+00 0.000000000000000000e+00 0.000000000000000000e+00 1.000000000000000000e+00
-3.140904201994376699e-02 1.621612330323722040e-01 -9.862642681253387389e-01 -4.630000000000000088e-02
-4.773362838913708384e-01 8.645186613219817406e-01 1.573453409123554414e-01 7.199999999999999803e-03
8.781591792836683785e-01 4.757217871061503178e-01 5.025173740642763232e-02 4.648999999999999799e-01
0.000000000000000000e+00 0.000000000000000000e+00 0.000000000000000000e+00 1.000000000000000000e+00
-9.985509120429474361e-01 5.288904023349740718e-02 9.941100611995597885e-03 1.223999999999999949e-01
-5.013783526872752500e-02 -8.471921158126283213e-01 -5.289156042125139345e-01 -5.750000000000000250e-02
-1.955181661033747464e-02 -5.286475842450263363e-01 8.486162019070420115e-01 4.411999999999999811e-01
0.000000000000000000e+00 0.000000000000000000e+00 0.000000000000000000e+00 1.000000000000000000e+00
