0.000000000000000000e+00 0.000000000000000000e+00 0.000000000000000000e+00 0.000000000000000000e+00
0.000000000000000000e+00 0.000000000000000000e+00 0.000000000000000000e+00 0.000000000000000000e+00
0.000000000000000000e+00 0.000000000000000000e+00 0.000000000000000000e+00 0.000000000000000000e+00
0.000000000000000000e+00 0.000000000000000000e+00 0.000000000000000000e+00 0.000000000000000000e+00
4.108001015323340388e-01 -9.106434560169702763e-01 4.440464609128563778e-02 1.231000000000000011e-01
6.311075763439262243e-01 2.488740687956862985e-01 -7.346869571200890237e-01 -5.920000000000000262e-02
6.579867047762586463e-01 3.298335851524952789e-01 6.769514771703598610e-01 4.062000000000000055e-01
0.000000000000000000e+00 0.000000000000000000e+00 0.000000000000000000e+00 1.000000000000000000e+00
2.366729112651987377e-01 8.895185103203689936e-01 3.908231734054248285e-01 1.569999999999999868e-02
5.876751904814904170e-01 1.892641202955279711e-01 -7.866491996190574376e-01 2.809999999999999998e-02
-7.737078282955389685e-01 4.158556390938943359e-01 -4.779542696409451175e-01 4.757000000000000117e-01
0.000000000000000000e+00 0.000000000000000000e+00 0.000000000000000000e+00 1.000000000000000000e+00
-6.209135882046123989e-02 3.050352789493251948e-02 9.976042291138264018e-01 -3.760000000000000148e-02
-4.288070278612717834e-01 -9.033956281231412255e-01 9.337798334836389103e-04 6.539999999999999980e-02
9.012597827577858434e-01 -4.277217248094349888e-01 6.917318923853943424e-02 5.497999999999999554e-01
0.000000000000000000e+00 0.000000000000000000e+00 0.000000000000000000e+00 1.000000000000000000e+00
9.296627798373262586e-01 -2.868559119975079286e-01 2.311726660684888246e-01 1.193000000000000033e-01
3.655263253981908544e-01 6.398152317856885540e-01 -6.760377020669200432e-01 -1.156999999999999973e-01
4.601761864798006862e-02 7.129867845388887515e-01 6.996657943953423775e-01 3.333999999999999742e-01
0.000000000000000000e+00 0.000000000000000000e+00 0.000000000000000000e+00 1.000000000000000000e+00
-7.546103376179238431e-01 3.858283967188226304e-01 5.307538851911923761e-01 4.760000000000000342e-02
-6.543065884928079834e-01 -3.814799080881878801e-01 -6.529593922901565373e-01 -1.198000000000000037e-01
-4.945833210962310988e-02 -8.400056714156222126e-01 5.403187442376249372e-01 3.260000000000000120e-01
0.000000000000000000e+00 0.000000000000000000e+00 0.000000000000000000e+00 1.000000000000000000e+00
5.343213830801960551e-01 -8.364448195482115933e-01 1.219045669129180109e-01 4.769999999999999934e-02
-5.430037458503637060e-01 -2.291317946201816280e-01 8.078648108975959863e-01 -5.369999999999999774e-02
-6.478021237814366451e-01 -4.978540795706053457e-01 -5.766226876209132879e-01 3.940000000000000169e-01
0.000000000000000000e+00 0.000000000000000000e+00 0.000000000000000000e+00 1.000000000000000000e+00
-9.953645502443437820e-01 -3.245352827770249526e-02 9.053275992260055582e-02 6.300000000000000044e-03
7.902686535062757034e-02 -8.124773544250465385e-01 5.776117234780910881e-01 1.337000000000000133e-01
5.481027886928367676e-02 5.820887535838545901e-01 8.112758570803557667e-01 5.743000000000000327e-01
0.000000000000000000e+00 0.000000000000000000e+00 0.000000000000000000e+00 1.000000000000000000e+00
9.732085434629188514e-01 -8.037916947804698425e-03 2.297836435038927705e-01 -5.380000000000000060e-02
2.033093581653109411e-02 -9.924656090793479990e-01 -1.208249471077177672e-01 5.659999999999999754e-02
2.290235445966374572e-01 1.222595872964525321e-01 -9.657125914755864127e-01 5.112999999999999767e-01
0.000000000000000000e+00 0.000000000000000000e+00 0.000000000000000000e+00 1.000000000000000000e+00
-3.114600773082454310e-03 -6.395113195066893796e-01 -7.687753712787874782e-01 -5.449999999999999983e-02
-7.826788390540410090e-01 4.800632231798166449e-01 -3.961731144931772697e-01 -4.220000000000000140e-02
6.224179738399613360e-01 6.004702939971459097e-01 -5.020271823994577609e-01 4.072000000000000064e-01
0.000000000000000000e+00 0.000000000000000000e+00 0.000000000000000000e+00 1.000000000000000000e+00
-6.131307731365660540e-01 7.869520667063746311e-01 6.911656631751145197e-02 1.076000000000000012e-01
-5.196877483146443710e-01 -3.359059726780728727e-01 -7.855519217536502952e-01 5.300000000000000024e-03
-5.949750408921470335e-01 -5.175650898445179893e-01 6.149236363074882528e-01 4.753999999999999893e-01
0.000000000000000000e+00 0.000000000000000000e+00 0.000000000000000000e+00 1.000000000000000000e+00
