0.000000000000000000e+00 0.000000000000000000e+00 0.000000000000000000e+00 0.000000000000000000e+00
0.000000000000000000e+00 0.000000000000000000e+00 0.000000000000000000e+00 0.000000000000000000e+00
0.000000000000000000e+00 0.000000000000000000e+00 0.000000000000000000e+00 0.000000000000000000e+00
0.000000000000000000e+00 0.000000000000000000e+00 0.000000000000000000e+00 0.000000000000000000e+00
9.568774829056089226e-01 -2.840218508194056746e-01 6.096778629198595922e-02 6.140000000000000319e-02
2.890883608135305094e-01 9.104400015000562174e-01 -2.958494943560384116e-01 -1.237999999999999934e-01
2.852020950785655318e-02 3.007167968798830082e-01 9.532869482605597078e-01 4.324999999999999956e-01
0.000000000000000000e+00 0.000000000000000000e+00 0.000000000000000000e+00 1.000000000000000000e+00
-4.652375777188577644e-03 9.146282004559371792e-01 -4.042692300068876921e-01 7.370000000000000162e-02
-2.783727109263328670e-02 -4.042353884373157680e-01 -9.142312820468614376e-01 2.879999999999999921e-02
-9.996016415241337771e-01 7.000404678769001077e-03 2.734140809450735787e-02 4.561000000000000054e-01
0.000000000000000000e+00 0.000000000000000000e+00 0.000000000000000000e+00 1.000000000000000000e+00
2.701082430441320570e-01 -6.681272294807374390e-01 6.932874889005326002e-01 9.990000000000000269e-02
3.805647108224624597e-02 -7.120807304246032921e-01 -7.010654308741298690e-01 1.122999999999999970e-01
9.620775655051821973e-01 2.157476270654148376e-01 -1.669123104125767032e-01 5.016000000000000458e-01
0.000000000000000000e+00 0.000000000000000000e+00 0.000000000000000000e+00 1.000000000000000000e+00
8.135424230012047175e-01 5.362629055943406442e-01 2.248795723511679556e-01 -1.080000000000000057e-02
-4.303270718978734477e-01 8.153000047686791429e-01 -3.874332373661223405e-01 -1.774000000000000021e-01
-3.911103900040644454e-01 2.184216067785119675e-01 8.940495872842634251e-01 4.121000000000000218e-01
0.000000000000000000e+00 0.000000000000000000e+00 0.000000000000000000e+00 1.000000000000000000e+00
-8.420455564447582031e-01 -4.185955956738650618e-01 3.402014229160125192e-01 -6.389999999999999847e-02
1.217353232454505829e-01 -7.618980565629349666e-01 -6.361539613017813677e-01 -1.302999999999999992e-01
5.254900493310631360e-01 -4.942560861416526174e-01 6.925107431411963166e-01 4.244999999999999885e-01
0.000000000000000000e+00 0.000000000000000000e+00 0.000000000000000000e+00 1.000000000000000000e+00
-2.894871002671866034e-01 -9.466665862697967171e-01 1.414906117704838040e-01 7.599999999999999985e-03
-9.147283096269063218e-01 3.171433836080759239e-01 2.503840925472771706e-01 -6.930000000000000049e-02
-2.819030655136596231e-01 -5.694250322834935873e-02 -9.577516447284710743e-01 4.363000000000000211e-01
0.000000000000000000e+00 0.000000000000000000e+00 0.000000000000000000e+00 1.000000000000000000e+00
-5.813307652782691015e-01 -8.212554256098170136e-02 8.095121596369299066e-01 1.761999999999999955e-01
7.854390333869857299e-01 -3.164225975365777543e-01 5.319419748434243145e-01 1.303999999999999881e-01
2.124619169947859487e-01 9.450566834996031451e-01 2.484507975427560078e-01 4.692000000000000060e-01
0.000000000000000000e+00 0.000000000000000000e+00 0.000000000000000000e+00 1.000000000000000000e+00
7.790211822730092051e-01 -4.195460576249518958e-01 -4.659475325627590037e-01 6.279999999999999472e-02
-6.249041460108115675e-01 -5.802067075509698135e-01 -5.223552285670749473e-01 1.073000000000000065e-01
-5.119380693463981835e-02 6.980983326467864458e-01 -7.141693861314100111e-01 4.812000000000000166e-01
0.000000000000000000e+00 0.000000000000000000e+00 0.000000000000000000e+00 1.000000000000000000e+00
-2.519899659175539597e-02 1.625353675246045959e-01 -9.863808923911747684e-01 -4.599999999999999922e-02
-3.072623797198661411e-01 9.376723563540674267e-01 1.623588067777526067e-01 1.569999999999999868e-02
9.512911439615390208e-01 3.071690193249516643e-01 2.631260130230361760e-02 4.618999999999999773e-01
0.000000000000000000e+00 0.000000000000000000e+00 0.000000000000000000e+00 1.000000000000000000e+00
-9.984997280497067695e-01 5.225637937102866476e-02 1.635738058773945902e-02 1.227000000000000035e-01
-5.462583617989574120e-02 -9.299910759340859201e-01 -3.635005044076388137e-01 -5.210000000000000048e-02
-3.783002287630702828e-03 -3.638486903892768076e-01 9.314503848277158049e-01 4.495000000000000107e-01
0.000000000000000000e+00 0.000000000000000000e+00 0.000000000000000000e+00 1.000000000000000000e+00
