0.000000000000000000e+00 0.000000000000000000e+00 0.000000000000000000e+00 0.000000000000000000e+00
0.000000000000000000e+00 0.000000000000000000e+00 0.000000000000000000e+00 0.000000000000000000e+00
0.000000000000000000e+00 0.000000000000000000e+00 0.000000000000000000e+00 0.000000000000000000e+00
0.000000000000000000e+00 0.000000000000000000e+00 0.000000000000000000e+00 0.000000000000000000e+00
-9.987896907233402288e-01 2.480150025870771213e-02 -4.247398368050459005e-02 -2.500000000000000139e-02
4.219042619282393700e-03 -8.171727198497023004e-01 -5.763774332959410440e-01 5.809999999999999887e-02
-4.900360582805236842e-02 -5.758590378889243411e-01 8.160790495396210709e-01 5.134999999999999565e-01
0.000000000000000000e+00 0.000000000000000000e+00 0.000000000000000000e+00 1.000000000000000000e+00
7.313390797769092622e-02 -7.807285537297460332e-01 6.205758268696659474e-01 -7.710000000000000187e-02
8.097985122146907910e-01 4.096860102329764608e-01 4.199806455472189226e-01 -4.540000000000000285e-02
-5.821321165498289929e-01 4.718265554315955734e-01 6.621947602260015442e-01 4.108999999999999875e-01
0.000000000000000000e+00 0.000000000000000000e+00 0.000000000000000000e+00 1.000000000000000000e+00
-3.295110415883510946e-01 8.123710311299359166e-01 -4.811193004362273040e-01 -1.262999999999999956e-01
-7.323507743257406943e-01 1.016966373565031390e-01 6.732905296340264689e-01 -1.241000000000000020e-01
5.958899368304921840e-01 5.742047559288102621e-01 5.614303887864348086e-01 3.776999999999999802e-01
0.000000000000000000e+00 0.000000000000000000e+00 0.000000000000000000e+00 1.000000000000000000e+00
-6.521189564811635808e-01 -7.379882338098340266e-01 -1.735345307313789498e-01 5.960000000000000020e-02
7.207269604291390852e-01 -5.324979863690968429e-01 -4.438451791147799419e-01 9.059999999999999998e-02
2.351457316399604702e-01 -4.145108699070492175e-01 8.791400477855669804e-01 5.310000000000000275e-01
0.000000000000000000e+00 0.000000000000000000e+00 0.000000000000000000e+00 1.000000000000000000e+00
7.498341527722833799e-01 6.275603898552064575e-01 -2.095631179884790973e-01 9.819999999999999563e-02
-6.565304688963937707e-01 7.449835869717702508e-01 -1.181829029655147301e-01 4.309999999999999942e-02
8.195417467678699219e-02 2.262021490336822149e-01 9.706266537786764070e-01 4.930999999999999828e-01
0.000000000000000000e+00 0.000000000000000000e+00 0.000000000000000000e+00 1.000000000000000000e+00
5.289451617618656787e-01 8.367832108783884726e-01 -1.414597958459150873e-01 1.290000000000000001e-02
6.893978822280154573e-01 -3.264634579043872442e-01 6.466468670245277828e-01 1.310000000000000053e-02
4.949217875869287298e-01 -4.395628153576737751e-01 -7.495578400140938680e-01 4.645000000000000240e-01
0.000000000000000000e+00 0.000000000000000000e+00 0.000000000000000000e+00 1.000000000000000000e+00
3.487270530961803505e-01 1.014082800998226674e-01 -9.317219559321598954e-01 -2.026000000000000023e-01
-7.352612345814133477e-01 -5.868748551515872158e-01 -3.390705255733967860e-01 -9.339999999999999691e-02
-5.811887467601808410e-01 8.033021007802727542e-01 -1.300975615502872884e-01 3.567000000000000171e-01
0.000000000000000000e+00 0.000000000000000000e+00 0.000000000000000000e+00 1.000000000000000000e+00
-5.902694491960507328e-01 5.093952301910571467e-01 6.261776719146018300e-01 -8.799999999999999489e-02
5.549622493684194247e-01 -3.072248877517100851e-01 7.730651784435083052e-01 -1.125000000000000028e-01
5.861730794925122945e-01 8.038217263825038206e-01 -1.013496574918524296e-01 3.629000000000000004e-01
0.000000000000000000e+00 0.000000000000000000e+00 0.000000000000000000e+00 1.000000000000000000e+00
4.365098114448462407e-02 -4.137321979115402559e-01 9.093515603199949782e-01 4.150000000000000216e-02
-5.856536927532387526e-01 -7.480177392030755712e-01 -3.122166139109418537e-01 -6.669999999999999540e-02
8.093851641892247928e-01 -5.189365377855034156e-01 -2.749554977475006101e-01 4.047000000000000042e-01
0.000000000000000000e+00 0.000000000000000000e+00 0.000000000000000000e+00 1.000000000000000000e+00
9.779434559273663119e-01 2.079813381534596772e-01 1.924473924831200666e-02 -1.034000000000000058e-01
-1.665010570717760097e-01 8.318844631253663469e-01 -5.293823174272088705e-01 1.590000000000000094e-02
-1.261110423508601808e-01 5.145017035836879638e-01 8.481650794548560857e-01 4.779999999999999805e-01
0.000000000000000000e+00 0.000000000000000000e+00 0.000000000000000000e+00 1.000000000000000000e+00
