0.000000000000000000e+00 0.000000000000000000e+00 0.000000000000000000e+00 0.000000000000000000e+00
0.000000000000000000e+00 0.000000000000000000e+00 0.000000000000000000e+00 0.000000000000000000e+00
0.000000000000000000e+00 0.000000000000000000e+00 0.000000000000000000e+00 0.000000000000000000e+00
0.000000000000000000e+00 0.000000000000000000e+00 0.000000000000000000e+00 0.000000000000000000e+00
2.993242690580666387e-02 -9.990424295196169702e-01 3.191040330472011410e-02 1.233999999999999958e-01
7.011334977080665443e-01 -1.768071637999080181e-03 -7.130278341792386509e-01 -2.630000000000000046e-02
7.124014796525772741e-01 4.371610621068910962e-02 7.004091902927847002e-01 4.353000000000000203e-01
0.000000000000000000e+00 0.000000000000000000e+00 0.000000000000000000e+00 1.000000000000000000e+00
2.931061300388854152e-01 6.535721767965636531e-01 6.978052781765337054e-01 -1.789999999999999925e-02
6.455480604468766259e-01 4.030808446722476956e-01 -6.486860059470863638e-01 2.879999999999999921e-02
-7.052350659084557494e-01 6.406006887099863212e-01 -3.037667846183771392e-01 4.665000000000000258e-01
0.000000000000000000e+00 0.000000000000000000e+00 0.000000000000000000e+00 1.000000000000000000e+00
-2.089416865359290387e-01 3.800303671264131933e-01 9.010661971738176401e-01 -9.800000000000000377e-02
-4.499474524342362280e-01 -8.554410231305982215e-01 2.564526193923860609e-01 4.950000000000000233e-02
8.682687727169866587e-01 -3.518487970805626031e-01 3.497309856411050522e-01 5.203999999999999737e-01
0.000000000000000000e+00 0.000000000000000000e+00 0.000000000000000000e+00 1.000000000000000000e+00
7.527468512493024067e-01 -6.323854542570804815e-01 1.829229760809900629e-01 1.550999999999999879e-01
5.917468733000951220e-01 5.282329399741921838e-01 -6.089380913243830351e-01 -8.019999999999999352e-02
2.884576500525193321e-01 5.666203300008635368e-01 7.718377975688226478e-01 3.675999999999999823e-01
0.000000000000000000e+00 0.000000000000000000e+00 0.000000000000000000e+00 1.000000000000000000e+00
-5.167853816878509310e-01 6.952076837056245795e-01 4.996190006298823483e-01 9.220000000000000417e-02
-8.256235651025335409e-01 -2.503459553478457611e-01 -5.056408126213277621e-01 -1.024999999999999939e-01
-2.264477821068791585e-01 -6.738050008404764535e-01 7.033549763961586265e-01 3.402999999999999914e-01
0.000000000000000000e+00 0.000000000000000000e+00 0.000000000000000000e+00 1.000000000000000000e+00
8.176018626016277047e-01 -5.709373265590593771e-01 7.455040852968622400e-02 5.600000000000000117e-02
-3.726020315641122016e-01 -4.259228214372758892e-01 8.244740603883220498e-01 -4.009999999999999676e-02
-4.389702955151355557e-01 -7.018691611123144547e-01 -5.609676999033457179e-01 4.018999999999999795e-01
0.000000000000000000e+00 0.000000000000000000e+00 0.000000000000000000e+00 1.000000000000000000e+00
-9.550096380933372764e-01 7.662375950928418389e-03 -2.964757648503820175e-01 -8.169999999999999485e-02
-1.814002293118933962e-01 -8.059554674059028478e-01 5.634977740542769231e-01 1.262999999999999956e-01
-2.346285318421970634e-01 5.919265769952545275e-01 7.710851960012304884e-01 5.526999999999999691e-01
0.000000000000000000e+00 0.000000000000000000e+00 0.000000000000000000e+00 1.000000000000000000e+00
8.275734664167452292e-01 2.083640069885031865e-01 5.212548304569150082e-01 -9.969999999999999696e-02
2.654179956417158648e-01 -9.634510835678073981e-01 -3.626702581619224708e-02 3.780000000000000027e-02
4.946467883980510960e-01 1.683640405897686154e-01 -8.526301100499447116e-01 4.793999999999999928e-01
0.000000000000000000e+00 0.000000000000000000e+00 0.000000000000000000e+00 1.000000000000000000e+00
1.577796239839990289e-02 -8.851896356823056866e-01 -4.649627563398831542e-01 -4.519999999999999712e-02
-7.704978646114770680e-01 2.856062022127872080e-01 -5.698790554904982208e-01 -5.569999999999999951e-02
6.372472805212342495e-01 3.672443411929112167e-01 -6.775304401501647256e-01 3.847999999999999754e-01
0.000000000000000000e+00 0.000000000000000000e+00 0.000000000000000000e+00 1.000000000000000000e+00
-2.633000523696180650e-01 9.609557981803509286e-01 8.507077268792667679e-02 7.280000000000000360e-02
-6.468885779600122010e-01 -1.104485513230806237e-01 -7.545437596425444982e-01 3.049999999999999933e-02
-7.156872572059878035e-01 -2.537027225991027590e-01 6.507124391148313425e-01 4.937000000000000277e-01
0.000000000000000000e+00 0.000000000000000000e+00 0.000000000000000000e+00 1.000000000000000000e+00
