0.000000000000000000e+00 0.000000000000000000e+00 0.000000000000000000e+00 0.000000000000000000e+00
0.000000000000000000e+00 0.000000000000000000e+00 0.000000000000000000e+00 0.000000000000000000e+00
0.000000000000000000e+00 0.000000000000000000e+00 0.000000000000000000e+00 0.000000000000000000e+00
0.000000000000000000e+00 0.000000000000000000e+00 0.000000000000000000e+00 0.000000000000000000e+00
-6.297210739430580961e-01 -7.767708602814794583e-01 8.854357660050826695e-03 8.129999999999999727e-02
7.703105955507921765e-01 -6.258752925375490328e-01 -1.220725381616250826e-01 7.710000000000000187e-02
1.003641141752656535e-01 -7.005104430775999091e-02 9.924816853610984868e-01 4.729999999999999760e-01
0.000000000000000000e+00 0.000000000000000000e+00 0.000000000000000000e+00 1.000000000000000000e+00
2.695823480803796190e-01 1.016370450617337662e-02 9.629237024365846498e-01 -6.529999999999999694e-02
2.868713936821905008e-01 9.536961528190055493e-01 -9.037948652800356641e-02 3.420000000000000123e-02
-9.192552208664939162e-01 3.005999787241161458e-01 2.541839721555121390e-01 4.469000000000000195e-01
0.000000000000000000e+00 0.000000000000000000e+00 0.000000000000000000e+00 1.000000000000000000e+00
-3.707234064817430674e-01 8.374320152517999993e-01 4.015865731294825380e-01 -1.607999999999999985e-01
-3.851430712267872591e-02 -4.458879865034321988e-01 8.942597786095352053e-01 1.899999999999999953e-02
9.279443970591298996e-01 3.160562027918831784e-01 1.975542270956094359e-01 4.663999999999999813e-01
0.000000000000000000e+00 0.000000000000000000e+00 0.000000000000000000e+00 1.000000000000000000e+00
1.686905774338720576e-01 -9.847416388255184616e-01 4.274802741950586848e-02 1.617000000000000104e-01
9.825770273097852447e-01 1.714357120379881305e-01 7.177870186269391661e-02 3.409999999999999837e-02
-7.801201502391992559e-02 2.989483904054369284e-02 9.965041014018194421e-01 4.588999999999999746e-01
0.000000000000000000e+00 0.000000000000000000e+00 0.000000000000000000e+00 1.000000000000000000e+00
8.526760238639641276e-02 9.591908850808456011e-01 2.695965169676703410e-01 1.368000000000000049e-01
-9.504463433192665844e-01 -2.886393198931580528e-03 3.108752437961826431e-01 -3.239999999999999825e-02
2.989668617996152356e-01 -2.827446104033198293e-01 9.114133534426432925e-01 4.455999999999999961e-01
0.000000000000000000e+00 0.000000000000000000e+00 0.000000000000000000e+00 1.000000000000000000e+00
9.947580780922289367e-01 9.199586347631923122e-02 -4.464445288612543805e-02 5.229999999999999927e-02
1.014901046889438024e-01 -9.415852074950088468e-01 3.211184449339660185e-01 1.030000000000000013e-02
-1.249498781441049297e-02 -3.239661373196707217e-01 -9.459861611829689654e-01 4.490999999999999992e-01
0.000000000000000000e+00 0.000000000000000000e+00 0.000000000000000000e+00 1.000000000000000000e+00
-5.305385658380008529e-01 8.388132553827526428e-02 -8.435002983902843976e-01 -1.980999999999999983e-01
-8.318036912433717234e-01 -2.430928151737563603e-01 4.990075174231334842e-01 9.189999999999999558e-02
-1.631914501205815604e-01 9.663693944019746684e-01 1.987429097369315389e-01 4.439000000000000168e-01
0.000000000000000000e+00 0.000000000000000000e+00 0.000000000000000000e+00 1.000000000000000000e+00
2.725688602867386567e-01 5.080637056094173820e-01 8.170541520881070552e-01 -1.373000000000000054e-01
9.158077671225300920e-01 -3.973429228228966270e-01 -5.843573701600246473e-02 -7.300000000000000065e-03
2.949616078069042802e-01 7.641923008804688555e-01 -5.735919954069976789e-01 4.425000000000000044e-01
0.000000000000000000e+00 0.000000000000000000e+00 0.000000000000000000e+00 1.000000000000000000e+00
5.263636334998855748e-02 -9.729466238069458539e-01 2.249539519011689026e-01 -9.299999999999999239e-03
-1.960692721812781203e-01 -2.309506226675002161e-01 -9.530050631532855920e-01 -7.209999999999999742e-02
9.791763139290041718e-01 6.056163154950666705e-03 -2.029213372916922609e-01 4.354999999999999982e-01
0.000000000000000000e+00 0.000000000000000000e+00 0.000000000000000000e+00 1.000000000000000000e+00
4.303134089124471817e-01 8.980129981355232660e-01 9.166801672228896969e-02 -1.030000000000000013e-02
-8.880525877666159973e-01 4.393593016032260046e-01 -1.353735773913885276e-01 1.055999999999999994e-01
-1.618424279080298289e-01 -2.315295390170074574e-02 9.865449656525848710e-01 4.759999999999999787e-01
0.000000000000000000e+00 0.000000000000000000e+00 0.000000000000000000e+00 1.000000000000000000e+00
