0.000000000000000000e+00 0.000000000000000000e+00 0.000000000000000000e+00 0.000000000000000000e+00
0.000000000000000000e+00 0.000000000000000000e+00 0.000000000000000000e+00 0.000000000000000000e+00
0.000000000000000000e+00 0.000000000000000000e+00 0.000000000000000000e+00 0.000000000000000000e+00
0.000000000000000000e+00 0.000000000000000000e+00 0.000000000000000000e+00 0.000000000000000000e+00
-9.392077959330931147e-01 3.394013854232906247e-01 -5.191739237724782297e-02 -6.130000000000000032e-02
-1.780892906122817920e-01 -6.108278430776299395e-01 -7.714749190287037983e-01 1.839999999999999969e-02
-2.935522451416722189e-01 -7.153293267397065058e-01 6.341380241543649321e-01 5.221999999999999975e-01
0.000000000000000000e+00 0.000000000000000000e+00 0.000000000000000000e+00 1.000000000000000000e+00
-2.255170692748631467e-02 -9.342324545114594203e-01 3.559510379984174300e-01 -6.489999999999999936e-02
9.345376040509331128e-01 1.067806595589904095e-01 3.394662830958154465e-01 -6.169999999999999790e-02
-3.551491054886638521e-01 3.403051743386236727e-01 8.706672735258635942e-01 3.897999999999999798e-01
0.000000000000000000e+00 0.000000000000000000e+00 0.000000000000000000e+00 1.000000000000000000e+00
-2.429356475310064933e-01 6.350468919899033837e-01 -7.332787438161931792e-01 -8.540000000000000369e-02
-9.153804852912542644e-01 1.000914999557965812e-01 3.899490463952264285e-01 -1.366999999999999882e-01
3.210308993019801993e-01 7.659615764583511677e-01 5.569937388183094917e-01 3.290000000000000147e-01
0.000000000000000000e+00 0.000000000000000000e+00 0.000000000000000000e+00 1.000000000000000000e+00
-8.449921705652250203e-01 -4.866812014030126310e-01 -2.216520694340342046e-01 7.499999999999999722e-03
4.888857904063340643e-01 -5.350151294010110359e-01 -6.890206783912899979e-01 6.090000000000000274e-02
2.167462009407400969e-01 -6.905796257586374054e-01 6.900151193016110795e-01 5.667999999999999705e-01
0.000000000000000000e+00 0.000000000000000000e+00 0.000000000000000000e+00 1.000000000000000000e+00
8.606562730223642488e-01 3.647245988120611515e-01 -3.553121820718150858e-01 6.329999999999999516e-02
-4.946684688049123868e-01 7.643429682424083271e-01 -4.136217267849795487e-01 3.379999999999999671e-02
1.207223495358545479e-01 5.317478668690320820e-01 8.382543291882107450e-01 5.301000000000000156e-01
0.000000000000000000e+00 0.000000000000000000e+00 0.000000000000000000e+00 1.000000000000000000e+00
2.333847097604555554e-01 9.602915364642541363e-01 -1.528781941453713489e-01 -4.599999999999999922e-03
6.203555117016437137e-01 -2.597306553281097941e-02 7.838905784407794730e-01 -3.399999999999999811e-03
7.487927726356735647e-01 -2.777869054904318347e-01 -6.017838638470043300e-01 4.754999999999999782e-01
0.000000000000000000e+00 0.000000000000000000e+00 0.000000000000000000e+00 1.000000000000000000e+00
6.272601633755415795e-01 8.979640054865095644e-02 -7.736157275357029572e-01 -1.615000000000000047e-01
-4.686824073746441166e-01 -7.498022208590779947e-01 -4.670475678261288288e-01 -1.170999999999999958e-01
-6.219979810735698500e-01 6.555404152630870396e-01 -4.282350703726895969e-01 2.969999999999999862e-01
0.000000000000000000e+00 0.000000000000000000e+00 0.000000000000000000e+00 1.000000000000000000e+00
-8.120223352041668896e-01 4.061206455634624457e-01 4.191488379760672789e-01 -4.920000000000000068e-02
2.503221112131082671e-01 -4.064113634273804898e-01 8.787312696808448065e-01 -1.142999999999999988e-01
5.272177612404415070e-01 8.184716396578527453e-01 2.283541269791349304e-01 3.271999999999999909e-01
0.000000000000000000e+00 0.000000000000000000e+00 0.000000000000000000e+00 1.000000000000000000e+00
3.343276922328453082e-02 -1.048403383210280149e-01 9.939269356460740390e-01 5.419999999999999818e-02
-7.614526150009043315e-01 -6.468183390241344366e-01 -4.261398139513344896e-02 -5.700000000000000205e-02
6.473578338526129183e-01 -7.554035608618698827e-01 -1.014558780301084706e-01 4.087999999999999967e-01
0.000000000000000000e+00 0.000000000000000000e+00 0.000000000000000000e+00 1.000000000000000000e+00
9.938074684406122961e-01 -1.105102202259872074e-01 -1.158477005663989534e-02 -1.181999999999999995e-01
6.794297303952749612e-02 6.868600402910437497e-01 -7.236069633896123898e-01 -2.719999999999999848e-02
8.792308050911007422e-02 7.183389007126020909e-01 6.901150307280656815e-01 4.600000000000000200e-01
0.000000000000000000e+00 0.000000000000000000e+00 0.000000000000000000e+00 1.000000000000000000e+00
