0.000000000000000000e+00 0.000000000000000000e+00 0.000000000000000000e+00 0.000000000000000000e+00
0.000000000000000000e+00 0.000000000000000000e+00 0.000000000000000000e+00 0.000000000000000000e+00
0.000000000000000000e+00 0.000000000000000000e+00 0.000000000000000000e+00 0.000000000000000000e+00
0.000000000000000000e+00 0.000000000000000000e+00 0.000000000000000000e+00 0.000000000000000000e+00
2.425715773635610528e-01 -9.691395240299485181e-01 4.390458766869964613e-02 1.255000000000000004e-01
7.943507772791764676e-01 1.724351856184280773e-01 -5.824714150897932763e-01 -3.930000000000000160e-02
5.569253742570201560e-01 1.761666532682699404e-01 8.116646091736013924e-01 4.294000000000000039e-01
0.000000000000000000e+00 0.000000000000000000e+00 0.000000000000000000e+00 1.000000000000000000e+00
2.633849176631792854e-01 7.984413992699089802e-01 5.414053168186200304e-01 1.000000000000000048e-04
4.618244249613353558e-01 3.883718516082553807e-01 -7.974242944552839552e-01 4.299999999999999656e-02
-8.469631548400983201e-01 4.600637312484926467e-01 -2.664484519246128613e-01 4.682999999999999940e-01
0.000000000000000000e+00 0.000000000000000000e+00 0.000000000000000000e+00 1.000000000000000000e+00
-1.272023694697064222e-01 1.944446027851089720e-01 9.726308928103372109e-01 -6.650000000000000355e-02
-2.587575804759760789e-01 -9.531458306519593471e-01 1.567084556014943508e-01 8.540000000000000369e-02
9.575301936479659881e-01 -2.317419296513428539e-01 1.715564230623877195e-01 5.273999999999999799e-01
0.000000000000000000e+00 0.000000000000000000e+00 0.000000000000000000e+00 1.000000000000000000e+00
8.650832892133140106e-01 -4.520888989598141339e-01 2.173626696587447893e-01 1.378999999999999948e-01
4.969030321390570104e-01 7.129707956888196030e-01 -4.947322721895781594e-01 -1.082999999999999935e-01
6.868973267443213848e-02 5.359927909330073348e-01 8.414234657370571746e-01 3.694999999999999951e-01
0.000000000000000000e+00 0.000000000000000000e+00 0.000000000000000000e+00 1.000000000000000000e+00
-6.575729670982075614e-01 5.352017160965982789e-01 5.302423182177329331e-01 6.890000000000000291e-02
-7.533794997566494178e-01 -4.709921257965195007e-01 -4.588962265960529474e-01 -1.238999999999999962e-01
4.137908660183708953e-03 -7.012314457616197760e-01 7.129216907816652293e-01 3.554999999999999827e-01
0.000000000000000000e+00 0.000000000000000000e+00 0.000000000000000000e+00 1.000000000000000000e+00
6.753696575438405958e-01 -7.309145021998947334e-01 9.818256537183991939e-02 5.220000000000000334e-02
-5.715567193332896645e-01 -4.346290601484712468e-01 6.960032303512849738e-01 -4.700000000000000011e-02
-4.660458585311995083e-01 -5.261763682914092355e-01 -7.112943745015707364e-01 4.084999999999999742e-01
0.000000000000000000e+00 0.000000000000000000e+00 0.000000000000000000e+00 1.000000000000000000e+00
-9.962360171743305237e-01 -1.033833682262885051e-02 -8.606344680739311248e-02 -3.450000000000000289e-02
-5.547780860253839069e-02 -6.868333886608239958e-01 7.246944935442448665e-01 1.625999999999999945e-01
-6.660338457831721515e-02 7.267413673463424262e-01 6.836746113102938338e-01 5.422000000000000153e-01
0.000000000000000000e+00 0.000000000000000000e+00 0.000000000000000000e+00 1.000000000000000000e+00
9.254965814249378475e-01 9.527400629965562806e-02 3.665773335796507215e-01 -7.639999999999999569e-02
2.014511611691328363e-01 -9.434159982884975371e-01 -2.634078279719980764e-01 6.740000000000000158e-02
3.207390020473990244e-01 3.176304738165575681e-01 -8.923213404759002820e-01 4.899999999999999911e-01
0.000000000000000000e+00 0.000000000000000000e+00 0.000000000000000000e+00 1.000000000000000000e+00
9.844047151920665151e-03 -7.653303353090934458e-01 -6.435624076896825363e-01 -5.160000000000000003e-02
-6.461481515956140065e-01 4.863127775909634742e-01 -5.882112278266485861e-01 -4.809999999999999692e-02
7.631485182618401586e-01 4.216270392271261325e-01 -4.897294956068352079e-01 4.083999999999999853e-01
0.000000000000000000e+00 0.000000000000000000e+00 0.000000000000000000e+00 1.000000000000000000e+00
-4.634572833255992119e-01 8.822837693532434855e-01 8.235713003916586561e-02 9.339999999999999691e-02
-7.032041749590358659e-01 -3.096452851834166076e-01 -6.400185041730140911e-01 3.409999999999999837e-02
-5.391764412997261946e-01 -3.545351149033243443e-01 7.639329927734823666e-01 4.822000000000000175e-01
0.000000000000000000e+00 0.000000000000000000e+00 0.000000000000000000e+00 1.000000000000000000e+00
