0.000000000000000000e+00 0.000000000000000000e+00 0.000000000000000000e+00 0.000000000000000000e+00
0.000000000000000000e+00 0.000000000000000000e+00 0.000000000000000000e+00 0.000000000000000000e+00
0.000000000000000000e+00 0.000000000000000000e+00 0.000000000000000000e+00 0.000000000000000000e+00
0.000000000000000000e+00 0.000000000000000000e+00 0.000000000000000000e+00 0.000000000000000000e+00
-1.664657183265054741e-01 -9.856015518275360598e-01 2.964364446543266141e-02 1.168000000000000010e-01
8.144130266566151910e-01 -1.543765168441242341e-01 -5.593740368117624540e-01 1.199999999999999895e-03
5.558962013128455615e-01 -6.897443064084154973e-02 8.283851406705217135e-01 4.551999999999999935e-01
0.000000000000000000e+00 0.000000000000000000e+00 0.000000000000000000e+00 1.000000000000000000e+00
2.986339394396968494e-01 4.957862686946267194e-01 8.154837496778135630e-01 -3.370000000000000079e-02
5.454808271873116121e-01 6.124760594528066981e-01 -5.721221406030431167e-01 3.749999999999999861e-02
-7.831145748776315862e-01 6.156858390210232512e-01 -8.753576550876207563e-02 4.587999999999999856e-01
0.000000000000000000e+00 0.000000000000000000e+00 0.000000000000000000e+00 1.000000000000000000e+00
-2.657208943713180727e-01 5.388631228263742745e-01 7.993866030603177242e-01 -1.226000000000000006e-01
-3.122896582346888494e-01 -8.325983857325720550e-01 4.574440921415157124e-01 5.449999999999999983e-02
9.120677472941182140e-01 -1.280877157783762987e-01 3.895201681717008757e-01 4.979999999999999982e-01
0.000000000000000000e+00 0.000000000000000000e+00 0.000000000000000000e+00 1.000000000000000000e+00
6.170176172240058321e-01 -7.718119616173264586e-01 1.536084500918649121e-01 1.647000000000000131e-01
7.474689902179418866e-01 5.137395788273330099e-01 -4.211433886562683804e-01 -5.850000000000000339e-02
2.461287644664485463e-01 3.746704432574435306e-01 8.938918783899372222e-01 4.036000000000000143e-01
0.000000000000000000e+00 0.000000000000000000e+00 0.000000000000000000e+00 1.000000000000000000e+00
-3.625460974743135445e-01 8.105928792699990115e-01 4.598907601625827901e-01 1.097999999999999948e-01
-9.251519387032356434e-01 -2.534626289455870207e-01 -2.825784599746342662e-01 -9.500000000000000111e-02
-1.124909663919282099e-01 -5.279165462502234396e-01 8.418134607354801346e-01 3.744999999999999996e-01
0.000000000000000000e+00 0.000000000000000000e+00 0.000000000000000000e+00 1.000000000000000000e+00
9.143891190940378610e-01 -4.028767937709103464e-01 3.978476999180464990e-02 5.720000000000000084e-02
-3.096228974647321497e-01 -6.326352175376155351e-01 7.098636086578026250e-01 -2.910000000000000087e-02
-2.608183280522544667e-01 -6.614098355573535537e-01 -7.032146394807357037e-01 4.178999999999999937e-01
0.000000000000000000e+00 0.000000000000000000e+00 0.000000000000000000e+00 1.000000000000000000e+00
-8.786133339348811688e-01 3.404780533145332355e-02 -4.763185450766582729e-01 -1.217000000000000026e-01
-3.724030028674112369e-01 -6.732310570088726465e-01 6.388082242223019902e-01 1.375000000000000111e-01
-2.989224195124347006e-01 7.386478801369616987e-01 6.041892884535480235e-01 5.158000000000000362e-01
0.000000000000000000e+00 0.000000000000000000e+00 0.000000000000000000e+00 1.000000000000000000e+00
7.056276291714138615e-01 3.119961712157648392e-01 6.361981123020035156e-01 -1.169000000000000039e-01
4.805141616552851547e-01 -8.705540142219700961e-01 -1.060275849519002611e-01 3.540000000000000091e-02
5.207646199567017575e-01 3.805181959758522359e-01 -7.642055437725081557e-01 4.602999999999999869e-01
0.000000000000000000e+00 0.000000000000000000e+00 0.000000000000000000e+00 1.000000000000000000e+00
3.068480289465869149e-02 -9.586835947202988484e-01 -2.828147946722054940e-01 -3.749999999999999861e-02
-6.293043698935837371e-01 2.012979334832737388e-01 -7.506364979190681685e-01 -6.370000000000000662e-02
7.765529298793196755e-01 2.010097191419590867e-01 -5.971269880907370542e-01 3.931000000000000050e-01
0.000000000000000000e+00 0.000000000000000000e+00 0.000000000000000000e+00 1.000000000000000000e+00
-6.925193590656508746e-02 9.930875768424639594e-01 9.476937318752420847e-02 5.109999999999999959e-02
-7.999172316740860156e-01 1.486364020301111921e-03 -6.001085011836324590e-01 5.870000000000000218e-02
-5.961011590695489692e-01 -1.173663301086065036e-01 7.942849316918821900e-01 4.949999999999999956e-01
0.000000000000000000e+00 0.000000000000000000e+00 0.000000000000000000e+00 1.000000000000000000e+00
