0.000000000000000000e+00 0.000000000000000000e+00 0.000000000000000000e+00 0.000000000000000000e+00
0.000000000000000000e+00 0.000000000000000000e+00 0.000000000000000000e+00 0.000000000000000000e+00
0.000000000000000000e+00 0.000000000000000000e+00 0.000000000000000000e+00 0.000000000000000000e+00
0.000000000000000000e+00 0.000000000000000000e+00 0.000000000000000000e+00 0.000000000000000000e+00
-7.488577387592763035e-01 -6.627229755846566484e-01 -3.216322832373844087e-03 6.370000000000000662e-02
6.316631905708880446e-01 -7.122757768211498419e-01 -3.060471065565449900e-01 7.530000000000000582e-02
2.005335402822913116e-01 -2.312173769119568456e-01 9.520109368257303473e-01 4.838000000000000078e-01
0.000000000000000000e+00 0.000000000000000000e+00 0.000000000000000000e+00 1.000000000000000000e+00
2.489518902654601629e-01 -1.540403690157452210e-01 9.561874926219998683e-01 -7.299999999999999545e-02
4.946249161076718970e-01 8.690341198716682314e-01 1.122010981913856842e-02 1.619999999999999912e-02
-8.326879059399941996e-01 4.701608907729013520e-01 2.925398914488401836e-01 4.413000000000000256e-01
0.000000000000000000e+00 0.000000000000000000e+00 0.000000000000000000e+00 1.000000000000000000e+00
-3.890767666536760760e-01 8.880549401425752443e-01 2.449034359470854683e-01 -1.653999999999999915e-01
-2.709277119035785053e-01 -3.644038184926012836e-01 8.909590518035623852e-01 -1.679999999999999896e-02
8.804643346399743109e-01 2.803003395580865309e-01 3.823797524328514941e-01 4.517999999999999794e-01
0.000000000000000000e+00 0.000000000000000000e+00 0.000000000000000000e+00 1.000000000000000000e+00
9.984277341197334010e-03 -9.999493398105309128e-01 -1.277504777867873031e-03 1.504000000000000059e-01
9.934693155752402083e-01 1.006477764226842986e-02 -1.136548250690457562e-01 4.839999999999999858e-02
1.136619250955998583e-01 -1.344005026578803941e-04 9.935194757628393880e-01 4.671000000000000152e-01
0.000000000000000000e+00 0.000000000000000000e+00 0.000000000000000000e+00 1.000000000000000000e+00
2.280895347589745326e-01 9.556543568572750669e-01 1.862791302136191929e-01 1.371999999999999886e-01
-9.656213721325836996e-01 1.975281163647072402e-01 1.689911504375216089e-01 -1.720000000000000001e-02
1.247017634767884631e-01 -2.184202221982173842e-01 9.678543675164463789e-01 4.403000000000000247e-01
0.000000000000000000e+00 0.000000000000000000e+00 0.000000000000000000e+00 1.000000000000000000e+00
9.651482593996422166e-01 2.533430372410376274e-01 -6.562120739004448366e-02 4.669999999999999846e-02
2.527360246312547187e-01 -8.372210719503057064e-01 4.849591514096526779e-01 1.050000000000000065e-02
6.792156676219127109e-02 -4.846423239502167246e-01 -8.720713724258479793e-01 4.465000000000000080e-01
0.000000000000000000e+00 0.000000000000000000e+00 0.000000000000000000e+00 1.000000000000000000e+00
-3.834639599787994513e-01 9.136705544544881930e-02 -9.190252730891602662e-01 -2.132999999999999896e-01
-8.566317620392693843e-01 -4.070861657261986011e-01 3.169587953344066289e-01 5.229999999999999927e-02
-3.451628828000975480e-01 9.088085138540296093e-01 2.343707948605286973e-01 4.408000000000000251e-01
0.000000000000000000e+00 0.000000000000000000e+00 0.000000000000000000e+00 1.000000000000000000e+00
1.115054655963759744e-01 5.409902579303119685e-01 8.336042658040024866e-01 -1.370999999999999996e-01
8.735732198126781034e-01 -4.532499947253412209e-01 1.772971288757617669e-01 -3.420000000000000123e-02
4.737471485594882958e-01 7.084447636237934942e-01 -5.231344532008779247e-01 4.249999999999999889e-01
0.000000000000000000e+00 0.000000000000000000e+00 0.000000000000000000e+00 1.000000000000000000e+00
5.230350149185702957e-02 -9.224372121616823961e-01 3.825884647386468829e-01 -2.999999999999999737e-04
-3.687120292405783317e-01 -3.738812072007915432e-01 -8.510371803836622728e-01 -7.610000000000000098e-02
9.280710011766268863e-01 -9.655274476400116379e-02 -3.596689926217597755e-01 4.142000000000000126e-01
0.000000000000000000e+00 0.000000000000000000e+00 0.000000000000000000e+00 1.000000000000000000e+00
5.732637317662313547e-01 8.153795825791988472e-01 8.077642078246544122e-02 -3.130000000000000143e-02
-7.645424170599787184e-01 5.677541721524976825e-01 -3.051722341883638112e-01 8.820000000000000062e-02
-2.946923588380600534e-01 1.131871738157796958e-01 9.488651523404453281e-01 4.863000000000000100e-01
0.000000000000000000e+00 0.000000000000000000e+00 0.000000000000000000e+00 1.000000000000000000e+00
