0.000000000000000000e+00 0.000000000000000000e+00 0.000000000000000000e+00 0.000000000000000000e+00
0.000000000000000000e+00 0.000000000000000000e+00 0.000000000000000000e+00 0.000000000000000000e+00
0.000000000000000000e+00 0.000000000000000000e+00 0.000000000000000000e+00 0.000000000000000000e+00
0.000000000000000000e+00 0.000000000000000000e+00 0.000000000000000000e+00 0.000000000000000000e+00
-9.988777757593945150e-01 -1.344257294525058426e-02 -4.541460477177482191e-02 -2.179999999999999993e-02
4.278726896233944060e-02 -6.672785511212329101e-01 -7.435782304695940370e-01 3.289999999999999869e-02
-2.030858706826546567e-02 -7.446869358637627778e-01 6.671048859400827702e-01 5.228000000000000425e-01
0.000000000000000000e+00 0.000000000000000000e+00 0.000000000000000000e+00 1.000000000000000000e+00
8.832736214860581470e-02 -7.575330586245347941e-01 6.467935854558443109e-01 -7.929999999999999549e-02
9.174831862640522306e-01 3.146997608475987640e-01 2.432872036199744126e-01 -4.349999999999999700e-02
-3.878438861431642293e-01 5.719333226989153918e-01 7.228204440716563539e-01 4.007999999999999896e-01
0.000000000000000000e+00 0.000000000000000000e+00 0.000000000000000000e+00 1.000000000000000000e+00
-3.418880791810376962e-01 8.262682323007962681e-01 -4.476531577062958234e-01 -1.315999999999999948e-01
-8.379869097271460676e-01 -5.246400506944737252e-02 5.431624686021859771e-01 -1.113999999999999990e-01
4.253122152488077456e-01 5.608282593295296214e-01 7.103387805107936881e-01 3.521000000000000241e-01
0.000000000000000000e+00 0.000000000000000000e+00 0.000000000000000000e+00 1.000000000000000000e+00
-6.232777115890333341e-01 -7.630704725998996851e-01 -1.710214842717223682e-01 6.419999999999999318e-02
6.674089334565395104e-01 -4.050931138702478229e-01 -6.248718945810496361e-01 5.820000000000000173e-02
4.075416663100126513e-01 -5.036099909067250913e-01 7.617655592636007889e-01 5.449000000000000510e-01
0.000000000000000000e+00 0.000000000000000000e+00 0.000000000000000000e+00 1.000000000000000000e+00
7.293131347080402671e-01 6.559641812280342377e-01 -1.944565362443918533e-01 1.005000000000000060e-01
-6.786611899987794461e-01 6.575685320560419322e-01 -3.271431106398278166e-01 1.930000000000000118e-02
-8.672566362831962694e-02 3.705598718095318711e-01 9.247507992279492273e-01 4.960999999999999854e-01
0.000000000000000000e+00 0.000000000000000000e+00 0.000000000000000000e+00 1.000000000000000000e+00
5.608635402107795542e-01 8.169289469065453835e-01 -1.343844669907723610e-01 1.359999999999999924e-02
5.455618925761916982e-01 -2.425961975189472319e-01 8.021903180156386703e-01 -1.000000000000000021e-03
6.227313310175706107e-01 -5.232343458293906568e-01 -5.817486645567604420e-01 4.637999999999999901e-01
0.000000000000000000e+00 0.000000000000000000e+00 0.000000000000000000e+00 1.000000000000000000e+00
3.129409232344323444e-01 9.771571210540561103e-02 -9.447325643656594441e-01 -2.073000000000000120e-01
-5.952757204474214969e-01 -7.549012993787869163e-01 -2.752650447151293589e-01 -7.470000000000000251e-02
-7.400775602671549880e-01 6.485180551102277535e-01 -1.780717186558919973e-01 3.406000000000000139e-01
0.000000000000000000e+00 0.000000000000000000e+00 0.000000000000000000e+00 1.000000000000000000e+00
-5.602211594157071595e-01 5.145170756678949520e-01 6.491721123007971883e-01 -9.320000000000000506e-02
4.252838915787743312e-01 -4.938681743159365478e-01 7.584377614290163105e-01 -9.779999999999999805e-02
7.108346250053767523e-01 7.009753242761129766e-01 5.785957699001920140e-02 3.395000000000000240e-01
0.000000000000000000e+00 0.000000000000000000e+00 0.000000000000000000e+00 1.000000000000000000e+00
4.017014046243327918e-02 -4.480705881256565881e-01 8.930952400903033883e-01 3.849999999999999950e-02
-7.533301465427064691e-01 -6.007693613579190295e-01 -2.675254469457855055e-01 -6.610000000000000597e-02
6.564145413724262745e-01 -6.620490333127343474e-01 -3.616780714454512768e-01 3.869000000000000217e-01
0.000000000000000000e+00 0.000000000000000000e+00 0.000000000000000000e+00 1.000000000000000000e+00
9.693074314003086167e-01 2.451752384592483791e-01 1.822651581039741453e-02 -1.021999999999999992e-01
-1.610166967725186749e-01 6.891091017875805580e-01 -7.065424751520467117e-01 1.799999999999999951e-03
-1.857867777658107622e-01 6.819220983953845350e-01 7.074358804354163865e-01 4.807000000000000162e-01
0.000000000000000000e+00 0.000000000000000000e+00 0.000000000000000000e+00 1.000000000000000000e+00
