0.000000000000000000e+00 0.000000000000000000e+00 0.000000000000000000e+00 0.000000000000000000e+00
0.000000000000000000e+00 0.000000000000000000e+00 0.000000000000000000e+00 0.000000000000000000e+00
0.000000000000000000e+00 0.000000000000000000e+00 0.000000000000000000e+00 0.000000000000000000e+00
0.000000000000000000e+00 0.000000000000000000e+00 0.000000000000000000e+00 0.000000000000000000e+00
6.496225908814515781e-01 -7.577457186245152299e-01 6.174071041611725597e-02 1.110000000000000014e-01
7.015470732379677221e-01 5.661831173845293108e-01 -4.327451693779811315e-01 -8.119999999999999440e-02
2.929542514586732649e-01 3.244350528148166601e-01 8.993996347883045361e-01 4.232000000000000206e-01
0.000000000000000000e+00 0.000000000000000000e+00 0.000000000000000000e+00 1.000000000000000000e+00
1.608227956187537888e-01 9.781619426470198331e-01 1.316633675946999871e-01 3.839999999999999664e-02
1.963420387651732546e-01 9.902681102120325374e-02 -9.755221650544423362e-01 4.859999999999999737e-02
-9.672568594860954105e-01 1.827372557963467536e-01 -1.761285414721784903e-01 4.663999999999999813e-01
0.000000000000000000e+00 0.000000000000000000e+00 0.000000000000000000e+00 1.000000000000000000e+00
6.251910259582116325e-02 -2.238901525569824691e-01 9.726070950793151981e-01 1.009999999999999960e-02
-5.084948767395473801e-02 -9.739623731934115014e-01 -2.209335311960450854e-01 1.218999999999999945e-01
9.967475565126354686e-01 -3.564400638913399477e-02 -7.227595308691414644e-02 5.262000000000000011e-01
0.000000000000000000e+00 0.000000000000000000e+00 0.000000000000000000e+00 1.000000000000000000e+00
9.666422608850528952e-01 -6.162988157212966056e-03 2.560561599493504370e-01 8.119999999999999440e-02
1.164321372447139902e-01 9.010204331208622186e-01 -4.178585125557717217e-01 -1.570999999999999897e-01
-2.281365750765566303e-01 4.337328632645536808e-01 8.716819984585379988e-01 3.800000000000000044e-01
0.000000000000000000e+00 0.000000000000000000e+00 0.000000000000000000e+00 1.000000000000000000e+00
-8.502385855452314622e-01 1.189168735731353232e-01 5.127895521845537985e-01 1.020000000000000073e-02
-4.213603773450004253e-01 -7.376391278194240897e-01 -5.275831209520243092e-01 -1.458000000000000129e-01
3.155151027347552484e-01 -6.646407257228452714e-01 6.772761074014692628e-01 3.844000000000000195e-01
0.000000000000000000e+00 0.000000000000000000e+00 0.000000000000000000e+00 1.000000000000000000e+00
2.747850575218122593e-01 -9.522951359205683586e-01 1.327672635281766100e-01 3.679999999999999938e-02
-8.516770359937370083e-01 -1.769795679430052893e-01 4.932792909616516841e-01 -6.199999999999999956e-02
-4.462503764969358855e-01 -2.486206078198930636e-01 -8.596792395094867700e-01 4.202000000000000179e-01
0.000000000000000000e+00 0.000000000000000000e+00 0.000000000000000000e+00 1.000000000000000000e+00
-9.293031153792159493e-01 -4.673027821185474218e-02 3.663495609997732272e-01 6.969999999999999807e-02
3.362153920786167260e-01 -5.175191765393292176e-01 7.868501204444701136e-01 1.812999999999999889e-01
1.528231980947458712e-01 8.543946295549250669e-01 4.966436218374262745e-01 5.154999999999999583e-01
0.000000000000000000e+00 0.000000000000000000e+00 0.000000000000000000e+00 1.000000000000000000e+00
9.877157287685567333e-01 -1.557616616262033349e-01 -1.248775042363081331e-02 -1.549999999999999989e-02
-1.403791626947240856e-01 -8.493834779475926133e-01 -5.087645802046165677e-01 1.042000000000000010e-01
6.863912750266380758e-02 5.042677980568417428e-01 -8.608151125640031154e-01 4.968000000000000194e-01
0.000000000000000000e+00 0.000000000000000000e+00 0.000000000000000000e+00 1.000000000000000000e+00
-4.418778418095126170e-03 -3.972609214546184431e-01 -9.176950662841767414e-01 -5.639999999999999875e-02
-4.836407085687517426e-01 8.040823143749517010e-01 -3.457503387193383571e-01 -2.170000000000000054e-02
8.752554709411464184e-01 4.423068979729446459e-01 -1.956846151161188985e-01 4.415000000000000036e-01
0.000000000000000000e+00 0.000000000000000000e+00 0.000000000000000000e+00 1.000000000000000000e+00
-8.105116501277800367e-01 5.823562241483793978e-01 6.270640479875483342e-02 1.224999999999999978e-01
-5.285617811882484807e-01 -6.810810029652432096e-01 -5.067061385724116462e-01 5.400000000000000286e-03
-2.523753325391547286e-01 -4.438354375165421972e-01 8.598353307059733996e-01 4.627999999999999892e-01
0.000000000000000000e+00 0.000000000000000000e+00 0.000000000000000000e+00 1.000000000000000000e+00
