0.000000000000000000e+00 0.000000000000000000e+00 0.000000000000000000e+00 0.000000000000000000e+00
0.000000000000000000e+00 0.000000000000000000e+00 0.000000000000000000e+00 0.000000000000000000e+00
0.000000000000000000e+00 0.000000000000000000e+00 0.000000000000000000e+00 0.000000000000000000e+00
0.000000000000000000e+00 0.000000000000000000e+00 0.000000000000000000e+00 0.000000000000000000e+00
-7.041865693385755964e-01 -7.099743527597197623e-01 -7.595655770561010600e-03 6.890000000000000291e-02
5.089765940958488333e-01 -4.973107706309631837e-01 -7.025843892921526113e-01 2.779999999999999832e-02
4.950394956220738329e-01 -4.986165017705037061e-01 7.115598934287878929e-01 4.943000000000000171e-01
0.000000000000000000e+00 0.000000000000000000e+00 0.000000000000000000e+00 1.000000000000000000e+00
2.665395936191701232e-01 -9.103409447234239726e-02 9.595152102374033820e-01 -7.209999999999999742e-02
8.044535870623801266e-01 5.693339040547626961e-01 -1.694500869171565172e-01 1.199999999999999895e-03
-5.308588054236242915e-01 8.170506100220249479e-01 2.249827312636234478e-01 4.356999999999999762e-01
0.000000000000000000e+00 0.000000000000000000e+00 0.000000000000000000e+00 1.000000000000000000e+00
-3.916551856465184667e-01 8.673523087998261660e-01 3.070931259012524839e-01 -1.661999999999999866e-01
-6.198084840936307627e-01 -4.953708060750670050e-01 6.086421013486447151e-01 -2.840000000000000163e-02
6.800321011553402961e-01 4.803891035556068223e-02 7.316068647095266275e-01 4.341999999999999749e-01
0.000000000000000000e+00 0.000000000000000000e+00 0.000000000000000000e+00 1.000000000000000000e+00
7.471498366856899054e-02 -9.971795101064722111e-01 7.120101068221140750e-03 1.534000000000000086e-01
8.330768836482522754e-01 5.849184706389909394e-02 -5.500560060193597778e-01 7.100000000000000408e-03
5.480881107507459271e-01 4.702901711570911525e-02 8.350974161155143571e-01 4.637000000000000011e-01
0.000000000000000000e+00 0.000000000000000000e+00 0.000000000000000000e+00 1.000000000000000000e+00
1.682746875851146573e-01 9.626721233921602394e-01 2.120047460831038233e-01 1.355000000000000093e-01
-9.277163182783851880e-01 2.273631722132226640e-01 -2.960547596664140357e-01 -3.860000000000000236e-02
-3.332057357221357430e-01 -1.468617403028090462e-01 9.313461047951510086e-01 4.108999999999999875e-01
0.000000000000000000e+00 0.000000000000000000e+00 0.000000000000000000e+00 1.000000000000000000e+00
9.801759613744865929e-01 1.920884239115619729e-01 -4.855020229384283958e-02 4.710000000000000298e-02
1.467723871929410839e-01 -5.393651572607358613e-01 8.291821835343464731e-01 -1.209999999999999964e-02
1.330900112754010434e-01 -8.198702729897415775e-01 -5.568660380795724674e-01 4.326999999999999735e-01
0.000000000000000000e+00 0.000000000000000000e+00 0.000000000000000000e+00 1.000000000000000000e+00
-4.424790542413372663e-01 7.934816580626669058e-02 -8.932615267327217445e-01 -2.097999999999999865e-01
-5.880237099711623783e-01 -7.777262408554133089e-01 2.221936335646414462e-01 4.059999999999999720e-02
-6.770822720094227254e-01 6.235749857620085379e-01 3.907861743491816142e-01 4.573999999999999733e-01
0.000000000000000000e+00 0.000000000000000000e+00 0.000000000000000000e+00 1.000000000000000000e+00
1.739303860030463333e-01 5.221076868002554328e-01 8.349561570579124847e-01 -1.395000000000000129e-01
5.584244387223227246e-01 -7.506666607074423681e-01 3.530746532108984259e-01 -3.320000000000000034e-02
8.111167407115267292e-01 4.048495126419490719e-01 -4.221214340105059470e-01 4.012000000000000011e-01
0.000000000000000000e+00 0.000000000000000000e+00 0.000000000000000000e+00 1.000000000000000000e+00
4.318766231370030351e-02 -9.457331691524640815e-01 3.220614826220522531e-01 -5.799999999999999600e-03
-7.502981986873197284e-01 -2.435593593745952745e-01 -6.145986100762024229e-01 -7.249999999999999500e-02
6.596873796507258803e-01 -2.150990730474528212e-01 -7.201006526199551505e-01 3.669000000000000039e-01
0.000000000000000000e+00 0.000000000000000000e+00 0.000000000000000000e+00 1.000000000000000000e+00
5.190641262998411110e-01 8.513558563941943103e-01 7.593180211143807368e-02 -2.510000000000000078e-02
-5.761804394759795223e-01 4.141377084496074001e-01 -7.046318610489985534e-01 4.299999999999999656e-02
-6.313386840308852221e-01 3.219987022076580274e-01 7.054986192918695220e-01 5.064999999999999503e-01
0.000000000000000000e+00 0.000000000000000000e+00 0.000000000000000000e+00 1.000000000000000000e+00
