0.000000000000000000e+00 0.000000000000000000e+00 0.000000000000000000e+00 0.000000000000000000e+00
0.000000000000000000e+00 0.000000000000000000e+00 0.000000000000000000e+00 0.000000000000000000e+00
0.000000000000000000e+00 0.000000000000000000e+00 0.000000000000000000e+00 0.000000000000000000e+00
0.000000000000000000e+00 0.000000000000000000e+00 0.000000000000000000e+00 0.000000000000000000e+00
-9.932881226622549686e-01 1.086917327665876121e-01 -3.955771234904257444e-02 -3.359999999999999792e-02
-8.513170863889782392e-02 -9.185103226366075901e-01 -3.861235286721296789e-01 7.860000000000000320e-02
-7.830260252580814595e-02 -3.801642992683451072e-01 9.215985069429601939e-01 5.004999999999999449e-01
0.000000000000000000e+00 0.000000000000000000e+00 0.000000000000000000e+00 1.000000000000000000e+00
4.281365625082333981e-02 -8.284734797881126989e-01 5.583893660576028095e-01 -7.340000000000000691e-02
6.665044481244198904e-01 4.400403171238849165e-01 6.017776499138807189e-01 -4.870000000000000023e-02
-7.442706574014580356e-01 3.464046948199261955e-01 5.710209943057392712e-01 4.218000000000000083e-01
0.000000000000000000e+00 0.000000000000000000e+00 0.000000000000000000e+00 1.000000000000000000e+00
-3.044016243591061155e-01 7.757392184999409857e-01 -5.527823404999823165e-01 -1.154000000000000026e-01
-6.084328306788540086e-01 2.881651336420083531e-01 7.394392106895605332e-01 -1.363999999999999935e-01
7.329045924536523593e-01 5.614174210284040845e-01 3.842672738162348223e-01 4.052999999999999936e-01
0.000000000000000000e+00 0.000000000000000000e+00 0.000000000000000000e+00 1.000000000000000000e+00
-7.113175746183781900e-01 -6.788066323589433404e-01 -1.823427100394701128e-01 4.760000000000000342e-02
7.010446579947539059e-01 -6.664911366403551973e-01 -2.536256143942595132e-01 1.205999999999999989e-01
5.063294911464603920e-02 -3.082387396894776255e-01 9.499606222463098382e-01 5.130000000000000115e-01
0.000000000000000000e+00 0.000000000000000000e+00 0.000000000000000000e+00 1.000000000000000000e+00
7.894421876597641496e-01 5.626543954468421482e-01 -2.453590504287835594e-01 9.120000000000000329e-02
-5.618211231546108575e-01 8.233408340972845352e-01 8.041701614260068909e-02 6.909999999999999476e-02
2.472611128347062814e-01 7.436331213936273055e-02 9.660911136571986857e-01 4.874999999999999889e-01
0.000000000000000000e+00 0.000000000000000000e+00 0.000000000000000000e+00 1.000000000000000000e+00
4.557087082175178550e-01 8.771099392935792771e-01 -1.516829840395262918e-01 9.599999999999999159e-03
8.201831387412668040e-01 -3.475439672486102527e-01 4.544368050165183415e-01 2.709999999999999909e-02
3.458745324236018881e-01 -3.314986353237537320e-01 -8.777695953946254015e-01 4.637000000000000011e-01
0.000000000000000000e+00 0.000000000000000000e+00 0.000000000000000000e+00 1.000000000000000000e+00
4.260513279326539893e-01 1.050956146469597674e-01 -8.985739689913121442e-01 -1.925999999999999934e-01
-8.145348518849038211e-01 -3.876847536345549017e-01 -4.315478036836151166e-01 -1.170000000000000068e-01
-3.937172094684961432e-01 9.157813295657932784e-01 -7.956956319503150077e-02 3.759000000000000119e-01
0.000000000000000000e+00 0.000000000000000000e+00 0.000000000000000000e+00 1.000000000000000000e+00
-6.544078489925633235e-01 4.918823429896545529e-01 5.742840132129177766e-01 -7.729999999999999372e-02
6.211355905029476432e-01 -8.342433528046244717e-02 7.792502540863028848e-01 -1.252000000000000057e-01
4.312087028197382765e-01 8.666557222669339922e-01 -2.509320897663307459e-01 3.896000000000000019e-01
0.000000000000000000e+00 0.000000000000000000e+00 0.000000000000000000e+00 1.000000000000000000e+00
4.730497881491424472e-02 -3.358190739208419817e-01 9.407378957872744030e-01 4.649999999999999967e-02
-3.895792934885765613e-01 -8.734126387281102577e-01 -2.921957162501551686e-01 -6.130000000000000032e-02
9.197772627458574712e-01 -3.526696926317142156e-01 -1.721449239297814238e-01 4.238999999999999990e-01
0.000000000000000000e+00 0.000000000000000000e+00 0.000000000000000000e+00 1.000000000000000000e+00
9.919898877524968572e-01 1.251412326815947440e-01 1.719693227641750158e-02 -1.071000000000000008e-01
-1.126228537469518565e-01 9.378618297684010452e-01 -3.282244370508682896e-01 2.359999999999999945e-02
-5.720275701993235429e-02 3.236585548790540945e-01 9.444432139853199404e-01 4.729999999999999760e-01
0.000000000000000000e+00 0.000000000000000000e+00 0.000000000000000000e+00 1.000000000000000000e+00
