0.000000000000000000e+00 0.000000000000000000e+00 0.000000000000000000e+00 0.000000000000000000e+00
0.000000000000000000e+00 0.000000000000000000e+00 0.000000000000000000e+00 0.000000000000000000e+00
0.000000000000000000e+00 0.000000000000000000e+00 0.000000000000000000e+00 0.000000000000000000e+00
0.000000000000000000e+00 0.000000000000000000e+00 0.000000000000000000e+00 0.000000000000000000e+00
-9.631474263833115224e-01 2.655548905033129348e-01 -4.275085006145708938e-02 -5.120000000000000245e-02
-2.191258245745373034e-01 -8.668485216076635691e-01 -4.478364808623092608e-01 6.579999999999999738e-02
-1.559836788120244899e-01 -4.219647387121130966e-01 8.930928570019387447e-01 5.043999999999999595e-01
0.000000000000000000e+00 0.000000000000000000e+00 0.000000000000000000e+00 1.000000000000000000e+00
-6.195170775540992381e-03 -9.044550712937112769e-01 4.265239077357204645e-01 -6.710000000000000686e-02
7.135834844781713260e-01 2.948111830829387436e-01 6.355194544695144110e-01 -6.029999999999999943e-02
-7.005428113534911683e-01 3.082975678469189740e-01 6.435777957019813700e-01 4.158000000000000029e-01
0.000000000000000000e+00 0.000000000000000000e+00 0.000000000000000000e+00 1.000000000000000000e+00
-2.598466170158453270e-01 6.876826507908052610e-01 -6.779176258416299561e-01 -9.470000000000000639e-02
-6.923468776714069017e-01 3.567109343570532554e-01 6.272265223097409637e-01 -1.517999999999999905e-01
6.731534272393437934e-01 6.323368414946654026e-01 3.834248065585689202e-01 3.914000000000000257e-01
0.000000000000000000e+00 0.000000000000000000e+00 0.000000000000000000e+00 1.000000000000000000e+00
-8.073008062723208145e-01 -5.533868734767118935e-01 -2.050082350924715135e-01 2.199999999999999872e-02
5.889636650177213495e-01 -7.335891857469498678e-01 -3.390703582503487579e-01 1.179000000000000048e-01
3.724526118788361317e-02 -3.944741750974279371e-01 9.181519023017107317e-01 5.251000000000000112e-01
0.000000000000000000e+00 0.000000000000000000e+00 0.000000000000000000e+00 1.000000000000000000e+00
8.449227952193109070e-01 4.309789258639029619e-01 -3.168006243364789309e-01 7.409999999999999920e-02
-4.599967644804349165e-01 8.877134314440943141e-01 -1.917916320600270008e-02 7.489999999999999436e-02
2.729623541558756639e-01 1.619321743661452095e-01 9.482982253061189581e-01 5.000000000000000000e-01
0.000000000000000000e+00 0.000000000000000000e+00 0.000000000000000000e+00 1.000000000000000000e+00
3.081222022690016660e-01 9.380273555775381356e-01 -1.586360257227577564e-01 1.199999999999999895e-03
8.515892833569645992e-01 -1.976172722144455829e-01 4.855338363019547909e-01 2.340000000000000066e-02
4.240948018314679158e-01 -2.846964943773155898e-01 -8.597043126266119550e-01 4.681000000000000161e-01
0.000000000000000000e+00 0.000000000000000000e+00 0.000000000000000000e+00 1.000000000000000000e+00
5.645763431605451688e-01 1.007355785675840276e-01 -8.192105321308560395e-01 -1.718000000000000083e-01
-7.183948035259215548e-01 -4.287265092948948642e-01 -5.478161064579671891e-01 -1.416000000000000036e-01
-4.064018442507597029e-01 8.978006033849992296e-01 -1.696809286605676093e-01 3.574999999999999845e-01
0.000000000000000000e+00 0.000000000000000000e+00 0.000000000000000000e+00 1.000000000000000000e+00
-7.643179213325188570e-01 4.413838748259924505e-01 4.701046587447630931e-01 -5.770000000000000129e-02
4.928301141724851786e-01 -7.030975777202463917e-02 8.672802410563579256e-01 -1.343999999999999917e-01
4.158564580413207090e-01 8.945595636991602317e-01 -1.637882575146809572e-01 3.791999999999999815e-01
0.000000000000000000e+00 0.000000000000000000e+00 0.000000000000000000e+00 1.000000000000000000e+00
4.356954243669175497e-02 -1.815984083474606603e-01 9.824071014897673981e-01 5.310000000000000137e-02
-4.390022546224500166e-01 -8.867974388084116644e-01 -1.444552628298708119e-01 -5.600000000000000117e-02
8.974289472756397101e-01 -4.249850828070444453e-01 -1.183594693432963307e-01 4.260999999999999788e-01
0.000000000000000000e+00 0.000000000000000000e+00 0.000000000000000000e+00 1.000000000000000000e+00
9.994229583779877801e-01 -3.380669847716115395e-02 3.295057672509917220e-03 -1.140000000000000041e-01
3.247312228631051012e-02 9.225127708461611231e-01 -3.845980810595868160e-01 2.899999999999999800e-03
9.962258577711210344e-03 3.844831527698092666e-01 9.230782516342903588e-01 4.683999999999999830e-01
0.000000000000000000e+00 0.000000000000000000e+00 0.000000000000000000e+00 1.000000000000000000e+00
