0.000000000000000000e+00 0.000000000000000000e+00 0.000000000000000000e+00 0.000000000000000000e+00
0.000000000000000000e+00 0.000000000000000000e+00 0.000000000000000000e+00 0.000000000000000000e+00
0.000000000000000000e+00 0.000000000000000000e+00 0.000000000000000000e+00 0.000000000000000000e+00
0.000000000000000000e+00 0.000000000000000000e+00 0.000000000000000000e+00 0.000000000000000000e+00
-3.677173856543423103e-01 -9.297449539602566926e-01 1.892735779171628163e-02 1.045999999999999985e-01
7.949132272184336045e-01 -3.248231653337751990e-01 -5.124479217010463605e-01 2.390000000000000110e-02
4.825939136382788597e-01 -1.733904029869788033e-01 8.585096869991057922e-01 4.687999999999999945e-01
0.000000000000000000e+00 0.000000000000000000e+00 0.000000000000000000e+00 1.000000000000000000e+00
2.990836580468212436e-01 3.063594482359769389e-01 9.037106029951623709e-01 -4.909999999999999781e-02
5.569243180016726358e-01 7.129830573771198665e-01 -4.260169760837548836e-01 3.379999999999999671e-02
-7.748446744397899932e-01 6.307131268411356739e-01 4.262255415356541732e-02 4.526000000000000023e-01
0.000000000000000000e+00 0.000000000000000000e+00 0.000000000000000000e+00 1.000000000000000000e+00
-3.216623950413615152e-01 6.815438088165106656e-01 6.572909099326862403e-01 -1.438000000000000111e-01
-3.167116561423459209e-01 -7.316433689679313623e-01 6.036486623101455784e-01 3.679999999999999938e-02
8.923155442329957499e-01 -1.400061816989511820e-02 4.511950268021948096e-01 4.801000000000000267e-01
0.000000000000000000e+00 0.000000000000000000e+00 0.000000000000000000e+00 1.000000000000000000e+00
4.484339118870224183e-01 -8.871846405532350932e-01 1.086758493692566302e-01 1.678000000000000047e-01
8.519597853649887309e-01 3.874916868502563672e-01 -3.521572329837702187e-01 -2.850000000000000103e-02
2.703174999709503923e-01 2.505066988892113988e-01 9.296100489028102931e-01 4.268000000000000127e-01
0.000000000000000000e+00 0.000000000000000000e+00 0.000000000000000000e+00 1.000000000000000000e+00
-1.867290955756735205e-01 9.008353611855592913e-01 3.919539474264464585e-01 1.238999999999999962e-01
-9.775438244777323593e-01 -1.307083549338350359e-01 -1.652979043301475437e-01 -7.520000000000000295e-02
-9.767454167253075692e-02 -4.140180889625152405e-01 9.050130970990905022e-01 3.936999999999999944e-01
0.000000000000000000e+00 0.000000000000000000e+00 0.000000000000000000e+00 1.000000000000000000e+00
9.784272114499422690e-01 -2.064169489303581684e-01 8.499122811912590558e-03 5.600000000000000117e-02
-1.574577868546455095e-01 -7.184620565573855977e-01 6.775096446886712531e-01 -1.779999999999999985e-02
-1.337431764731460415e-01 -6.642321254513474660e-01 -7.354647824778959286e-01 4.265999999999999792e-01
0.000000000000000000e+00 0.000000000000000000e+00 0.000000000000000000e+00 1.000000000000000000e+00
-7.602641917065602328e-01 5.307287951690808914e-02 -6.474423744771068412e-01 -1.589000000000000135e-01
-5.299380537917353085e-01 -6.271077561040288018e-01 5.708778515388364116e-01 1.193000000000000033e-01
-3.757180032314108020e-01 7.771223402360489807e-01 5.048929097876577732e-01 4.929000000000000048e-01
0.000000000000000000e+00 0.000000000000000000e+00 0.000000000000000000e+00 1.000000000000000000e+00
5.454094254890657911e-01 4.027316287970013065e-01 7.350753660368448683e-01 -1.302999999999999992e-01
6.154214100554904476e-01 -7.878013686782230351e-01 -2.500982914835780946e-02 1.739999999999999880e-02
5.690211302166193752e-01 4.660217148108363738e-01 -6.775239587584842571e-01 4.445000000000000062e-01
0.000000000000000000e+00 0.000000000000000000e+00 0.000000000000000000e+00 1.000000000000000000e+00
3.788922107151415641e-02 -9.962772317262935662e-01 -7.743438816434833338e-02 -2.779999999999999832e-02
-5.829041404871082577e-01 4.090532703173754836e-02 -8.115106390081476828e-01 -6.900000000000000577e-02
8.116570519188380795e-01 7.588433148035000908e-02 -5.791842524673826986e-01 3.931999999999999940e-01
0.000000000000000000e+00 0.000000000000000000e+00 0.000000000000000000e+00 1.000000000000000000e+00
1.395618800074981403e-01 9.858011744809140886e-01 9.337304772161875155e-02 2.580000000000000002e-02
-8.229941167949632597e-01 1.679131090332763865e-01 -5.426655245504894420e-01 7.080000000000000182e-02
-5.506388701950231113e-01 -1.110048120586071274e-03 8.347428361019449961e-01 4.969999999999999973e-01
0.000000000000000000e+00 0.000000000000000000e+00 0.000000000000000000e+00 1.000000000000000000e+00
