0.000000000000000000e+00 0.000000000000000000e+00 0.000000000000000000e+00 0.000000000000000000e+00
0.000000000000000000e+00 0.000000000000000000e+00 0.000000000000000000e+00 0.000000000000000000e+00
0.000000000000000000e+00 0.000000000000000000e+00 0.000000000000000000e+00 0.000000000000000000e+00
0.000000000000000000e+00 0.000000000000000000e+00 0.000000000000000000e+00 0.000000000000000000e+00
4.536541532799522880e-01 -8.888194757401945978e-01 6.479080765645163498e-02 1.217000000000000026e-01
8.815638950400392915e-01 4.369224177863686442e-01 -1.787285645820182456e-01 -4.859999999999999737e-02
1.305488727399985449e-01 1.381981923928082834e-01 9.817628285108761510e-01 4.506000000000000005e-01
0.000000000000000000e+00 0.000000000000000000e+00 0.000000000000000000e+00 1.000000000000000000e+00
2.086325926316616730e-01 9.120699669397061005e-01 3.529884087309304586e-01 1.940000000000000058e-02
-9.191194320929463313e-03 3.627436470693548021e-01 -9.318436394898976793e-01 6.750000000000000444e-02
-9.779509002187920519e-01 1.911685693764191840e-01 8.406315984917056561e-02 4.561999999999999944e-01
0.000000000000000000e+00 0.000000000000000000e+00 0.000000000000000000e+00 1.000000000000000000e+00
-2.520558843889975087e-02 -6.449267912656250767e-03 9.996614853313293692e-01 -2.960000000000000131e-02
2.049814763889343250e-01 -9.787651817249196640e-01 -1.146028096387516348e-03 1.443000000000000116e-01
9.784412463959507589e-01 2.048832008398339677e-01 2.599233280724722039e-02 4.941999999999999726e-01
0.000000000000000000e+00 0.000000000000000000e+00 0.000000000000000000e+00 1.000000000000000000e+00
9.371027448414316341e-01 -2.401064656651320239e-01 2.533521871949271365e-01 1.132999999999999979e-01
2.782030966696585894e-01 9.521336152578304679e-01 -1.266673426715280715e-01 -1.373000000000000054e-01
-2.108114859633298255e-01 1.891836775249189362e-01 9.590453865923553867e-01 4.269000000000000017e-01
0.000000000000000000e+00 0.000000000000000000e+00 0.000000000000000000e+00 1.000000000000000000e+00
-7.674235430868210361e-01 3.373051016791518419e-01 5.452397398367876402e-01 4.130000000000000338e-02
-5.180882304747108646e-01 -8.272221716025180971e-01 -2.174581896659619207e-01 -1.418999999999999984e-01
3.776846448555378211e-01 -4.493648263832313305e-01 8.095835731102223320e-01 4.254000000000000004e-01
0.000000000000000000e+00 0.000000000000000000e+00 0.000000000000000000e+00 1.000000000000000000e+00
4.922217613202265474e-01 -8.637774801564889193e-01 1.077320864799344302e-01 4.599999999999999922e-02
-8.465686856424087248e-01 -4.462231021460321134e-01 2.901833964941068489e-01 -4.830000000000000265e-02
-2.025813371771899574e-01 -2.340371933810473648e-01 -9.508876873436860055e-01 4.395999999999999908e-01
0.000000000000000000e+00 0.000000000000000000e+00 0.000000000000000000e+00 1.000000000000000000e+00
-9.899552853360034099e-01 -1.807334251278223253e-02 1.402208519647766827e-01 1.679999999999999896e-02
1.392924672459891489e-01 -2.945183922272640586e-01 9.454398580599363555e-01 2.116000000000000103e-01
2.421036149744976163e-02 9.554748928832632604e-01 2.940775194840292706e-01 4.711000000000000187e-01
0.000000000000000000e+00 0.000000000000000000e+00 0.000000000000000000e+00 1.000000000000000000e+00
9.834745736062697752e-01 -1.957236037766375142e-02 1.799852376702395507e-01 -4.780000000000000221e-02
1.117906772391005776e-01 -7.163346575622333567e-01 -6.887434230957278913e-01 1.147999999999999993e-01
1.424099980773435581e-01 6.974823159653902316e-01 -7.023089144836238695e-01 4.692999999999999949e-01
0.000000000000000000e+00 0.000000000000000000e+00 0.000000000000000000e+00 1.000000000000000000e+00
1.385160571246724093e-02 -6.006027531442550416e-01 -7.994275864233905127e-01 -5.530000000000000193e-02
-2.477962836339753783e-01 7.725027252158118696e-01 -5.846678897898653915e-01 -2.670000000000000151e-02
9.687131334076032330e-01 2.061937740323042667e-01 -1.381267270079844511e-01 4.461999999999999855e-01
0.000000000000000000e+00 0.000000000000000000e+00 0.000000000000000000e+00 1.000000000000000000e+00
-6.507048110697353227e-01 7.545159618889318853e-01 8.537512580090259040e-02 1.107999999999999957e-01
-7.459077179901281163e-01 -6.141014936420816639e-01 -2.578779396329275442e-01 4.519999999999999712e-02
-1.421440293978593616e-01 -2.314843812471680806e-01 9.623980757177126311e-01 4.671000000000000152e-01
0.000000000000000000e+00 0.000000000000000000e+00 0.000000000000000000e+00 1.000000000000000000e+00
