0.000000000000000000e+00 0.000000000000000000e+00 0.000000000000000000e+00 0.000000000000000000e+00
0.000000000000000000e+00 0.000000000000000000e+00 0.000000000000000000e+00 0.000000000000000000e+00
0.000000000000000000e+00 0.000000000000000000e+00 0.000000000000000000e+00 0.000000000000000000e+00
0.000000000000000000e+00 0.000000000000000000e+00 0.000000000000000000e+00 0.000000000000000000e+00
-9.792806801292441854e-01 1.973313738719800758e-01 -4.549371837300910520e-02 -4.469999999999999668e-02
-1.249557800735024427e-01 -7.655974756675536508e-01 -6.310677921409812985e-01 4.540000000000000285e-02
-1.593593503746433271e-01 -6.123077936277367961e-01 7.743925124321029418e-01 5.167000000000000481e-01
0.000000000000000000e+00 0.000000000000000000e+00 0.000000000000000000e+00 1.000000000000000000e+00
1.927134616120529387e-02 -8.744939398372758577e-01 4.846534477387055562e-01 -7.109999999999999654e-02
8.499848054334023795e-01 2.695726701508726064e-01 4.526106561273941509e-01 -5.700000000000000205e-02
-5.264545998939286209e-01 4.032256498483298701e-01 7.485015895473541292e-01 4.035000000000000253e-01
0.000000000000000000e+00 0.000000000000000000e+00 0.000000000000000000e+00 1.000000000000000000e+00
-2.840979492718886945e-01 7.270502976418257157e-01 -6.250489740159884677e-01 -1.052000000000000018e-01
-8.082875184259391554e-01 1.690341349116424308e-01 5.640024368666411991e-01 -1.391000000000000014e-01
5.157127521948087212e-01 6.654512198002233703e-01 5.396434297664064461e-01 3.608000000000000096e-01
0.000000000000000000e+00 0.000000000000000000e+00 0.000000000000000000e+00 1.000000000000000000e+00
-7.666047302503693484e-01 -6.102811064181826728e-01 -1.996851489389168122e-01 3.230000000000000232e-02
6.103979134896827530e-01 -5.960664258614216671e-01 -5.216504607188919840e-01 8.740000000000000546e-02
1.993278073054542965e-01 -5.217871089915783189e-01 8.294616556086304993e-01 5.453000000000000069e-01
0.000000000000000000e+00 0.000000000000000000e+00 0.000000000000000000e+00 1.000000000000000000e+00
8.212987282912642684e-01 4.914745078045226756e-01 -2.896915723410919963e-01 8.079999999999999682e-02
-5.556022717258958243e-01 8.043399451136776790e-01 -2.105786512150499279e-01 4.809999999999999692e-02
1.295164644366719464e-01 3.339012741407676454e-01 9.336677270672881779e-01 5.092999999999999750e-01
0.000000000000000000e+00 0.000000000000000000e+00 0.000000000000000000e+00 1.000000000000000000e+00
3.741148342343793010e-01 9.148255347403082549e-01 -1.520931681335224717e-01 3.799999999999999992e-03
7.181511767261659074e-01 -1.820194461929829366e-01 6.716604860898272022e-01 9.199999999999999845e-03
5.867682491176615667e-01 -3.605040390823781027e-01 -7.250792092128175437e-01 4.697999999999999954e-01
0.000000000000000000e+00 0.000000000000000000e+00 0.000000000000000000e+00 1.000000000000000000e+00
5.052780299176449219e-01 9.900719633576066103e-02 -8.572582385467495403e-01 -1.824000000000000066e-01
-6.414324681010470375e-01 -6.214555803545827040e-01 -4.498414726455847723e-01 -1.174000000000000044e-01
-5.772854591520064638e-01 7.771682808246107577e-01 -2.505014210174782985e-01 3.332999999999999852e-01
0.000000000000000000e+00 0.000000000000000000e+00 0.000000000000000000e+00 1.000000000000000000e+00
-7.189544487636969627e-01 4.616965735914996261e-01 5.195582494165188470e-01 -6.759999999999999343e-02
4.307135590799594516e-01 -2.907404986229518151e-01 8.543745036488106237e-01 -1.215999999999999998e-01
5.455184053976208647e-01 8.380371330641298577e-01 1.017020049412964422e-02 3.512000000000000122e-01
0.000000000000000000e+00 0.000000000000000000e+00 0.000000000000000000e+00 1.000000000000000000e+00
4.126456911770048919e-02 -2.502046611177075608e-01 9.673132186063123639e-01 4.929999999999999660e-02
-6.281543381017263838e-01 -7.593748431318079195e-01 -1.696230383601351477e-01 -6.180000000000000077e-02
7.769937984691462907e-01 -6.006225729803326141e-01 -1.885024189950157414e-01 4.093999999999999861e-01
0.000000000000000000e+00 0.000000000000000000e+00 0.000000000000000000e+00 1.000000000000000000e+00
9.993243390527667414e-01 3.635262278076896447e-02 5.417766487209015394e-03 -1.123999999999999999e-01
-2.652008214482054482e-02 8.152471473993172513e-01 -5.785056386071857348e-01 -4.400000000000000265e-03
-2.544701593080764268e-02 5.779710853271423643e-01 8.156603912818020108e-01 4.704999999999999738e-01
0.000000000000000000e+00 0.000000000000000000e+00 0.000000000000000000e+00 1.000000000000000000e+00
