0.000000000000000000e+00 0.000000000000000000e+00 0.000000000000000000e+00 0.000000000000000000e+00
0.000000000000000000e+00 0.000000000000000000e+00 0.000000000000000000e+00 0.000000000000000000e+00
0.000000000000000000e+00 0.000000000000000000e+00 0.000000000000000000e+00 0.000000000000000000e+00
0.000000000000000000e+00 0.000000000000000000e+00 0.000000000000000000e+00 0.000000000000000000e+00
5.970920017718920336e-01 -8.004506409069122030e-01 5.253487310109739017e-02 1.146999999999999964e-01
6.505835598147685639e-01 4.449052971906221066e-01 -6.154675525407230507e-01 -7.689999999999999614e-02
4.692783535587150556e-01 4.016690777287165171e-01 7.864094219156989585e-01 4.067999999999999949e-01
0.000000000000000000e+00 0.000000000000000000e+00 0.000000000000000000e+00 1.000000000000000000e+00
1.858638858641498137e-01 9.633267227752086992e-01 1.935361493846932679e-01 3.330000000000000321e-02
4.104437378142084536e-01 1.028418199763337926e-01 -9.060681531502232655e-01 3.670000000000000345e-02
-8.927432744191241554e-01 2.478410483578767365e-01 -3.762768405420258144e-01 4.732999999999999985e-01
0.000000000000000000e+00 0.000000000000000000e+00 0.000000000000000000e+00 1.000000000000000000e+00
2.784150723636003022e-02 -1.663450862187579316e-01 9.856744709921635428e-01 -1.399999999999999986e-03
-2.643743260409767148e-01 -9.521705880282476109e-01 -1.532233240218994763e-01 9.370000000000000551e-02
9.640181876941881223e-01 -2.563210556798146689e-01 -7.048723437614978771e-02 5.460000000000000409e-01
0.000000000000000000e+00 0.000000000000000000e+00 0.000000000000000000e+00 1.000000000000000000e+00
9.662982244580997637e-01 -7.396940967110146592e-02 2.465689920530005630e-01 9.099999999999999756e-02
2.093850457569388090e-01 7.830400789022182728e-01 -5.856672583013090572e-01 -1.428000000000000103e-01
-1.497519416317816543e-01 6.175570915030580421e-01 7.721383261513412588e-01 3.467000000000000082e-01
0.000000000000000000e+00 0.000000000000000000e+00 0.000000000000000000e+00 1.000000000000000000e+00
-8.361291053755113278e-01 1.857949953333776771e-01 5.161088439980627829e-01 1.930000000000000118e-02
-5.200254490132247831e-01 -5.678625003738486665e-01 -6.380483626244601858e-01 -1.360999999999999988e-01
1.745326660615157954e-01 -8.018805399672888079e-01 5.714244902865370790e-01 3.499999999999999778e-01
0.000000000000000000e+00 0.000000000000000000e+00 0.000000000000000000e+00 1.000000000000000000e+00
3.396096086285105287e-01 -9.305840748294545994e-01 1.366696506214818974e-01 3.980000000000000204e-02
-7.193662747584673722e-01 -1.633724311515600824e-01 6.751456224250839133e-01 -6.099999999999999867e-02
-6.059517113329371263e-01 -3.276014780391515169e-01 -7.249136466636891818e-01 4.042000000000000037e-01
0.000000000000000000e+00 0.000000000000000000e+00 0.000000000000000000e+00 1.000000000000000000e+00
-9.520112114820662441e-01 -4.920786000838064944e-02 3.020815117246414272e-01 5.510000000000000314e-02
2.502365264467809602e-01 -6.934419267341016546e-01 6.756626192702587241e-01 1.567999999999999949e-01
1.762280739391386963e-01 7.188302169223917959e-01 6.724780927249665030e-01 5.514999999999999902e-01
0.000000000000000000e+00 0.000000000000000000e+00 0.000000000000000000e+00 1.000000000000000000e+00
9.908437023541779576e-01 -1.258233193046433829e-01 4.896171794603340621e-02 -2.479999999999999913e-02
-1.048253833590277739e-01 -9.454779849365329003e-01 -3.083553453468678707e-01 8.169999999999999485e-02
8.509051949951906835e-02 3.003995211705821622e-01 -9.500103847704965965e-01 5.123999999999999666e-01
0.000000000000000000e+00 0.000000000000000000e+00 0.000000000000000000e+00 1.000000000000000000e+00
-9.703064148834483760e-03 -4.590470817768467771e-01 -8.883589518084930026e-01 -5.630000000000000282e-02
-6.630991955961484940e-01 6.679252547336191892e-01 -3.378983736107212255e-01 -3.080000000000000099e-02
7.484686415247229219e-01 5.857914567499177272e-01 -3.108746722602933055e-01 4.290999999999999814e-01
0.000000000000000000e+00 0.000000000000000000e+00 0.000000000000000000e+00 1.000000000000000000e+00
-7.689394002270355521e-01 6.365960148663989404e-01 5.897213439164805671e-02 1.199000000000000066e-01
-4.984447486951842365e-01 -5.391812113010856500e-01 -6.788493602251450820e-01 -5.999999999999999474e-04
-4.003561305596326503e-01 -5.513883706028934739e-01 7.319056178819811631e-01 4.645000000000000240e-01
0.000000000000000000e+00 0.000000000000000000e+00 0.000000000000000000e+00 1.000000000000000000e+00
