0.000000000000000000e+00 0.000000000000000000e+00 0.000000000000000000e+00 0.000000000000000000e+00
0.000000000000000000e+00 0.000000000000000000e+00 0.000000000000000000e+00 0.000000000000000000e+00
0.000000000000000000e+00 0.000000000000000000e+00 0.000000000000000000e+00 0.000000000000000000e+00
0.000000000000000000e+00 0.000000000000000000e+00 0.000000000000000000e+00 0.000000000000000000e+00
8.817648669932486305e-01 -4.680607638479471477e-01 5.839384113461576487e-02 8.160000000000000586e-02
4.364582327603596656e-01 7.626828657936437494e-01 -4.773039464329815740e-01 -1.129000000000000004e-01
1.788712676538134760e-01 4.463563235475342950e-01 8.767959295281010368e-01 4.107000000000000095e-01
0.000000000000000000e+00 0.000000000000000000e+00 0.000000000000000000e+00 1.000000000000000000e+00
6.055242339036559507e-02 9.723595685433826796e-01 -2.255000520702398759e-01 6.350000000000000089e-02
1.855911160340065758e-01 -2.329428110350746373e-01 -9.546169831070102640e-01 3.090000000000000038e-02
-9.807595738359151660e-01 1.595356540728687378e-02 -1.945665492318493506e-01 4.652000000000000024e-01
0.000000000000000000e+00 0.000000000000000000e+00 0.000000000000000000e+00 1.000000000000000000e+00
1.997410207510397218e-01 -5.337232522025686654e-01 8.217317169780208319e-01 7.069999999999999896e-02
-1.221319658172991540e-01 -8.456522876083663043e-01 -5.195728932386096677e-01 1.059999999999999970e-01
9.722074405984223455e-01 3.420310081100774724e-03 -2.340961211212488902e-01 5.288000000000000478e-01
0.000000000000000000e+00 0.000000000000000000e+00 0.000000000000000000e+00 1.000000000000000000e+00
9.020542603467023302e-01 3.589570025663080255e-01 2.396830859676489234e-01 2.210000000000000159e-02
-1.907032865513703934e-01 8.296207898568246364e-01 -5.247490843592241827e-01 -1.726000000000000034e-01
-3.872084295168039536e-01 4.276437949344639722e-01 8.168172480825685033e-01 3.729999999999999982e-01
0.000000000000000000e+00 0.000000000000000000e+00 0.000000000000000000e+00 1.000000000000000000e+00
-8.799216514673529055e-01 -2.369174488929588762e-01 4.118349301467986168e-01 -3.960000000000000325e-02
-1.398360063360924721e-01 -6.992727542043695177e-01 -7.010445824335338472e-01 -1.391000000000000014e-01
4.540746399116983856e-01 -6.744536586285878599e-01 5.821756468211064517e-01 3.894000000000000239e-01
0.000000000000000000e+00 0.000000000000000000e+00 0.000000000000000000e+00 1.000000000000000000e+00
-9.440664920271002458e-02 -9.843046877949044315e-01 1.491028711034516063e-01 1.839999999999999969e-02
-8.694002733336685385e-01 1.544815197291961040e-01 4.693384970248027921e-01 -7.059999999999999609e-02
-4.850057209081757859e-01 -8.532140204622776225e-02 -8.703388472538766685e-01 4.199999999999999845e-01
0.000000000000000000e+00 0.000000000000000000e+00 0.000000000000000000e+00 1.000000000000000000e+00
-7.306421228940180868e-01 -7.744872792766116509e-02 6.783537298455057929e-01 1.439999999999999891e-01
6.101467355710807894e-01 -5.199402953206888611e-01 5.978152309650435203e-01 1.433999999999999997e-01
3.064034094537395059e-01 8.506843032783792946e-01 4.271453696704461400e-01 5.082999999999999741e-01
0.000000000000000000e+00 0.000000000000000000e+00 0.000000000000000000e+00 1.000000000000000000e+00
8.845064752830953392e-01 -3.437746880755217505e-01 -3.153843037008228212e-01 3.649999999999999772e-02
-4.561452581115483240e-01 -7.790973550602595665e-01 -4.300451311670164256e-01 9.919999999999999651e-02
-9.787644601549486123e-02 5.242387577971369117e-01 -8.459278492511581593e-01 5.041999999999999815e-01
0.000000000000000000e+00 0.000000000000000000e+00 0.000000000000000000e+00 1.000000000000000000e+00
-2.373123248758401971e-02 -3.582782849968446648e-02 -9.990761709247285571e-01 -5.190000000000000169e-02
-5.027039737549944265e-01 8.642486547679695263e-01 -1.905196847291415474e-02 -3.599999999999999901e-03
8.641328273914595792e-01 5.017874345146082771e-01 -3.852047751118425900e-02 4.566000000000000059e-01
0.000000000000000000e+00 0.000000000000000000e+00 0.000000000000000000e+00 1.000000000000000000e+00
-9.682789294138680614e-01 2.482283777077476938e-01 2.861096562008966920e-02 1.270999999999999908e-01
-2.232355341992792730e-01 -8.079295176212200058e-01 -5.453584058461974360e-01 -3.699999999999999817e-02
-1.122577887003686492e-01 -5.344460375537675167e-01 8.377145228651466935e-01 4.475999999999999979e-01
0.000000000000000000e+00 0.000000000000000000e+00 0.000000000000000000e+00 1.000000000000000000e+00
