0.000000000000000000e+00 0.000000000000000000e+00 0.000000000000000000e+00 0.000000000000000000e+00
0.000000000000000000e+00 0.000000000000000000e+00 0.000000000000000000e+00 0.000000000000000000e+00
0.000000000000000000e+00 0.000000000000000000e+00 0.000000000000000000e+00 0.000000000000000000e+00
0.000000000000000000e+00 0.000000000000000000e+00 0.000000000000000000e+00 0.000000000000000000e+00
-9.261676916870564824e-01 3.741564640715092649e-01 -4.712056099597408676e-02 -6.370000000000000662e-02
-2.681811622216905278e-01 -7.413237986655270007e-01 -6.152380756760240654e-01 4.059999999999999720e-02
-2.651268962298869436e-01 -5.571767815744113062e-01 7.869318667901863407e-01 5.135999999999999455e-01
0.000000000000000000e+00 0.000000000000000000e+00 0.000000000000000000e+00 1.000000000000000000e+00
-3.885068907815281136e-02 -9.452244318564504422e-01 3.241009061693646554e-01 -6.189999999999999669e-02
8.329805275085688798e-01 1.485181100317556346e-01 5.329970091699780532e-01 -6.679999999999999827e-02
-5.519366492177332217e-01 2.906770448698106080e-01 7.815835149464547271e-01 4.020000000000000240e-01
0.000000000000000000e+00 0.000000000000000000e+00 0.000000000000000000e+00 1.000000000000000000e+00
-2.259949048321903131e-01 6.120387525522958949e-01 -7.578488426883813744e-01 -7.870000000000000606e-02
-8.303122738829928906e-01 2.858133967907052764e-01 4.784268283177822156e-01 -1.539000000000000090e-01
5.094191111738379796e-01 7.373732213670283198e-01 4.435909169287266529e-01 3.588000000000000078e-01
0.000000000000000000e+00 0.000000000000000000e+00 0.000000000000000000e+00 1.000000000000000000e+00
-8.632149163923028556e-01 -4.540223943007721807e-01 -2.207343960311200504e-01 2.599999999999999881e-03
4.971445289983621452e-01 -6.884633011437812922e-01 -5.280772673247765558e-01 9.389999999999999736e-02
8.779137431904027178e-02 -5.655810715110619613e-01 8.200065403053643509e-01 5.491000000000000325e-01
0.000000000000000000e+00 0.000000000000000000e+00 0.000000000000000000e+00 1.000000000000000000e+00
8.703693456049287347e-01 3.300628175734493519e-01 -3.653980551217043127e-01 6.010000000000000064e-02
-4.283143238158786392e-01 8.735668915471652696e-01 -2.311443834636047190e-01 6.119999999999999746e-02
2.429074767177717975e-01 3.576862066785622685e-01 9.016964762637735831e-01 5.203999999999999737e-01
0.000000000000000000e+00 0.000000000000000000e+00 0.000000000000000000e+00 1.000000000000000000e+00
1.971107463558560147e-01 9.674763453283542480e-01 -1.585461286223301680e-01 -5.300000000000000024e-03
7.762575730801420937e-01 -5.523975990957086246e-02 6.279910422616399313e-01 1.089999999999999997e-02
5.988084283865460211e-01 -2.468564160706058219e-01 -7.618991901413276757e-01 4.739999999999999769e-01
0.000000000000000000e+00 0.000000000000000000e+00 0.000000000000000000e+00 1.000000000000000000e+00
6.556072911870143294e-01 9.306249044529207870e-02 -7.493453493647272978e-01 -1.544000000000000095e-01
-5.731086998782497499e-01 -5.848220142551492362e-01 -5.740467139235378990e-01 -1.441000000000000059e-01
-4.916558734178688717e-01 8.058055500644494273e-01 -3.300786536858184572e-01 3.217999999999999750e-01
0.000000000000000000e+00 0.000000000000000000e+00 0.000000000000000000e+00 1.000000000000000000e+00
-8.319002419475152177e-01 3.957504629484860925e-01 3.890032885770047244e-01 -4.309999999999999942e-02
3.332456498132340683e-01 -2.042482050486766898e-01 9.204509805605884942e-01 -1.312000000000000111e-01
4.437221251281265877e-01 8.953570471105103401e-01 3.803201100818354163e-02 3.528000000000000025e-01
0.000000000000000000e+00 0.000000000000000000e+00 0.000000000000000000e+00 1.000000000000000000e+00
3.730452376025306105e-02 -6.782046090351195877e-02 9.969998784302112060e-01 5.650000000000000161e-02
-5.998086965962499129e-01 -7.995055761889946488e-01 -3.194309205777251526e-02 -5.410000000000000225e-02
7.992733574907451288e-01 -5.968175757511995361e-01 -7.050447702048967535e-02 4.218000000000000083e-01
0.000000000000000000e+00 0.000000000000000000e+00 0.000000000000000000e+00 1.000000000000000000e+00
9.889879372890102438e-01 -1.476924351334008567e-01 -9.476523687244373106e-03 -1.178000000000000019e-01
1.176480281968003139e-01 8.234200919881471403e-01 -5.551020568973206171e-01 -1.940000000000000058e-02
8.978753453700352716e-02 5.478743439098032741e-01 8.317282620707131535e-01 4.618999999999999773e-01
0.000000000000000000e+00 0.000000000000000000e+00 0.000000000000000000e+00 1.000000000000000000e+00
