0.000000000000000000e+00 0.000000000000000000e+00 0.000000000000000000e+00 0.000000000000000000e+00
0.000000000000000000e+00 0.000000000000000000e+00 0.000000000000000000e+00 0.000000000000000000e+00
0.000000000000000000e+00 0.000000000000000000e+00 0.000000000000000000e+00 0.000000000000000000e+00
0.000000000000000000e+00 0.000000000000000000e+00 0.000000000000000000e+00 0.000000000000000000e+00
-8.926261132339805560e-01 4.486902834637049864e-01 -4.353908012414633988e-02 -7.080000000000000182e-02
-3.875489215745892002e-01 -8.131342027033228170e-01 -4.343024312393430342e-01 5.689999999999999919e-02
-2.302703961849409120e-01 -3.707961676167803033e-01 8.997142583740345145e-01 5.009000000000000119e-01
0.000000000000000000e+00 0.000000000000000000e+00 0.000000000000000000e+00 1.000000000000000000e+00
-6.768123200728703992e-02 -9.657700704584600837e-01 2.504145000606737836e-01 -5.639999999999999875e-02
6.902542127697041119e-01 1.359016566141589832e-01 7.106897082997638559e-01 -7.140000000000000513e-02
-7.203945950572172574e-01 2.209500186381267994e-01 6.574288681493682951e-01 4.153999999999999915e-01
0.000000000000000000e+00 0.000000000000000000e+00 0.000000000000000000e+00 1.000000000000000000e+00
-1.945076825127918241e-01 5.559888591309352091e-01 -8.081108525232068018e-01 -6.539999999999999980e-02
-7.166796491737059682e-01 4.819441684129734949e-01 5.040834246362215776e-01 -1.666999999999999871e-01
6.697290809751035301e-01 6.772047009988992894e-01 3.047240572078854237e-01 3.915000000000000147e-01
0.000000000000000000e+00 0.000000000000000000e+00 0.000000000000000000e+00 1.000000000000000000e+00
-8.974948706514340735e-01 -3.799908139787087635e-01 -2.238524926065469101e-01 -9.799999999999999684e-03
4.382076564224432480e-01 -8.256290394035594726e-01 -3.554022216395192890e-01 1.213999999999999940e-01
-4.976953894819327595e-02 -4.170655471090298771e-01 9.075127119812316234e-01 5.261000000000000121e-01
0.000000000000000000e+00 0.000000000000000000e+00 0.000000000000000000e+00 1.000000000000000000e+00
8.843421018549697532e-01 2.539676666160956553e-01 -3.917135065329125365e-01 5.109999999999999959e-02
-2.998460967489300910e-01 9.521220777108908573e-01 -5.963109423721383445e-02 8.780000000000000304e-02
3.578147078463456698e-01 1.701880531913798067e-01 9.181528529606398648e-01 5.070000000000000062e-01
0.000000000000000000e+00 0.000000000000000000e+00 0.000000000000000000e+00 1.000000000000000000e+00
1.163581187471685041e-01 9.796796785546252329e-01 -1.633662009986331098e-01 -8.699999999999999400e-03
8.990343127610410656e-01 -3.398170187131843711e-02 4.365576117950658586e-01 2.380000000000000171e-02
4.221351592557796018e-01 -1.976688426764187656e-01 -8.847196934368890542e-01 4.704999999999999738e-01
0.000000000000000000e+00 0.000000000000000000e+00 0.000000000000000000e+00 1.000000000000000000e+00
7.148585405346763455e-01 9.332027071660181639e-02 -6.930141370116577049e-01 -1.398000000000000076e-01
-6.140845243941226439e-01 -3.902715544900905442e-01 -6.859943954986311709e-01 -1.708000000000000074e-01
-3.344808872331520577e-01 9.159582091063263043e-01 -2.216824197956503983e-01 3.508000000000000007e-01
0.000000000000000000e+00 0.000000000000000000e+00 0.000000000000000000e+00 1.000000000000000000e+00
-8.723679923356395527e-01 3.653844563486364216e-01 3.247588105149678550e-01 -3.109999999999999917e-02
3.570402666014383386e-01 2.245451948495069683e-02 9.338190630844251938e-01 -1.431999999999999940e-01
3.339106676544779106e-01 9.305858335551382421e-01 -1.500455677886867178e-01 3.819000000000000172e-01
0.000000000000000000e+00 0.000000000000000000e+00 0.000000000000000000e+00 1.000000000000000000e+00
3.902662335131001914e-02 1.402868797316417226e-02 9.991396892244581718e-01 5.979999999999999899e-02
-4.103195970626186684e-01 -9.114861159105616117e-01 2.882514125983715036e-02 -4.599999999999999922e-02
9.111063334958031668e-01 -4.110915426228456959e-01 -2.981597973912442079e-02 4.356999999999999762e-01
0.000000000000000000e+00 0.000000000000000000e+00 0.000000000000000000e+00 1.000000000000000000e+00
9.736112994854009273e-01 -2.278813808871940072e-01 -1.229283365601710476e-02 -1.181999999999999995e-01
2.079819359081016006e-01 9.081864061372488806e-01 -3.632367905972994082e-01 -1.669999999999999957e-02
9.393908584964633102e-02 3.510947563727684351e-01 9.316157578085930702e-01 4.616999999999999993e-01
0.000000000000000000e+00 0.000000000000000000e+00 0.000000000000000000e+00 1.000000000000000000e+00
