0.000000000000000000e+00 0.000000000000000000e+00 0.000000000000000000e+00 0.000000000000000000e+00
0.000000000000000000e+00 0.000000000000000000e+00 0.000000000000000000e+00 0.000000000000000000e+00
0.000000000000000000e+00 0.000000000000000000e+00 0.000000000000000000e+00 0.000000000000000000e+00
0.000000000000000000e+00 0.000000000000000000e+00 0.000000000000000000e+00 0.000000000000000000e+00
9.308866351620644908e-01 -3.615190253063317316e-01 5.247920367354426407e-02 7.009999999999999565e-02
3.085958216017075095e-01 7.013354990934849154e-01 -6.425707249799508247e-01 -1.175999999999999962e-01
1.954960136847209706e-01 6.143553630048754766e-01 7.644271035098971767e-01 3.876999999999999891e-01
0.000000000000000000e+00 0.000000000000000000e+00 0.000000000000000000e+00 1.000000000000000000e+00
2.949144455299612666e-02 9.418969159583013839e-01 -3.346049228663826591e-01 7.019999999999999851e-02
3.669081416453253697e-01 -3.215838059148488082e-01 -8.729045030057380750e-01 1.389999999999999916e-02
-9.297895838804343116e-01 -9.702605568382760559e-02 -3.550736180370028805e-01 4.696000000000000174e-01
0.000000000000000000e+00 0.000000000000000000e+00 0.000000000000000000e+00 1.000000000000000000e+00
2.355160387360607510e-01 -6.190737474616241354e-01 7.491861522358082004e-01 8.840000000000000635e-02
-3.275950558198963969e-01 -7.763257241011904952e-01 -5.385163409787312450e-01 7.409999999999999920e-02
9.149938114000734091e-01 -1.186004439392344956e-01 -3.856426581655396646e-01 5.455999999999999739e-01
0.000000000000000000e+00 0.000000000000000000e+00 0.000000000000000000e+00 1.000000000000000000e+00
8.558378415843320708e-01 4.658977644083722724e-01 2.246794650864928355e-01 2.899999999999999800e-03
-1.950484037501957202e-01 6.930024845151430135e-01 -6.940487566809262487e-01 -1.628999999999999893e-01
-4.790591916525267502e-01 5.501698188515250498e-01 6.839703658186573332e-01 3.437999999999999945e-01
0.000000000000000000e+00 0.000000000000000000e+00 0.000000000000000000e+00 1.000000000000000000e+00
-8.652917055929514323e-01 -3.436492712697509777e-01 3.649321068196251239e-01 -5.410000000000000225e-02
-1.427515432968183007e-01 -5.289375865685472800e-01 -8.365686023282353778e-01 -1.275999999999999912e-01
4.805124983997999810e-01 -7.759704942011710349e-01 4.086288426075337377e-01 3.704999999999999960e-01
0.000000000000000000e+00 0.000000000000000000e+00 0.000000000000000000e+00 1.000000000000000000e+00
-2.104524151093258855e-01 -9.655569501099781071e-01 1.530018204759976130e-01 1.239999999999999956e-02
-7.453179028272500783e-01 2.597480912400911279e-01 6.140294397032761697e-01 -7.220000000000000029e-02
-6.326223239025333678e-01 1.518898256785861101e-02 -7.743114942377593568e-01 4.092999999999999972e-01
0.000000000000000000e+00 0.000000000000000000e+00 0.000000000000000000e+00 1.000000000000000000e+00
-6.454585399293222281e-01 -8.817721940444789297e-02 7.586883755603530677e-01 1.642000000000000126e-01
6.043056478434548628e-01 -6.664398561655655584e-01 4.366607402761584211e-01 1.078000000000000069e-01
4.671166419822887494e-01 7.403260741674038137e-01 4.834452882085727987e-01 5.272999999999999909e-01
0.000000000000000000e+00 0.000000000000000000e+00 0.000000000000000000e+00 1.000000000000000000e+00
8.251916270358173877e-01 -3.967295020549587159e-01 -4.020752179247122915e-01 5.249999999999999806e-02
-5.090874559768295837e-01 -8.307576443837938474e-01 -2.251037504461655403e-01 7.549999999999999767e-02
-2.447217620830235973e-01 3.904451798871570456e-01 -8.875042651536191318e-01 5.225999999999999535e-01
0.000000000000000000e+00 0.000000000000000000e+00 0.000000000000000000e+00 1.000000000000000000e+00
-3.217199292921946174e-02 8.119046979709382272e-02 -9.961792361242478577e-01 -4.839999999999999858e-02
-6.572685146084751295e-01 7.491511527671997905e-01 8.228395962728346502e-02 -7.199999999999999803e-03
7.529694964441331351e-01 6.574044857785068530e-01 2.926225389415704203e-02 4.627999999999999892e-01
0.000000000000000000e+00 0.000000000000000000e+00 0.000000000000000000e+00 1.000000000000000000e+00
-9.909137398261307350e-01 1.337869163693277685e-01 1.382104309298830963e-02 1.252999999999999947e-01
-1.053094614261426559e-01 -7.078329670470326906e-01 -6.984857966312059130e-01 -5.489999999999999741e-02
-8.366527091886763468e-02 -6.935946595597324293e-01 7.154904406575194331e-01 4.349000000000000088e-01
0.000000000000000000e+00 0.000000000000000000e+00 0.000000000000000000e+00 1.000000000000000000e+00
