0.000000000000000000e+00 0.000000000000000000e+00 0.000000000000000000e+00 0.000000000000000000e+00
0.000000000000000000e+00 0.000000000000000000e+00 0.000000000000000000e+00 0.000000000000000000e+00
0.000000000000000000e+00 0.000000000000000000e+00 0.000000000000000000e+00 0.000000000000000000e+00
0.000000000000000000e+00 0.000000000000000000e+00 0.000000000000000000e+00 0.000000000000000000e+00
5.022871494009699678e-01 -8.625134375621238414e-01 6.146697952084380356e-02 1.198000000000000037e-01
8.147998854402732638e-01 4.483045733477710737e-01 -3.675923777800491066e-01 -6.090000000000000274e-02
2.894974373516370214e-01 2.347202154486084935e-01 9.279534763265848696e-01 4.339999999999999969e-01
0.000000000000000000e+00 0.000000000000000000e+00 0.000000000000000000e+00 1.000000000000000000e+00
2.010993411299922817e-01 9.319204395516342831e-01 3.018001811513235655e-01 2.409999999999999989e-02
1.685394374264010953e-01 2.705828858413730220e-01 -9.478287608644013762e-01 5.720000000000000084e-02
-9.649629594078081851e-01 2.414729720603180918e-01 -1.026513065444447648e-01 4.635000000000000231e-01
0.000000000000000000e+00 0.000000000000000000e+00 0.000000000000000000e+00 1.000000000000000000e+00
-7.383832383231592189e-03 -5.885826116283340848e-02 9.982390415688138230e-01 -2.040000000000000147e-02
1.351683933438749610e-02 -9.981809266703087768e-01 -5.875485244651270506e-02 1.277999999999999969e-01
9.998813800015202702e-01 1.305920076003205116e-02 8.165978310312071997e-03 5.162999999999999812e-01
0.000000000000000000e+00 0.000000000000000000e+00 0.000000000000000000e+00 1.000000000000000000e+00
9.495501418306492303e-01 -1.862071306036085783e-01 2.523518033653904258e-01 1.063000000000000056e-01
2.639156194380934406e-01 9.091305916494214490e-01 -3.222268038878523533e-01 -1.428000000000000103e-01
-1.694198157418471684e-01 3.725700898348439094e-01 9.124080524603314091e-01 3.938999999999999724e-01
0.000000000000000000e+00 0.000000000000000000e+00 0.000000000000000000e+00 1.000000000000000000e+00
-7.922534844736595083e-01 2.884017316376085716e-01 5.377349324042224321e-01 3.420000000000000123e-02
-5.399959796005777690e-01 -7.417451843327536043e-01 -3.977667954145767126e-01 -1.431999999999999940e-01
2.841456639728244249e-01 -6.055068312641882500e-01 7.433859824733344279e-01 3.927999999999999825e-01
0.000000000000000000e+00 0.000000000000000000e+00 0.000000000000000000e+00 1.000000000000000000e+00
4.435017391862517977e-01 -8.885805504398314181e-01 1.171785505918905845e-01 4.410000000000000031e-02
-8.164445532838970898e-01 -3.465950266270161340e-01 4.618334969775102494e-01 -5.449999999999999983e-02
-3.697627600933167669e-01 -3.004937485164450028e-01 -8.791922476629943084e-01 4.247000000000000219e-01
0.000000000000000000e+00 0.000000000000000000e+00 0.000000000000000000e+00 1.000000000000000000e+00
-9.806074932126227495e-01 -2.788500975975341523e-02 1.939880678958237625e-01 2.949999999999999845e-02
1.840062644021925320e-01 -4.717037350963073639e-01 8.623440618204215591e-01 1.955999999999999961e-01
6.745842361044826485e-02 8.813160684606239359e-01 4.676872336905317784e-01 5.059000000000000163e-01
0.000000000000000000e+00 0.000000000000000000e+00 0.000000000000000000e+00 1.000000000000000000e+00
9.890572290572290370e-01 -5.432337432337432798e-02 1.371669371669372028e-01 -4.039999999999999841e-02
3.025483025483025751e-02 -8.352972352972354297e-01 -5.489655489655490550e-01 1.045999999999999985e-01
1.443968243968244136e-01 5.471083071083072680e-01 -8.245132245132247295e-01 4.865999999999999770e-01
0.000000000000000000e+00 0.000000000000000000e+00 0.000000000000000000e+00 1.000000000000000000e+00
6.640110836750978685e-03 -5.559292512594191660e-01 -8.312030898175349902e-01 -5.580000000000000238e-02
-4.301197828405940449e-01 7.488116922959935362e-01 -5.042598753519561550e-01 -2.920000000000000026e-02
9.027474072725082399e-01 3.608652339516120744e-01 -2.341439761937349484e-01 4.369000000000000106e-01
0.000000000000000000e+00 0.000000000000000000e+00 0.000000000000000000e+00 1.000000000000000000e+00
-6.917398482550058958e-01 7.179807364806096714e-01 7.745737136582184212e-02 1.140999999999999931e-01
-6.691496249916633055e-01 -5.969446034137748658e-01 -4.426013102428495993e-01 2.850000000000000103e-02
-2.715414548639999426e-01 -3.579955341871352004e-01 8.933669099493275478e-01 4.685000000000000275e-01
0.000000000000000000e+00 0.000000000000000000e+00 0.000000000000000000e+00 1.000000000000000000e+00
