0.000000000000000000e+00 0.000000000000000000e+00 0.000000000000000000e+00 0.000000000000000000e+00
0.000000000000000000e+00 0.000000000000000000e+00 0.000000000000000000e+00 0.000000000000000000e+00
0.000000000000000000e+00 0.000000000000000000e+00 0.000000000000000000e+00 0.000000000000000000e+00
0.000000000000000000e+00 0.000000000000000000e+00 0.000000000000000000e+00 0.000000000000000000e+00
7.183668005336011353e-01 -6.937005454580162933e-01 5.223689426418837156e-02 1.054999999999999966e-01
4.773383689591217394e-01 4.369006401534984985e-01 -7.624079696284059571e-01 -8.759999999999999731e-02
5.060604918491096171e-01 5.726232477508347296e-01 6.449848019331334559e-01 3.825000000000000067e-01
0.000000000000000000e+00 0.000000000000000000e+00 0.000000000000000000e+00 1.000000000000000000e+00
1.464759084385542920e-01 9.884465110532452137e-01 3.896540816887622549e-02 4.610000000000000209e-02
5.589939531873815426e-01 -5.020951642407989191e-02 -8.276501463543660675e-01 1.839999999999999969e-02
-8.161314652352547050e-01 1.430122346064381933e-01 -5.598901072584059335e-01 4.786000000000000254e-01
0.000000000000000000e+00 0.000000000000000000e+00 0.000000000000000000e+00 1.000000000000000000e+00
9.010068755814881758e-02 -3.101340962005370017e-01 9.464136032810521737e-01 2.639999999999999986e-02
-4.535907650121475676e-01 -8.587782811982340725e-01 -2.382336702439468157e-01 6.289999999999999758e-02
8.866438315339724152e-01 -4.078194528416747566e-01 -2.180504755479186763e-01 5.644000000000000128e-01
0.000000000000000000e+00 0.000000000000000000e+00 0.000000000000000000e+00 1.000000000000000000e+00
9.652574969964049512e-01 8.774214714160655237e-02 2.461285844984605897e-01 6.779999999999999916e-02
1.326411831159503008e-01 6.470237509649743313e-01 -7.508439133593718395e-01 -1.373000000000000054e-01
-2.251316970882512591e-01 7.574045030907827769e-01 6.129063041476798812e-01 3.145000000000000018e-01
0.000000000000000000e+00 0.000000000000000000e+00 0.000000000000000000e+00 1.000000000000000000e+00
-8.735655658341108243e-01 3.162476334906849651e-02 4.856779555755490474e-01 -1.799999999999999951e-03
-4.540812518922899832e-01 -4.121572012077336922e-01 -7.898966123313471144e-01 -1.238999999999999962e-01
1.751953734231025128e-01 -9.105637351859139361e-01 3.744065508179796886e-01 3.277999999999999803e-01
0.000000000000000000e+00 0.000000000000000000e+00 0.000000000000000000e+00 1.000000000000000000e+00
1.838685547067021586e-01 -9.717386763715463172e-01 1.480415463096207973e-01 3.330000000000000321e-02
-6.152197009228237423e-01 3.692927081489383312e-03 7.883470567497552484e-01 -6.379999999999999560e-02
-7.666140320829639698e-01 -2.360303097766172087e-01 -5.971537646873326111e-01 3.921000000000000041e-01
0.000000000000000000e+00 0.000000000000000000e+00 0.000000000000000000e+00 1.000000000000000000e+00
-8.903825671188021484e-01 -6.478149437509407582e-02 4.505798954208476426e-01 9.059999999999999998e-02
3.081592931452349915e-01 -8.143096136751346581e-01 4.918716327706676994e-01 1.173000000000000015e-01
3.350473611583315581e-01 5.768043091576059433e-01 7.450101037691069239e-01 5.745999999999999996e-01
0.000000000000000000e+00 0.000000000000000000e+00 0.000000000000000000e+00 1.000000000000000000e+00
9.731052789253927804e-01 -2.139934390260688490e-01 -8.528144101344514727e-02 -1.500000000000000031e-03
-2.229751928560853302e-01 -9.679739767460888711e-01 -1.153622282775164515e-01 6.040000000000000230e-02
-5.786345563760534466e-02 1.312752390824652726e-01 -9.896558149707990193e-01 5.322999999999999954e-01
0.000000000000000000e+00 0.000000000000000000e+00 0.000000000000000000e+00 1.000000000000000000e+00
-1.889176873070086415e-02 -3.101313455407926911e-01 -9.505059966077453737e-01 -5.519999999999999907e-02
-7.947538106263373203e-01 5.814768497322894136e-01 -1.739283005158404616e-01 -2.929999999999999966e-02
6.066378504257230464e-01 7.521324495981209779e-01 -2.574631948306174145e-01 4.339000000000000079e-01
0.000000000000000000e+00 0.000000000000000000e+00 0.000000000000000000e+00 1.000000000000000000e+00
-8.618459361232317928e-01 5.051347741774536715e-01 4.539209517705763974e-02 1.260000000000000009e-01
-3.250079343050046310e-01 -4.813685217280947448e-01 -8.140357418001388234e-01 -2.539999999999999897e-02
-3.893474348530678864e-01 -7.163261870167817458e-01 5.790383137300454397e-01 4.525000000000000133e-01
0.000000000000000000e+00 0.000000000000000000e+00 0.000000000000000000e+00 1.000000000000000000e+00
