0.000000000000000000e+00 0.000000000000000000e+00 0.000000000000000000e+00 0.000000000000000000e+00
0.000000000000000000e+00 0.000000000000000000e+00 0.000000000000000000e+00 0.000000000000000000e+00
0.000000000000000000e+00 0.000000000000000000e+00 0.000000000000000000e+00 0.000000000000000000e+00
0.000000000000000000e+00 0.000000000000000000e+00 0.000000000000000000e+00 0.000000000000000000e+00
-1.495202063951135418e-01 -9.881069069476724476e-01 3.589496234663472340e-02 1.179999999999999938e-01
9.233765120346519861e-01 -1.525230723517410070e-01 -3.522960820433655993e-01 1.359999999999999924e-02
3.535810018967121549e-01 -1.953081776806311898e-02 9.351999905127393875e-01 4.591000000000000081e-01
0.000000000000000000e+00 0.000000000000000000e+00 0.000000000000000000e+00 1.000000000000000000e+00
2.927969589914527493e-01 5.115578514047461889e-01 8.078233132755686663e-01 -3.209999999999999659e-02
3.443902980955748649e-01 7.317262322335886804e-01 -5.881938826941992549e-01 5.179999999999999882e-02
-8.920007081740456423e-01 4.504278918177648805e-01 3.807165467385598134e-02 4.559000000000000274e-01
0.000000000000000000e+00 0.000000000000000000e+00 0.000000000000000000e+00 1.000000000000000000e+00
-2.554148633939175017e-01 5.279159587004510490e-01 8.099802393310906456e-01 -1.202000000000000013e-01
-8.853218884171676351e-02 -8.470185556642180202e-01 5.241389299597936091e-01 7.860000000000000320e-02
9.627695981367305755e-01 6.216354968859552632e-02 2.630786840353132039e-01 4.912000000000000255e-01
0.000000000000000000e+00 0.000000000000000000e+00 0.000000000000000000e+00 1.000000000000000000e+00
6.285210201241062666e-01 -7.607044154731023022e-01 1.621422817832491314e-01 1.645999999999999963e-01
7.755870944769219788e-01 5.972814941014529255e-01 -2.042534594193749498e-01 -5.700000000000000205e-02
5.853192413545678374e-02 2.541330538982718434e-01 9.653965013264441675e-01 4.222000000000000197e-01
0.000000000000000000e+00 0.000000000000000000e+00 0.000000000000000000e+00 1.000000000000000000e+00
-3.739210303030000571e-01 7.999383010180332043e-01 4.693418558593782652e-01 1.088999999999999968e-01
-9.209628641127420856e-01 -3.800457292454675340e-01 -8.598050132172815885e-02 -9.859999999999999321e-02
1.095922717275164826e-01 -4.643963374604318517e-01 8.788205594607688687e-01 4.031000000000000139e-01
0.000000000000000000e+00 0.000000000000000000e+00 0.000000000000000000e+00 1.000000000000000000e+00
9.069904185078369041e-01 -4.195391096631036487e-01 3.681461935249498441e-02 5.759999999999999842e-02
-3.743784694004366753e-01 -7.631366369926102511e-01 5.267477906256423648e-01 -2.390000000000000110e-02
-1.928967142912628163e-01 -4.915377999123766162e-01 -8.492240274938853695e-01 4.305999999999999828e-01
0.000000000000000000e+00 0.000000000000000000e+00 0.000000000000000000e+00 1.000000000000000000e+00
-8.869568681545203503e-01 3.800007275592709455e-02 -4.602863331710690398e-01 -1.180999999999999966e-01
-4.193971221491020751e-01 -4.836530251036543770e-01 7.682355141759164008e-01 1.633999999999999897e-01
-1.934258720196842807e-01 8.744345291550578159e-01 4.449164935746896532e-01 4.893000000000000127e-01
0.000000000000000000e+00 0.000000000000000000e+00 0.000000000000000000e+00 1.000000000000000000e+00
7.184684261058856825e-01 3.084048862287788184e-01 6.234497147638656811e-01 -1.151999999999999968e-01
5.784505388694710648e-01 -7.626807643872224318e-01 -2.893320336833454798e-01 5.120000000000000245e-02
3.862616920826474898e-01 5.685107543256644469e-01 -7.263590210395365343e-01 4.588999999999999746e-01
0.000000000000000000e+00 0.000000000000000000e+00 0.000000000000000000e+00 1.000000000000000000e+00
3.561862249170644201e-02 -9.533696754299711973e-01 -2.996958052798613936e-01 -3.780000000000000027e-02
-4.321449106555625974e-01 2.557057933668165361e-01 -8.647920694786364049e-01 -6.180000000000000077e-02
9.011004882510545988e-01 1.603147192530936516e-01 -4.028859650875324938e-01 4.157000000000000139e-01
0.000000000000000000e+00 0.000000000000000000e+00 0.000000000000000000e+00 1.000000000000000000e+00
-8.654678340609334164e-02 9.911971054970611927e-01 1.001895819749051564e-01 5.360000000000000181e-02
-9.154412714655648653e-01 -3.944847396469675083e-02 -4.005135408439600697e-01 7.969999999999999307e-02
-3.930355362808414244e-01 -1.263808369813403665e-01 9.107968770611409859e-01 4.852000000000000202e-01
0.000000000000000000e+00 0.000000000000000000e+00 0.000000000000000000e+00 1.000000000000000000e+00
