0.000000000000000000e+00 0.000000000000000000e+00 0.000000000000000000e+00 0.000000000000000000e+00
0.000000000000000000e+00 0.000000000000000000e+00 0.000000000000000000e+00 0.000000000000000000e+00
0.000000000000000000e+00 0.000000000000000000e+00 0.000000000000000000e+00 0.000000000000000000e+00
0.000000000000000000e+00 0.000000000000000000e+00 0.000000000000000000e+00 0.000000000000000000e+00
9.174155553795975138e-01 -3.947912518067500653e-01 4.988553141346541153e-02 7.480000000000000537e-02
2.767048151287377356e-01 5.428078833172627071e-01 -7.929653504997579150e-01 -1.076000000000000012e-01
2.859775236484777827e-01 7.412823141728744902e-01 6.072210360835601506e-01 3.663000000000000145e-01
0.000000000000000000e+00 0.000000000000000000e+00 0.000000000000000000e+00 1.000000000000000000e+00
4.341284619624063978e-02 9.519381469699932374e-01 -3.031981021188568381e-01 6.940000000000000335e-02
5.616814021377412036e-01 -2.742355555126683164e-01 -7.805823868018282319e-01 2.899999999999999800e-03
-8.262138508144984961e-01 -1.364134320218994834e-01 -5.465912991315207137e-01 4.747999999999999998e-01
0.000000000000000000e+00 0.000000000000000000e+00 0.000000000000000000e+00 1.000000000000000000e+00
2.208617125996752417e-01 -5.955853918266312830e-01 7.723329236477339821e-01 8.419999999999999707e-02
-5.149708182262976441e-01 -7.437160668590414581e-01 -4.262528220094909392e-01 4.529999999999999999e-02
8.282663582947672465e-01 -3.035859893645215801e-01 -4.709675007669726909e-01 5.625999999999999890e-01
0.000000000000000000e+00 0.000000000000000000e+00 0.000000000000000000e+00 1.000000000000000000e+00
8.723024068054399116e-01 4.341076797277929611e-01 2.250311833564158093e-01 9.799999999999999684e-03
-6.891480019757920128e-02 5.647725703138326558e-01 -8.223640885488826546e-01 -1.434999999999999887e-01
-4.840860061963830896e-01 7.018421946723200078e-01 5.225689163951263705e-01 3.114999999999999991e-01
0.000000000000000000e+00 0.000000000000000000e+00 0.000000000000000000e+00 1.000000000000000000e+00
-8.732171271620123854e-01 -3.103378262620422601e-01 3.757423085332182722e-01 -4.859999999999999737e-02
-2.611580980015346110e-01 -3.529639316969461760e-01 -8.984502828589093770e-01 -1.160000000000000059e-01
4.114465903117226486e-01 -8.826703215311955120e-01 2.271669139836904883e-01 3.435000000000000275e-01
0.000000000000000000e+00 0.000000000000000000e+00 0.000000000000000000e+00 1.000000000000000000e+00
-1.752839806991473015e-01 -9.720045436711870490e-01 1.564694640906929557e-01 1.529999999999999936e-02
-5.928755719775344879e-01 2.310953584465880173e-01 7.714230301570950132e-01 -6.919999999999999762e-02
-7.859860572952757085e-01 4.245117650914603802e-02 -6.167850641434315939e-01 3.953999999999999737e-01
0.000000000000000000e+00 0.000000000000000000e+00 0.000000000000000000e+00 1.000000000000000000e+00
-6.722406807203815671e-01 -8.973289416186161493e-02 7.348744619932943145e-01 1.595000000000000029e-01
4.749976369515233054e-01 -8.136614835819910851e-01 3.351600140613760215e-01 8.359999999999999376e-02
5.678641669229240740e-01 5.743718289057089255e-01 5.895992622828190033e-01 5.544000000000000039e-01
0.000000000000000000e+00 0.000000000000000000e+00 0.000000000000000000e+00 1.000000000000000000e+00
8.440516987518873471e-01 -3.847625994386086878e-01 -3.735431325928745827e-01 4.880000000000000310e-02
-4.268624190268954788e-01 -9.036884300243113177e-01 -3.370009885300731534e-02 5.099999999999999672e-02
-3.246000694031968004e-01 1.878961508744661502e-01 -9.270004484518870047e-01 5.393999999999999906e-01
0.000000000000000000e+00 0.000000000000000000e+00 0.000000000000000000e+00 1.000000000000000000e+00
-3.416978438896856041e-02 4.543580836350241681e-02 -9.983826987449083701e-01 -4.850000000000000144e-02
-8.064492352762089311e-01 5.887959254361276873e-01 5.439659099825777666e-02 -1.859999999999999848e-02
5.903152181311516200e-01 8.070036837017344755e-01 1.652264308764728185e-02 4.600000000000000200e-01
0.000000000000000000e+00 0.000000000000000000e+00 0.000000000000000000e+00 1.000000000000000000e+00
-9.854333098154552939e-01 1.694868285716714107e-01 1.397879990819526907e-02 1.270000000000000018e-01
-1.040959409409584618e-01 -5.361468115607952445e-01 -8.376817006075811811e-01 -5.559999999999999665e-02
-1.344813257882780944e-01 -8.269345871312372420e-01 5.459798179606250024e-01 4.277000000000000246e-01
0.000000000000000000e+00 0.000000000000000000e+00 0.000000000000000000e+00 1.000000000000000000e+00
