0.000000000000000000e+00 0.000000000000000000e+00 0.000000000000000000e+00 0.000000000000000000e+00
0.000000000000000000e+00 0.000000000000000000e+00 0.000000000000000000e+00 0.000000000000000000e+00
0.000000000000000000e+00 0.000000000000000000e+00 0.000000000000000000e+00 0.000000000000000000e+00
0.000000000000000000e+00 0.000000000000000000e+00 0.000000000000000000e+00 0.000000000000000000e+00
-7.831191853234220623e-02 -9.958873082398881360e-01 4.555999015028319027e-02 1.212000000000000022e-01
9.874396711094556300e-01 -8.377592144225864956e-02 -1.339570487348488714e-01 1.750000000000000167e-02
1.372229548400483445e-01 3.449730820238918610e-02 9.899392892454341730e-01 4.616999999999999993e-01
0.000000000000000000e+00 0.000000000000000000e+00 0.000000000000000000e+00 1.000000000000000000e+00
2.832474994789528910e-01 5.720295080753449168e-01 7.697747046571479235e-01 -2.610000000000000167e-02
1.136048660848472946e-01 7.769818644411964348e-01 -6.191874649339456083e-01 6.429999999999999605e-02
-9.522944861967670427e-01 2.628334533893300629e-01 1.550928345819829746e-01 4.527999999999999803e-01
0.000000000000000000e+00 0.000000000000000000e+00 0.000000000000000000e+00 1.000000000000000000e+00
-2.274466604446914175e-01 4.749414871174163499e-01 8.501168157772519551e-01 -1.111000000000000043e-01
1.487119416277593309e-01 -8.458168332412467905e-01 5.123266955986682802e-01 1.044999999999999957e-01
9.623683157034311764e-01 2.429495182552244004e-01 1.217487433598197777e-01 4.827000000000000179e-01
0.000000000000000000e+00 0.000000000000000000e+00 0.000000000000000000e+00 1.000000000000000000e+00
6.780454375955898838e-01 -7.121466097206611279e-01 1.819384259005597249e-01 1.618999999999999884e-01
7.232276183760540933e-01 6.905666533700829390e-01 7.714225258861638623e-03 -6.270000000000000573e-02
-1.311342692582901648e-01 1.263522992137942058e-01 9.832796651560948842e-01 4.409000000000000141e-01
0.000000000000000000e+00 0.000000000000000000e+00 0.000000000000000000e+00 1.000000000000000000e+00
-4.277094827754654993e-01 7.578436397434800131e-01 4.926840935572187608e-01 1.030999999999999972e-01
-8.442445615325118169e-01 -5.296737344505750844e-01 8.183431649350092485e-02 -1.035999999999999976e-01
3.229794400062031556e-01 -3.809445533585382182e-01 8.663518503470418741e-01 4.328000000000000180e-01
0.000000000000000000e+00 0.000000000000000000e+00 0.000000000000000000e+00 1.000000000000000000e+00
8.742347233871461398e-01 -4.837646165494150496e-01 4.105416177438638015e-02 5.759999999999999842e-02
-4.704163781018427803e-01 -8.231174593600001366e-01 3.180975940026612436e-01 -2.110000000000000070e-02
-1.200919632521015995e-01 -2.974045121909472122e-01 -9.471686631697227021e-01 4.435999999999999943e-01
0.000000000000000000e+00 0.000000000000000000e+00 0.000000000000000000e+00 1.000000000000000000e+00
-9.178799581228567206e-01 3.698920980542769188e-02 -3.951305870650267948e-01 -1.037000000000000005e-01
-3.894222712280044352e-01 -2.757817288411972267e-01 8.788030113222090600e-01 1.864000000000000101e-01
-7.646356745539151234e-02 9.605083218771871545e-01 2.675389438131661191e-01 4.615000000000000213e-01
0.000000000000000000e+00 0.000000000000000000e+00 0.000000000000000000e+00 1.000000000000000000e+00
7.665227895790645007e-01 2.784919364369559114e-01 5.786925387418813127e-01 -1.089999999999999997e-01
5.991716182229268606e-01 -6.344577354630029919e-01 -4.883203393544824911e-01 7.030000000000000138e-02
2.311626807511289183e-01 7.210448136217001425e-01 -6.531907774740846051e-01 4.573999999999999733e-01
0.000000000000000000e+00 0.000000000000000000e+00 0.000000000000000000e+00 1.000000000000000000e+00
3.890894105104303335e-02 -9.290639847501438453e-01 -3.678671044636516174e-01 -4.050000000000000128e-02
-2.194817178399792179e-01 3.512094035714059537e-01 -9.102086191511422619e-01 -5.469999999999999862e-02
9.748404330147053543e-01 1.161553575312044284e-01 -1.902473733760861041e-01 4.395000000000000018e-01
0.000000000000000000e+00 0.000000000000000000e+00 0.000000000000000000e+00 1.000000000000000000e+00
-1.580968751361009339e-01 9.817700046687523052e-01 1.055132029886215461e-01 6.199999999999999956e-02
-9.720944817067362909e-01 -1.359956805665345492e-01 -1.911478315402947437e-01 9.210000000000000131e-02
-1.733138676145445922e-01 -1.327886772280041927e-01 9.758736959732673411e-01 4.732000000000000095e-01
0.000000000000000000e+00 0.000000000000000000e+00 0.000000000000000000e+00 1.000000000000000000e+00
