0.000000000000000000e+00 0.000000000000000000e+00 0.000000000000000000e+00 0.000000000000000000e+00
0.000000000000000000e+00 0.000000000000000000e+00 0.000000000000000000e+00 0.000000000000000000e+00
0.000000000000000000e+00 0.000000000000000000e+00 0.000000000000000000e+00 0.000000000000000000e+00
0.000000000000000000e+00 0.000000000000000000e+00 0.000000000000000000e+00 0.000000000000000000e+00
-5.700686222046573715e-01 -8.215268653046098324e-01 1.074130161878561474e-02 8.730000000000000260e-02
7.696695635686187087e-01 -5.385669910784838255e-01 -3.428620116559443765e-01 5.600000000000000117e-02
2.874552641608363324e-01 -1.871876216619316469e-01 9.393243664479131727e-01 4.776000000000000245e-01
0.000000000000000000e+00 0.000000000000000000e+00 0.000000000000000000e+00 1.000000000000000000e+00
2.799262262130750578e-01 8.362685081301857171e-02 9.563722380439549919e-01 -6.230000000000000121e-02
4.672265443241833127e-01 8.583903548511111481e-01 -2.118144352433642130e-01 3.030000000000000054e-02
-8.386540789604424173e-01 5.061349113839911373e-01 2.012132881330932488e-01 4.465999999999999970e-01
0.000000000000000000e+00 0.000000000000000000e+00 0.000000000000000000e+00 1.000000000000000000e+00
-3.625041276222860098e-01 8.057951951901439758e-01 4.682786145717989790e-01 -1.584000000000000130e-01
-2.209751186193565919e-01 -5.624400057807463771e-01 7.967629740697765861e-01 1.779999999999999985e-02
9.054064028975976619e-01 1.853519444349910339e-01 3.819475124754723172e-01 4.647000000000000020e-01
0.000000000000000000e+00 0.000000000000000000e+00 0.000000000000000000e+00 1.000000000000000000e+00
2.395948950679237521e-01 -9.690998676397249989e-01 5.864923527257591418e-02 1.640000000000000069e-01
9.608035106094446887e-01 2.279991450951082133e-01 -1.577117745650796210e-01 1.170000000000000033e-02
1.394664843536156384e-01 9.413732722234652295e-02 9.857419862040347480e-01 4.520000000000000129e-01
0.000000000000000000e+00 0.000000000000000000e+00 0.000000000000000000e+00 1.000000000000000000e+00
1.806630726644864460e-02 9.533296327958834526e-01 3.013904772467441151e-01 1.343000000000000027e-01
-9.969339280083816535e-01 -5.777541918565498591e-03 7.803437188289592819e-02 -4.800000000000000100e-02
7.613377520872817439e-02 -3.018761852856980954e-01 9.503022766624427131e-01 4.248999999999999999e-01
0.000000000000000000e+00 0.000000000000000000e+00 0.000000000000000000e+00 1.000000000000000000e+00
9.993436733873347633e-01 1.880462340880718897e-02 -3.096140499332798723e-02 5.319999999999999729e-02
3.233393517271775791e-02 -8.484039316919946838e-01 5.283609422788662080e-01 -1.600000000000000077e-03
-1.633214918357103057e-02 -5.290152689932663410e-01 -8.484551290875832485e-01 4.401999999999999802e-01
0.000000000000000000e+00 0.000000000000000000e+00 0.000000000000000000e+00 1.000000000000000000e+00
-5.919716740018348133e-01 7.627662655676825665e-02 -8.023412076047099495e-01 -1.905000000000000027e-01
-7.348817424374651797e-01 -4.598519453724889683e-01 4.984827108027040654e-01 9.619999999999999385e-02
-3.309355855926346957e-01 8.847135494487785579e-01 3.282736261264426192e-01 4.601000000000000090e-01
0.000000000000000000e+00 0.000000000000000000e+00 0.000000000000000000e+00 1.000000000000000000e+00
3.423141461931786811e-01 4.856370184195146766e-01 8.043492473152686895e-01 -1.371999999999999886e-01
8.045886745059140921e-01 -5.936172414775811035e-01 1.598860460965334518e-02 -4.000000000000000083e-03
4.852402396471788837e-01 6.416971692014478146e-01 -5.939416241231096905e-01 4.349000000000000088e-01
0.000000000000000000e+00 0.000000000000000000e+00 0.000000000000000000e+00 1.000000000000000000e+00
4.858980017322167555e-02 -9.871670925139843789e-01 1.521189099902227615e-01 -1.439999999999999961e-02
-4.148671032424702809e-01 -1.584865619736990361e-01 -8.959728211954638422e-01 -7.430000000000000493e-02
9.085836879266149246e-01 -1.957399119352026817e-02 -4.172439824640115091e-01 4.101000000000000201e-01
0.000000000000000000e+00 0.000000000000000000e+00 0.000000000000000000e+00 1.000000000000000000e+00
3.621157128093167588e-01 9.275686043333760677e-01 9.213411307237590053e-02 -1.899999999999999996e-03
-8.563317885732183443e-01 3.700823192192508326e-01 -3.601873746819749256e-01 8.930000000000000437e-02
-3.681957066772958420e-01 5.153213809200504758e-02 9.283191047953678332e-01 4.894000000000000017e-01
0.000000000000000000e+00 0.000000000000000000e+00 0.000000000000000000e+00 1.000000000000000000e+00
