0.000000000000000000e+00 0.000000000000000000e+00 0.000000000000000000e+00 0.000000000000000000e+00
0.000000000000000000e+00 0.000000000000000000e+00 0.000000000000000000e+00 0.000000000000000000e+00
0.000000000000000000e+00 0.000000000000000000e+00 0.000000000000000000e+00 0.000000000000000000e+00
0.000000000000000000e+00 0.000000000000000000e+00 0.000000000000000000e+00 0.000000000000000000e+00
2.899733346319934846e-01 -9.557739689188538001e-01 4.910789691591024853e-02 1.250000000000000000e-01
8.887333007701612164e-01 2.498868130602752702e-01 -3.843301975655221137e-01 -3.649999999999999772e-02
3.550613824461569257e-01 1.550893323078050834e-01 9.218886666511000305e-01 4.401999999999999802e-01
0.000000000000000000e+00 0.000000000000000000e+00 0.000000000000000000e+00 1.000000000000000000e+00
2.520792691261851681e-01 8.269841055564404186e-01 5.025468448153090906e-01 4.100000000000000346e-03
2.457355911200866383e-01 4.475911944836677980e-01 -8.598116897772122291e-01 5.779999999999999721e-02
-9.359861437722621913e-01 3.402343483214144149e-01 -9.039096685306891032e-02 4.622999999999999887e-01
0.000000000000000000e+00 0.000000000000000000e+00 0.000000000000000000e+00 1.000000000000000000e+00
-1.049989825422243950e-01 1.513659183143899467e-01 9.828853302587943208e-01 -5.899999999999999689e-02
-2.905667414802284854e-02 -9.883935816663607099e-01 1.491101519286949784e-01 1.154000000000000026e-01
9.940477470184987396e-01 -1.290296452697213547e-02 1.081785105918104950e-01 5.117000000000000437e-01
0.000000000000000000e+00 0.000000000000000000e+00 0.000000000000000000e+00 1.000000000000000000e+00
8.844716241248451460e-01 -4.078324538232716012e-01 2.266773824766105949e-01 1.328000000000000014e-01
4.617578032541612698e-01 8.348358388559475873e-01 -2.997146197561565417e-01 -1.178000000000000019e-01
-6.700505392766956114e-02 3.697591266894911799e-01 9.267084282437356713e-01 3.972999999999999865e-01
0.000000000000000000e+00 0.000000000000000000e+00 0.000000000000000000e+00 1.000000000000000000e+00
-6.843704600237294766e-01 4.940347754207572439e-01 5.362524723690051953e-01 6.289999999999999758e-02
-7.035461918267558179e-01 -6.405608552263828415e-01 -3.077410384035819124e-01 -1.330999999999999961e-01
1.914675675224879747e-01 -5.878872608133357547e-01 7.859572120417335217e-01 3.889000000000000234e-01
0.000000000000000000e+00 0.000000000000000000e+00 0.000000000000000000e+00 1.000000000000000000e+00
6.383734497131503538e-01 -7.631749165127375001e-01 1.002166927567850890e-01 5.079999999999999793e-02
-6.908952674540700389e-01 -5.107206203336251971e-01 5.116914865185910877e-01 -4.560000000000000164e-02
-3.393273760115747550e-01 -3.958894981832843940e-01 -8.533044223003218853e-01 4.233000000000000096e-01
0.000000000000000000e+00 0.000000000000000000e+00 0.000000000000000000e+00 1.000000000000000000e+00
-9.992502792852167026e-01 -1.156795962272437472e-02 -3.694674083844937118e-02 -2.369999999999999885e-02
-2.612724189569357730e-02 -5.027470609012929526e-01 8.640386333874404690e-01 1.925999999999999934e-01
-2.857002938991204735e-02 8.643561621607603884e-01 5.020679021361360572e-01 5.077000000000000401e-01
0.000000000000000000e+00 0.000000000000000000e+00 0.000000000000000000e+00 1.000000000000000000e+00
9.423651696034488490e-01 7.105205522085321357e-02 3.269548784880810799e-01 -7.069999999999999896e-02
2.287583908658895604e-01 -8.499359853013213062e-01 -4.746350382118047495e-01 8.989999999999999380e-02
2.441669218520639839e-01 5.220732001728927152e-01 -8.172038227605906702e-01 4.796000000000000263e-01
0.000000000000000000e+00 0.000000000000000000e+00 0.000000000000000000e+00 1.000000000000000000e+00
1.115025273916203652e-02 -7.327059391530763577e-01 -6.804540238646995531e-01 -5.279999999999999971e-02
-4.558054213377449315e-01 6.019615901508406086e-01 -6.556551394309300118e-01 -4.220000000000000140e-02
8.900096009274133246e-01 3.174653535629987644e-01 -3.272593154428862228e-01 4.259999999999999898e-01
0.000000000000000000e+00 0.000000000000000000e+00 0.000000000000000000e+00 1.000000000000000000e+00
-5.065164336133949341e-01 8.581538673953376106e-01 8.374390935460576668e-02 9.740000000000000047e-02
-7.864424199377758606e-01 -4.199932117066780268e-01 -4.528951559055631737e-01 4.819999999999999979e-02
-3.534818561142596405e-01 -2.952586018979542759e-01 8.876220678888527837e-01 4.757000000000000117e-01
0.000000000000000000e+00 0.000000000000000000e+00 0.000000000000000000e+00 1.000000000000000000e+00
