0.000000000000000000e+00 0.000000000000000000e+00 0.000000000000000000e+00 0.000000000000000000e+00
0.000000000000000000e+00 0.000000000000000000e+00 0.000000000000000000e+00 0.000000000000000000e+00
0.000000000000000000e+00 0.000000000000000000e+00 0.000000000000000000e+00 0.000000000000000000e+00
0.000000000000000000e+00 0.000000000000000000e+00 0.000000000000000000e+00 0.000000000000000000e+00
-9.587787820950441908e-01 -2.829018130166821021e-01 -2.664228211355272255e-02 1.340000000000000045e-02
2.749169777881023680e-01 -8.998155479703968673e-01 -3.387515829551069890e-01 8.730000000000000260e-02
7.186029730108241254e-02 -3.321122458185017390e-01 9.404985666385627940e-01 4.950999999999999845e-01
0.000000000000000000e+00 0.000000000000000000e+00 0.000000000000000000e+00 1.000000000000000000e+00
1.564383178440835742e-01 -5.549699893441688570e-01 8.170283738264213502e-01 -8.069999999999999396e-02
6.006785736096287298e-01 7.101080756007508432e-01 3.673306033709961560e-01 -1.789999999999999925e-02
-7.840359072876798008e-01 4.333068565046383491e-01 4.444466944298871569e-01 4.312000000000000277e-01
0.000000000000000000e+00 0.000000000000000000e+00 0.000000000000000000e+00 1.000000000000000000e+00
-3.791925506673801127e-01 9.058320951392982989e-01 -1.888947456493055288e-01 -1.527999999999999914e-01
-4.531538688174437945e-01 -3.805589929234187707e-03 8.914241912025236969e-01 -8.500000000000000611e-02
8.067617868331082853e-01 4.236197975789609549e-01 4.119243697634440426e-01 4.265999999999999792e-01
0.000000000000000000e+00 0.000000000000000000e+00 0.000000000000000000e+00 1.000000000000000000e+00
-4.016523178196100829e-01 -9.094447220562640322e-01 -1.076369505055765896e-01 1.049999999999999961e-01
9.094447220562640322e-01 -3.822894733410930890e-01 -1.636002936934851382e-01 9.760000000000000620e-02
1.076369505055765896e-01 -1.636002936934851382e-01 9.806371555214831170e-01 4.929000000000000048e-01
0.000000000000000000e+00 0.000000000000000000e+00 0.000000000000000000e+00 1.000000000000000000e+00
5.696400840680541089e-01 8.206242122419779017e-01 -4.567359089422873969e-02 1.231000000000000011e-01
-8.049549585854497424e-01 5.682618356421103023e-01 1.706634137750565328e-01 3.370000000000000079e-02
1.660050880896037084e-01 -6.045153790345163952e-02 9.842702486072970602e-01 4.647999999999999909e-01
0.000000000000000000e+00 0.000000000000000000e+00 0.000000000000000000e+00 1.000000000000000000e+00
7.637267931915318053e-01 6.345824523153853480e-01 -1.184335111983546573e-01 2.929999999999999966e-02
6.057645570190610673e-01 -6.411012743266124581e-01 4.712095685746359175e-01 2.350000000000000006e-02
2.230934486283269180e-01 -4.316181961759552044e-01 -8.740337784713672065e-01 4.557999999999999829e-01
0.000000000000000000e+00 0.000000000000000000e+00 0.000000000000000000e+00 1.000000000000000000e+00
4.440061672176487395e-02 1.053159873961376225e-01 -9.934470937264365809e-01 -2.218999999999999861e-01
-9.162372011556956242e-01 -3.920475935664955447e-01 -8.251106348300790705e-02 -3.960000000000000325e-02
-3.981682765528968271e-01 9.138967267571846964e-01 7.908727059014963867e-02 4.074999999999999734e-01
0.000000000000000000e+00 0.000000000000000000e+00 0.000000000000000000e+00 1.000000000000000000e+00
-3.170466666693330104e-01 5.614392952545428361e-01 7.643738148955308009e-01 -1.163000000000000006e-01
8.176463930229367350e-01 -2.465673215329156065e-01 5.202489134334303822e-01 -8.840000000000000635e-02
4.805577875036945446e-01 7.899306765129242569e-01 -3.808854672646200257e-01 4.048999999999999821e-01
0.000000000000000000e+00 0.000000000000000000e+00 0.000000000000000000e+00 1.000000000000000000e+00
5.174105383513638579e-02 -6.728183165521336440e-01 7.379961898682012578e-01 2.589999999999999941e-02
-3.731616804059206816e-01 -6.984829771547089727e-01 -6.106323696805826540e-01 -7.270000000000000073e-02
9.263224188287029204e-01 -2.437971360312649605e-01 -2.872102589363649816e-01 4.168000000000000038e-01
0.000000000000000000e+00 0.000000000000000000e+00 0.000000000000000000e+00 1.000000000000000000e+00
8.665785898409373855e-01 4.965953284580461591e-01 4.934194344508135988e-02 -7.820000000000000562e-02
-4.603857445349430200e-01 8.336925680158016050e-01 -3.049617488542196164e-01 6.199999999999999956e-02
-1.925785913810217354e-01 2.415569949077508993e-01 9.510855399767353946e-01 4.819999999999999840e-01
0.000000000000000000e+00 0.000000000000000000e+00 0.000000000000000000e+00 1.000000000000000000e+00
