0.000000000000000000e+00 0.000000000000000000e+00 0.000000000000000000e+00 0.000000000000000000e+00
0.000000000000000000e+00 0.000000000000000000e+00 0.000000000000000000e+00 0.000000000000000000e+00
0.000000000000000000e+00 0.000000000000000000e+00 0.000000000000000000e+00 0.000000000000000000e+00
0.000000000000000000e+00 0.000000000000000000e+00 0.000000000000000000e+00 0.000000000000000000e+00
7.922058282845468868e-01 -6.071307105464197607e-01 6.166219217149580822e-02 9.579999999999999627e-02
6.026825690731046903e-01 7.625053578240451602e-01 -2.352855716466001890e-01 -9.589999999999999913e-02
9.583134438917946529e-02 2.235573295622945711e-01 9.699682849616981795e-01 4.408000000000000251e-01
0.000000000000000000e+00 0.000000000000000000e+00 0.000000000000000000e+00 1.000000000000000000e+00
1.062418822971818999e-01 9.920288526137290841e-01 -6.776000315702462862e-02 5.269999999999999685e-02
-4.982842678741877807e-02 -6.274844643441701564e-02 -9.967847111357385215e-01 5.210000000000000048e-02
-9.930910282193885497e-01 1.092766583125385216e-01 4.276472399305397687e-02 4.568999999999999728e-01
0.000000000000000000e+00 0.000000000000000000e+00 0.000000000000000000e+00 1.000000000000000000e+00
1.419244594685068472e-01 -4.025869890234420323e-01 9.043125367225708366e-01 4.399999999999999745e-02
1.502822078478387724e-01 -8.942071752259703743e-01 -4.216737907183341072e-01 1.405000000000000138e-01
9.784031407395170632e-01 1.957479094228835592e-01 -6.640820843554950947e-02 4.999000000000000110e-01
0.000000000000000000e+00 0.000000000000000000e+00 0.000000000000000000e+00 1.000000000000000000e+00
9.467977433626981743e-01 1.999621231053477777e-01 2.521689562307461996e-01 4.870000000000000023e-02
-1.308800913877585792e-01 9.550655586484952941e-01 -2.659326613294605846e-01 -1.716000000000000025e-01
-2.940143446188199228e-01 2.187805475965342306e-01 9.304249766379482089e-01 4.173000000000000043e-01
0.000000000000000000e+00 0.000000000000000000e+00 0.000000000000000000e+00 1.000000000000000000e+00
-8.814605915496072086e-01 -8.043725931671157070e-02 4.653569306012675377e-01 -1.839999999999999969e-02
-1.654394209446876651e-01 -8.703508186962847226e-01 -4.638094979538405216e-01 -1.456000000000000072e-01
4.423313503952702175e-01 -4.858181755639894295e-01 7.538724538999773683e-01 4.223999999999999977e-01
0.000000000000000000e+00 0.000000000000000000e+00 0.000000000000000000e+00 1.000000000000000000e+00
7.090144274491749776e-02 -9.871125101214568431e-01 1.434638553030213870e-01 2.639999999999999986e-02
-9.644085296594453460e-01 -3.110806175012004182e-02 2.625804189467629834e-01 -6.329999999999999516e-02
-2.547335339856062753e-01 -1.569750962919526649e-01 -9.541853309537602357e-01 4.369999999999999996e-01
0.000000000000000000e+00 0.000000000000000000e+00 0.000000000000000000e+00 1.000000000000000000e+00
-8.332308241472561328e-01 -6.411763090601058090e-02 5.491951593904342843e-01 1.122999999999999970e-01
5.404602487456249271e-01 -3.041579049862341844e-01 7.844684113208140186e-01 1.829999999999999960e-01
1.167437930542831181e-01 9.504614133363780137e-01 2.880867725910256638e-01 4.733999999999999875e-01
0.000000000000000000e+00 0.000000000000000000e+00 0.000000000000000000e+00 1.000000000000000000e+00
9.467447169546349128e-01 -2.639282473026520748e-01 -1.844351408876256926e-01 1.310000000000000053e-02
-3.178061835062006013e-01 -6.739789583588202682e-01 -6.668969886082728449e-01 1.224999999999999978e-01
5.170754919459395749e-02 6.899958289477624573e-01 -7.219640471595374365e-01 4.764999999999999791e-01
0.000000000000000000e+00 0.000000000000000000e+00 0.000000000000000000e+00 1.000000000000000000e+00
-1.451516002915731463e-02 -1.999293884753584327e-01 -9.797027864373955008e-01 -5.530000000000000193e-02
-2.757407435516736616e-01 9.426131371793655678e-01 -1.882751071237104834e-01 -1.600000000000000077e-03
9.611224440594954288e-01 2.674111314824866303e-01 -6.881085876777137678e-02 4.530000000000000138e-01
0.000000000000000000e+00 0.000000000000000000e+00 0.000000000000000000e+00 1.000000000000000000e+00
-9.138865129512645513e-01 4.034265346496314075e-01 4.537039327985476628e-02 1.267000000000000071e-01
-3.963550935527815344e-01 -8.624748719718933199e-01 -3.147057912270327384e-01 -6.899999999999999883e-03
-8.782984265353499520e-02 -3.055881646230048099e-01 9.481043151372102740e-01 4.591999999999999971e-01
0.000000000000000000e+00 0.000000000000000000e+00 0.000000000000000000e+00 1.000000000000000000e+00
