0.000000000000000000e+00 0.000000000000000000e+00 0.000000000000000000e+00 0.000000000000000000e+00
0.000000000000000000e+00 0.000000000000000000e+00 0.000000000000000000e+00 0.000000000000000000e+00
0.000000000000000000e+00 0.000000000000000000e+00 0.000000000000000000e+00 0.000000000000000000e+00
0.000000000000000000e+00 0.000000000000000000e+00 0.000000000000000000e+00 0.000000000000000000e+00
-9.353472733622980595e-01 -3.526896973496055354e-01 -2.711928459894097365e-02 2.100000000000000130e-02
3.105569159372636445e-01 -7.820638204212282396e-01 -5.403060084356721138e-01 6.370000000000000662e-02
1.693513512708122171e-01 -5.137958331590446459e-01 8.410314867180378462e-01 5.059000000000000163e-01
0.000000000000000000e+00 0.000000000000000000e+00 0.000000000000000000e+00 1.000000000000000000e+00
1.784543879342206374e-01 -4.937464682006029171e-01 8.510983824250011320e-01 -8.160000000000000586e-02
7.517237511048833198e-01 6.265282255802830935e-01 2.058489363004464001e-01 -1.839999999999999969e-02
-6.348743446161815296e-01 6.030562226614138988e-01 4.829676581899881027e-01 4.238999999999999990e-01
0.000000000000000000e+00 0.000000000000000000e+00 0.000000000000000000e+00 1.000000000000000000e+00
-3.898338028379986220e-01 9.134628611645401186e-01 -1.166842210324791074e-01 -1.584000000000000130e-01
-5.995349840446808631e-01 -1.555753382773938931e-01 7.850822358367426368e-01 -7.799999999999999989e-02
6.989902782381230972e-01 3.760078661317692306e-01 6.083014676421756306e-01 4.072999999999999954e-01
0.000000000000000000e+00 0.000000000000000000e+00 0.000000000000000000e+00 1.000000000000000000e+00
-3.349584133064618108e-01 -9.374785856354078684e-01 -9.453445313880511069e-02 1.131000000000000061e-01
8.845977879565144475e-01 -2.783312481068207500e-01 -3.741904192650329364e-01 6.859999999999999432e-02
3.244836126796839526e-01 -2.089631972437608898e-01 9.225208763491512531e-01 5.024999999999999467e-01
0.000000000000000000e+00 0.000000000000000000e+00 0.000000000000000000e+00 1.000000000000000000e+00
5.164981046889910443e-01 8.562364405108660037e-01 -9.426865542807260495e-03 1.259000000000000119e-01
-8.553009698842817254e-01 5.153427562655822358e-01 -5.368514207487640882e-02 1.170000000000000033e-02
-4.110910808673697014e-02 3.579108137336464018e-02 9.985134148955827627e-01 4.601000000000000090e-01
0.000000000000000000e+00 0.000000000000000000e+00 0.000000000000000000e+00 1.000000000000000000e+00
8.090221444647158755e-01 5.779464902448984143e-01 -1.070561730089203967e-01 3.139999999999999736e-02
4.912511754524573893e-01 -5.648456976412403741e-01 6.630396824268961486e-01 9.599999999999999159e-03
3.227312386216917295e-01 -5.890052565722855293e-01 -7.408895702788131921e-01 4.527999999999999803e-01
0.000000000000000000e+00 0.000000000000000000e+00 0.000000000000000000e+00 1.000000000000000000e+00
-2.893975795893344305e-02 1.002451933669278317e-01 -9.945417998335240872e-01 -2.245999999999999941e-01
-8.034087648552906691e-01 -5.943065374130154233e-01 -3.652528085926576296e-02 -2.520000000000000018e-02
-5.947241772140884342e-01 7.979665662137600535e-01 9.773695433174800495e-02 4.015000000000000235e-01
0.000000000000000000e+00 0.000000000000000000e+00 0.000000000000000000e+00 1.000000000000000000e+00
-2.476929281987088061e-01 5.620252744273409595e-01 7.891614563732956000e-01 -1.227000000000000035e-01
7.060256856570729100e-01 -4.530872382073223292e-01 5.442790513754144355e-01 -7.860000000000000320e-02
6.634575679821650418e-01 6.919823303224822419e-01 -2.845777749731304151e-01 3.840000000000000080e-01
0.000000000000000000e+00 0.000000000000000000e+00 0.000000000000000000e+00 1.000000000000000000e+00
4.855024525260631663e-02 -7.253089915642469965e-01 6.867093565999858873e-01 2.050000000000000086e-02
-5.753010482875324794e-01 -5.823291407278539111e-01 -5.743879139557385161e-01 -7.489999999999999436e-02
8.164995881965756430e-01 -3.671779386281450175e-01 -4.455432457793608858e-01 3.935000000000000164e-01
0.000000000000000000e+00 0.000000000000000000e+00 0.000000000000000000e+00 1.000000000000000000e+00
8.276422930091219543e-01 5.588958219701538610e-01 5.141687472910880241e-02 -7.240000000000000602e-02
-4.576826894248275934e-01 7.250976008365300762e-01 -5.145483699925255117e-01 4.769999999999999934e-02
-3.248611866989645769e-01 4.023293792968819504e-01 8.559183839193583720e-01 4.912000000000000255e-01
0.000000000000000000e+00 0.000000000000000000e+00 0.000000000000000000e+00 1.000000000000000000e+00
