0.000000000000000000e+00 0.000000000000000000e+00 0.000000000000000000e+00 0.000000000000000000e+00
0.000000000000000000e+00 0.000000000000000000e+00 0.000000000000000000e+00 0.000000000000000000e+00
0.000000000000000000e+00 0.000000000000000000e+00 0.000000000000000000e+00 0.000000000000000000e+00
0.000000000000000000e+00 0.000000000000000000e+00 0.000000000000000000e+00 0.000000000000000000e+00
-3.670264641124352245e-01 -9.300812388953794141e-01 1.550689188583931344e-02 1.044000000000000067e-01
6.593143204553992831e-01 -2.718644894629771436e-01 -7.009952397923039369e-01 5.100000000000000366e-03
6.561982943314909056e-01 -2.470598883345306584e-01 7.129973422759521284e-01 4.666000000000000147e-01
0.000000000000000000e+00 0.000000000000000000e+00 0.000000000000000000e+00 1.000000000000000000e+00
3.024862878662448740e-01 3.064398436896447198e-01 9.025500916028790233e-01 -4.920000000000000068e-02
7.235559719899515851e-01 5.425697454896063476e-01 -4.267139869713905131e-01 1.899999999999999953e-02
-6.204585409602929591e-01 7.821206386989221215e-01 -5.760647073562541465e-02 4.530000000000000138e-01
0.000000000000000000e+00 0.000000000000000000e+00 0.000000000000000000e+00 1.000000000000000000e+00
-3.246575275888676781e-01 6.797439469374992882e-01 6.576820328864956267e-01 -1.439999999999999891e-01
-5.179582572738541391e-01 -7.095881834845338965e-01 4.777068699327555734e-01 1.559999999999999928e-02
7.914017522735941057e-01 -1.855607082896296445e-01 5.824521354045633093e-01 4.802000000000000157e-01
0.000000000000000000e+00 0.000000000000000000e+00 0.000000000000000000e+00 1.000000000000000000e+00
4.497127979100024042e-01 -8.869269158879643511e-01 1.054468836401578902e-01 1.675999999999999990e-01
7.624318153212598093e-01 3.197037755998564101e-01 -5.625719712651214843e-01 -3.620000000000000301e-02
4.652484566141896760e-01 3.333918741371184602e-01 8.199961779651501192e-01 4.134999999999999787e-01
0.000000000000000000e+00 0.000000000000000000e+00 0.000000000000000000e+00 1.000000000000000000e+00
-1.887891652873654458e-01 9.016261326904618789e-01 3.891387515009798181e-01 1.236000000000000015e-01
-9.261379274351907442e-01 -3.170602798219701590e-02 -3.758500594061964240e-01 -7.359999999999999876e-02
-3.265381913898420252e-01 -4.313525757883377443e-01 8.410159124086875604e-01 3.704000000000000070e-01
0.000000000000000000e+00 0.000000000000000000e+00 0.000000000000000000e+00 1.000000000000000000e+00
9.783400112032011320e-01 -2.066589095274260213e-01 1.195481458892186377e-02 5.580000000000000238e-02
-1.243134314260941065e-01 -5.403690296240819535e-01 8.321943778890831256e-01 -2.529999999999999957e-02
-1.655203710906610892e-01 -8.156552010108580886e-01 -5.543551206744161686e-01 4.157000000000000139e-01
0.000000000000000000e+00 0.000000000000000000e+00 0.000000000000000000e+00 1.000000000000000000e+00
-7.605638309934241725e-01 4.972136835799684240e-02 -6.473565049593725806e-01 -1.590000000000000024e-01
-4.237982004780199707e-01 -7.933782976824392819e-01 4.369736399808420990e-01 9.279999999999999361e-02
-4.918716745820985170e-01 6.066948675364931542e-01 6.244866639478213743e-01 5.121999999999999886e-01
0.000000000000000000e+00 0.000000000000000000e+00 0.000000000000000000e+00 1.000000000000000000e+00
5.453596372273012971e-01 3.995074644820731935e-01 7.368694944876000852e-01 -1.305000000000000049e-01
4.618232574083576125e-01 -8.768518206484321453e-01 1.336045041990117643e-01 5.199999999999999761e-03
6.995013545376737030e-01 2.674409662872067606e-01 -6.627014294169923936e-01 4.411999999999999811e-01
0.000000000000000000e+00 0.000000000000000000e+00 0.000000000000000000e+00 1.000000000000000000e+00
3.434802215371823841e-02 -9.963633745724190804e-01 -7.797588848348618873e-02 -2.800000000000000058e-02
-7.585379505910890829e-01 2.481044452421399260e-02 -6.511563708937979644e-01 -6.690000000000000113e-02
6.507229755335199872e-01 8.151360409877778102e-02 -7.549272424940229875e-01 3.709000000000000075e-01
0.000000000000000000e+00 0.000000000000000000e+00 0.000000000000000000e+00 1.000000000000000000e+00
1.391991086908491715e-01 9.861529399747746005e-01 9.014425727012270739e-02 2.570000000000000062e-02
-6.697957881502860644e-01 1.608093958239682486e-01 -7.249234031198520389e-01 4.420000000000000318e-02
-7.293813887917695027e-01 4.053044773795655420e-02 6.829056102349361224e-01 5.050000000000000044e-01
0.000000000000000000e+00 0.000000000000000000e+00 0.000000000000000000e+00 1.000000000000000000e+00
