0.000000000000000000e+00 0.000000000000000000e+00 0.000000000000000000e+00 0.000000000000000000e+00
0.000000000000000000e+00 0.000000000000000000e+00 0.000000000000000000e+00 0.000000000000000000e+00
0.000000000000000000e+00 0.000000000000000000e+00 0.000000000000000000e+00 0.000000000000000000e+00
0.000000000000000000e+00 0.000000000000000000e+00 0.000000000000000000e+00 0.000000000000000000e+00
-3.701248028354870989e-01 -9.286456681775184796e-01 2.499706585025990302e-02 1.053000000000000047e-01
8.831416230507403986e-01 -3.600818660026385842e-01 -3.006691261359599188e-01 4.009999999999999676e-02
2.882160716568314962e-01 -8.920915172328558462e-02 9.534008722921938350e-01 4.686000000000000165e-01
0.000000000000000000e+00 0.000000000000000000e+00 0.000000000000000000e+00 1.000000000000000000e+00
2.927944623383672562e-01 3.050255532180349838e-01 9.062178627173590462e-01 -4.850000000000000144e-02
3.646662294841168106e-01 8.404979128823464318e-01 -4.007265894774852399e-01 4.529999999999999999e-02
-8.839060718751873269e-01 4.477975773990421904e-01 1.348606161105788681e-01 4.514000000000000234e-01
0.000000000000000000e+00 0.000000000000000000e+00 0.000000000000000000e+00 1.000000000000000000e+00
-3.161696949430572445e-01 6.854335237341343534e-01 6.559097564002398517e-01 -1.431000000000000050e-01
-1.040974155043737914e-01 -7.122657268658325602e-01 6.941478678333578012e-01 5.419999999999999818e-02
9.429742584423626006e-01 1.511900091728779483e-01 2.965486959023445612e-01 4.781000000000000250e-01
0.000000000000000000e+00 0.000000000000000000e+00 0.000000000000000000e+00 1.000000000000000000e+00
4.447724629854715728e-01 -8.882862683123270431e-01 1.145642252083868828e-01 1.685999999999999999e-01
8.933179391404214575e-01 4.307614595853139772e-01 -1.281702950992946177e-01 -2.040000000000000147e-02
6.450206027521679375e-02 1.593488953952632570e-01 9.851128939144800922e-01 4.395999999999999908e-01
0.000000000000000000e+00 0.000000000000000000e+00 0.000000000000000000e+00 1.000000000000000000e+00
-1.817136255032429926e-01 8.998442891341233985e-01 3.965607313125836253e-01 1.247999999999999943e-01
-9.745430258826628389e-01 -2.186491848641418656e-01 4.958250358452981343e-02 -7.349999999999999589e-02
1.313242133421357316e-01 -3.774556785517344526e-01 9.166685124509944549e-01 4.183999999999999941e-01
0.000000000000000000e+00 0.000000000000000000e+00 0.000000000000000000e+00 1.000000000000000000e+00
9.786816041758386042e-01 -2.053761590156624739e-01 1.717834619656133377e-03 5.680000000000000326e-02
-1.798961553883694497e-01 -8.531659265676343473e-01 4.896379019443584113e-01 -1.039999999999999952e-02
-9.909435364485102982e-02 -4.795086391838658813e-01 -8.719241790567262562e-01 4.375999999999999890e-01
0.000000000000000000e+00 0.000000000000000000e+00 0.000000000000000000e+00 1.000000000000000000e+00
-7.589691751238474282e-01 5.974892592409897230e-02 -6.483794082655178759e-01 -1.587000000000000077e-01
-6.055492270784351705e-01 -4.307726861738643276e-01 6.691375243036836729e-01 1.373000000000000054e-01
-2.393238909857021146e-01 9.004804043939378388e-01 3.631241062033667699e-01 4.714999999999999747e-01
0.000000000000000000e+00 0.000000000000000000e+00 0.000000000000000000e+00 1.000000000000000000e+00
5.443612169268119416e-01 4.088598680110074324e-01 7.324646570558761560e-01 -1.297000000000000097e-01
7.324646570558761560e-01 -6.572649522648061904e-01 -1.774776286982681084e-01 2.719999999999999848e-02
4.088598680110074324e-01 6.331164117714561668e-01 -6.572649522648061904e-01 4.477999999999999758e-01
0.000000000000000000e+00 0.000000000000000000e+00 0.000000000000000000e+00 1.000000000000000000e+00
4.432095415424219809e-02 -9.961670609925932229e-01 -7.541113721617237475e-02 -2.690000000000000030e-02
-3.799860929673184451e-01 5.300191455449931865e-02 -9.234724501602578073e-01 -6.840000000000000246e-02
9.239297712349623382e-01 6.958436352325420016e-02 -3.761805340242547757e-01 4.172000000000000153e-01
0.000000000000000000e+00 0.000000000000000000e+00 0.000000000000000000e+00 1.000000000000000000e+00
1.419863769810734144e-01 9.848199994791793088e-01 9.984706995008718611e-02 2.639999999999999986e-02
-9.271249170617188451e-01 1.676489121909662261e-01 -3.351614989888999641e-01 9.189999999999999558e-02
-3.468129999222768767e-01 -4.498233950135066550e-02 9.368550219846697447e-01 4.858000000000000096e-01
0.000000000000000000e+00 0.000000000000000000e+00 0.000000000000000000e+00 1.000000000000000000e+00
