0.000000000000000000e+00 0.000000000000000000e+00 0.000000000000000000e+00 0.000000000000000000e+00
0.000000000000000000e+00 0.000000000000000000e+00 0.000000000000000000e+00 0.000000000000000000e+00
0.000000000000000000e+00 0.000000000000000000e+00 0.000000000000000000e+00 0.000000000000000000e+00
0.000000000000000000e+00 0.000000000000000000e+00 0.000000000000000000e+00 0.000000000000000000e+00
4.374946112780911944e-01 -8.978697570329866595e-01 4.927843857264069261e-02 1.222000000000000031e-01
7.562836735425183532e-01 3.377531829200719482e-01 -5.603193665762356002e-01 -5.809999999999999887e-02
4.864498640514409722e-01 2.824051820220125353e-01 8.268094356811903634e-01 4.205999999999999739e-01
0.000000000000000000e+00 0.000000000000000000e+00 0.000000000000000000e+00 1.000000000000000000e+00
2.270023839235417729e-01 9.026285799841203827e-01 3.656932653042428427e-01 1.789999999999999925e-02
3.890359937364319398e-01 2.601915708954023465e-01 -8.837145138632100938e-01 4.499999999999999833e-02
-8.928162819250866633e-01 3.428731442251393702e-01 -2.920908997189592959e-01 4.702000000000000068e-01
0.000000000000000000e+00 0.000000000000000000e+00 0.000000000000000000e+00 1.000000000000000000e+00
-4.669427179779117587e-02 4.789622750708072418e-03 9.988977447642877205e-01 -3.289999999999999869e-02
-2.087886717461908126e-01 -9.779476352512674886e-01 -5.070824086414418841e-03 9.959999999999999409e-02
9.768454000156501227e-01 -2.087953117777309742e-01 4.666457165671544782e-02 5.349000000000000421e-01
0.000000000000000000e+00 0.000000000000000000e+00 0.000000000000000000e+00 1.000000000000000000e+00
9.363746268117725258e-01 -2.584567121757516128e-01 2.374924971328869205e-01 1.155000000000000054e-01
3.461136615950640705e-01 7.924178046838091793e-01 -5.022741841637393678e-01 -1.297999999999999987e-01
-5.837714895720005903e-02 5.525161995375277302e-01 8.314553251547769364e-01 3.628000000000000114e-01
0.000000000000000000e+00 0.000000000000000000e+00 0.000000000000000000e+00 1.000000000000000000e+00
-7.662956783267025340e-01 3.584255973523423622e-01 5.332185523220616119e-01 4.359999999999999987e-02
-6.315992301388445584e-01 -5.723969536999058416e-01 -5.229188654878368370e-01 -1.338000000000000023e-01
1.177851682761348329e-01 -7.374908938811951531e-01 6.650066432574026631e-01 3.578999999999999959e-01
0.000000000000000000e+00 0.000000000000000000e+00 0.000000000000000000e+00 1.000000000000000000e+00
5.088745296621971503e-01 -8.523183446197206692e-01 1.208310907249315891e-01 4.649999999999999967e-02
-6.887683511663074132e-01 -3.189277828997876263e-01 6.510631518725906730e-01 -5.399999999999999939e-02
-5.163766759766788006e-01 -4.145340863177897628e-01 -7.493441264118581024e-01 4.089999999999999747e-01
0.000000000000000000e+00 0.000000000000000000e+00 0.000000000000000000e+00 1.000000000000000000e+00
-9.922795981257883646e-01 -3.146041561895455280e-02 1.199643338347150257e-01 1.280000000000000061e-02
1.110355914990772408e-01 -6.562555610873488376e-01 7.463241493897803114e-01 1.706999999999999906e-01
5.524759328490570082e-02 7.538825377941922312e-01 6.546822302806254434e-01 5.422000000000000153e-01
0.000000000000000000e+00 0.000000000000000000e+00 0.000000000000000000e+00 1.000000000000000000e+00
9.788320738562736878e-01 -2.137843506674678984e-02 2.035454094405552417e-01 -5.020000000000000157e-02
5.113542925371267200e-02 -9.374419918023912945e-01 -3.443656194811029470e-01 8.250000000000000389e-02
1.981740120834841468e-01 3.474844953658538516e-01 -9.165050935019800615e-01 4.998000000000000220e-01
0.000000000000000000e+00 0.000000000000000000e+00 0.000000000000000000e+00 1.000000000000000000e+00
-4.948034043172899743e-04 -6.163275723929838579e-01 -7.874897324268821386e-01 -5.519999999999999907e-02
-6.185518528379100323e-01 6.189539812235091976e-01 -4.840346831357814628e-01 -3.749999999999999861e-02
7.857438262693381414e-01 4.868637310744547975e-01 -3.815368223957964489e-01 4.212000000000000188e-01
0.000000000000000000e+00 0.000000000000000000e+00 0.000000000000000000e+00 1.000000000000000000e+00
-6.363618128740635704e-01 7.680857690955877892e-01 7.132947797702285375e-02 1.093999999999999972e-01
-6.287921022357700895e-01 -4.629384334561066350e-01 -6.247467478867950730e-01 2.089999999999999844e-02
-4.468379295466715639e-01 -4.424163854809687324e-01 7.775626062102001246e-01 4.733999999999999875e-01
0.000000000000000000e+00 0.000000000000000000e+00 0.000000000000000000e+00 1.000000000000000000e+00
