0.000000000000000000e+00 0.000000000000000000e+00 0.000000000000000000e+00 0.000000000000000000e+00
0.000000000000000000e+00 0.000000000000000000e+00 0.000000000000000000e+00 0.000000000000000000e+00
0.000000000000000000e+00 0.000000000000000000e+00 0.000000000000000000e+00 0.000000000000000000e+00
0.000000000000000000e+00 0.000000000000000000e+00 0.000000000000000000e+00 0.000000000000000000e+00
7.439458774497387239e-01 -6.659319815495160499e-01 5.548988534024407171e-02 1.023000000000000020e-01
5.578609127638619603e-01 5.732023043545891872e-01 -6.001919028884508123e-01 -9.339999999999999691e-02
3.678800530550809800e-01 4.774659299176475247e-01 7.979289143351473435e-01 4.007999999999999896e-01
0.000000000000000000e+00 0.000000000000000000e+00 0.000000000000000000e+00 1.000000000000000000e+00
1.333103967747969465e-01 9.910678017296575826e-01 3.598678436642355205e-03 4.839999999999999858e-02
3.581631812477373833e-01 -4.479088696383826118e-02 -9.325839973125708005e-01 3.300000000000000155e-02
-9.240927841457515779e-01 1.256120568247204305e-01 -3.609350876127404018e-01 4.722000000000000086e-01
0.000000000000000000e+00 0.000000000000000000e+00 0.000000000000000000e+00 1.000000000000000000e+00
1.075183600898228509e-01 -3.412052103338030218e-01 9.338194722132646675e-01 3.219999999999999946e-02
-2.462509404869225593e-01 -9.191365506257351825e-01 -3.074873584606870880e-01 9.610000000000000486e-02
9.632238974158091604e-01 -1.968933867474735866e-01 -1.828461585656324662e-01 5.462000000000000188e-01
0.000000000000000000e+00 0.000000000000000000e+00 0.000000000000000000e+00 1.000000000000000000e+00
9.605446718590192612e-01 1.250012349126175815e-01 2.484524595039654671e-01 6.140000000000000319e-02
5.186580997528614928e-02 7.971330348664528165e-01 -6.015719927657917632e-01 -1.559999999999999998e-01
-2.732469050489986784e-01 5.907229604433189563e-01 7.591985991071271700e-01 3.466000000000000192e-01
0.000000000000000000e+00 0.000000000000000000e+00 0.000000000000000000e+00 1.000000000000000000e+00
-8.774745212744756717e-01 -5.667185584688150257e-03 4.795897700344312620e-01 -7.400000000000000328e-03
-3.785108140098386031e-01 -6.059320651717943207e-01 -6.996970030479293667e-01 -1.380000000000000115e-01
2.945641325615515616e-01 -7.954962070331909052e-01 5.295448577826692427e-01 3.583000000000000074e-01
0.000000000000000000e+00 0.000000000000000000e+00 0.000000000000000000e+00 1.000000000000000000e+00
1.465007769393689152e-01 -9.782655470196037761e-01 1.467448188884248328e-01 3.099999999999999978e-02
-7.759330219696052300e-01 -2.163047641058324366e-02 6.304443416411692480e-01 -6.610000000000000597e-02
-6.135678183976710498e-01 -2.062247366459379894e-01 -7.622374237873890124e-01 4.067000000000000060e-01
0.000000000000000000e+00 0.000000000000000000e+00 0.000000000000000000e+00 1.000000000000000000e+00
-8.726545328010242297e-01 -6.446213042319176578e-02 4.840647685208342987e-01 9.790000000000000091e-02
4.001196160645538180e-01 -6.626608372152482662e-01 6.330757519140499667e-01 1.494999999999999940e-01
2.799613530867778866e-01 7.461402338451459393e-01 6.040665461812393389e-01 5.423999999999999932e-01
0.000000000000000000e+00 0.000000000000000000e+00 0.000000000000000000e+00 1.000000000000000000e+00
9.657656135649603790e-01 -2.307997736001217715e-01 -1.184408888924267378e-01 3.200000000000000153e-03
-2.575489518135445910e-01 -9.077280793819999527e-01 -3.312072935809390883e-01 8.730000000000000260e-02
-3.106955222142954859e-02 3.503729418884946045e-01 -9.360948053040150096e-01 5.161999999999999922e-01
0.000000000000000000e+00 0.000000000000000000e+00 0.000000000000000000e+00 1.000000000000000000e+00
-1.730025669290413681e-02 -2.737966573168477691e-01 -9.616319938315696092e-01 -5.550000000000000072e-02
-6.380035007441768879e-01 7.435465123692377443e-01 -2.002251657053079337e-01 -2.060000000000000026e-02
7.698390962769652290e-01 6.100606317290631075e-01 -1.875467713873042452e-01 4.418000000000000260e-01
0.000000000000000000e+00 0.000000000000000000e+00 0.000000000000000000e+00 1.000000000000000000e+00
-8.804139015429606197e-01 4.720363429296107194e-01 4.531062704865009005e-02 1.262999999999999956e-01
-3.792279021376948611e-01 -6.434883887853346529e-01 -6.649126948244388213e-01 -1.779999999999999985e-02
-2.847060944380113146e-01 -6.025814338760309141e-01 7.455454750300352096e-01 4.545000000000000151e-01
0.000000000000000000e+00 0.000000000000000000e+00 0.000000000000000000e+00 1.000000000000000000e+00
