0.000000000000000000e+00 0.000000000000000000e+00 0.000000000000000000e+00 0.000000000000000000e+00
0.000000000000000000e+00 0.000000000000000000e+00 0.000000000000000000e+00 0.000000000000000000e+00
0.000000000000000000e+00 0.000000000000000000e+00 0.000000000000000000e+00 0.000000000000000000e+00
0.000000000000000000e+00 0.000000000000000000e+00 0.000000000000000000e+00 0.000000000000000000e+00
-9.935882552897825626e-01 1.058222607592265163e-01 -3.979985022600564248e-02 -3.309999999999999748e-02
-9.562021128236286582e-02 -9.743734033357425162e-01 -2.036007025190220421e-01 9.500000000000000111e-02
-6.032540214969557557e-02 -1.984895967040320730e-01 9.782447167533020460e-01 4.868000000000000105e-01
0.000000000000000000e+00 0.000000000000000000e+00 0.000000000000000000e+00 1.000000000000000000e+00
4.413911804202053091e-02 -8.271115645674843586e-01 5.603018811472978422e-01 -7.330000000000000404e-02
5.125537050308958120e-01 5.001567664414017234e-01 6.979483565723058058e-01 -4.479999999999999954e-02
-8.575199342974914041e-01 2.563779802198489222e-01 4.460155754464374400e-01 4.335999999999999854e-01
0.000000000000000000e+00 0.000000000000000000e+00 0.000000000000000000e+00 1.000000000000000000e+00
-3.056972190046778337e-01 7.770147165297609515e-01 -5.502702432341597394e-01 -1.155999999999999944e-01
-4.569918027937196481e-01 3.872761069295282965e-01 8.007344810740042451e-01 -1.338999999999999913e-01
8.352889933862126526e-01 4.962512945047941049e-01 2.367001272288713487e-01 4.341999999999999749e-01
0.000000000000000000e+00 0.000000000000000000e+00 0.000000000000000000e+00 1.000000000000000000e+00
-7.092519308385141219e-01 -6.809525193335851379e-01 -1.823879519460725185e-01 4.830000000000000265e-02
6.999869539762560988e-01 -7.109367539048920825e-01 -6.772884326649475373e-02 1.383999999999999952e-01
-8.354617205403311320e-02 -1.757059997849196031e-01 9.808911452218842530e-01 4.909999999999999920e-01
0.000000000000000000e+00 0.000000000000000000e+00 0.000000000000000000e+00 1.000000000000000000e+00
7.881292541128580575e-01 5.649176943321754241e-01 -2.443773259570715950e-01 9.170000000000000373e-02
-5.068144364623519138e-01 8.209067248503202352e-01 2.631563719328665618e-01 8.279999999999999860e-02
3.492726811602341330e-01 -8.354727838738620904e-02 9.332890476530848467e-01 4.758000000000000007e-01
0.000000000000000000e+00 0.000000000000000000e+00 0.000000000000000000e+00 1.000000000000000000e+00
4.581712100195134418e-01 8.759458619716880001e-01 -1.509900301474612072e-01 9.900000000000000813e-03
8.697106065722803869e-01 -4.067096226572264328e-01 2.796260782789976584e-01 3.719999999999999696e-02
1.835282079815820921e-01 -2.594342493440149333e-01 -9.481620468793168222e-01 4.605000000000000204e-01
0.000000000000000000e+00 0.000000000000000000e+00 0.000000000000000000e+00 1.000000000000000000e+00
4.235159760162390263e-01 1.047908254607625711e-01 -8.998072576714774007e-01 -1.927000000000000102e-01
-8.757420603647042556e-01 -2.067526082001569510e-01 -4.362673523318185698e-01 -1.203999999999999931e-01
-2.317543133734413230e-01 9.727652552911645323e-01 4.206700740533753091e-03 4.016000000000000125e-01
0.000000000000000000e+00 0.000000000000000000e+00 0.000000000000000000e+00 1.000000000000000000e+00
-6.522629387552050240e-01 4.923310471376305397e-01 5.763360120197146275e-01 -7.749999999999999944e-02
6.938077820651760153e-01 8.157563257872624263e-02 7.155251062787260086e-01 -1.260999999999999899e-01
3.052602500690608789e-01 8.665769187981786636e-01 -3.947918736930000616e-01 4.166000000000000258e-01
0.000000000000000000e+00 0.000000000000000000e+00 0.000000000000000000e+00 1.000000000000000000e+00
4.689677228955901889e-02 -3.383335305122447956e-01 9.398569651175339157e-01 4.660000000000000253e-02
-2.076698963005602083e-01 -9.236363578178208300e-01 -3.221321044036834502e-01 -5.729999999999999677e-02
9.770741563051066336e-01 -1.800730425359414744e-01 -1.135772531474206204e-01 4.381999999999999784e-01
0.000000000000000000e+00 0.000000000000000000e+00 0.000000000000000000e+00 1.000000000000000000e+00
9.916736133387944463e-01 1.276605289254708064e-01 1.691845034417163718e-02 -1.067000000000000032e-01
-1.239737702540355119e-01 9.819581022496737255e-01 -1.427893193317303078e-01 3.590000000000000135e-02
-3.484176942376476793e-02 1.395029561718613420e-01 9.896084964887543745e-01 4.702000000000000068e-01
0.000000000000000000e+00 0.000000000000000000e+00 0.000000000000000000e+00 1.000000000000000000e+00
