0.000000000000000000e+00 0.000000000000000000e+00 0.000000000000000000e+00 0.000000000000000000e+00
0.000000000000000000e+00 0.000000000000000000e+00 0.000000000000000000e+00 0.000000000000000000e+00
0.000000000000000000e+00 0.000000000000000000e+00 0.000000000000000000e+00 0.000000000000000000e+00
0.000000000000000000e+00 0.000000000000000000e+00 0.000000000000000000e+00 0.000000000000000000e+00
-9.232623952405463186e-01 -3.830789215345821175e-01 -2.893249748278300948e-02 2.390000000000000110e-02
2.856462403700855690e-01 -6.341739890593001139e-01 -7.184911808526602828e-01 3.690000000000000224e-02
2.568905893510408101e-01 -6.716203477237093766e-01 6.949340498395215615e-01 5.134999999999999565e-01
0.000000000000000000e+00 0.000000000000000000e+00 0.000000000000000000e+00 1.000000000000000000e+00
1.895361100917403174e-01 -4.657978186235509632e-01 8.643543573887003673e-01 -8.229999999999999816e-02
8.730957197701452177e-01 4.826890815733284601e-01 6.866669242761669345e-02 -2.160000000000000114e-02
-4.491992064667343909e-01 7.416492720251522952e-01 4.981730926236560553e-01 4.171000000000000263e-01
0.000000000000000000e+00 0.000000000000000000e+00 0.000000000000000000e+00 1.000000000000000000e+00
-3.954291899975035385e-01 9.146182470874880677e-01 -8.431617752560349732e-02 -1.610000000000000042e-01
-7.346159678545759464e-01 -2.598269919017630603e-01 6.267609704284130556e-01 -7.399999999999999634e-02
5.513394013409553818e-01 3.097795932173260658e-01 7.746363457488325555e-01 3.890000000000000124e-01
0.000000000000000000e+00 0.000000000000000000e+00 0.000000000000000000e+00 1.000000000000000000e+00
-3.041067809285071810e-01 -9.483484733312099735e-01 -9.030082460124244648e-02 1.159000000000000030e-01
7.940239431743840726e-01 -1.999583007007514901e-01 -5.740580594736656161e-01 4.009999999999999676e-02
5.263506848661866355e-01 -2.462759653543788174e-01 8.138200694438944005e-01 5.091999999999999860e-01
0.000000000000000000e+00 0.000000000000000000e+00 0.000000000000000000e+00 1.000000000000000000e+00
4.910188204050097704e-01 8.711337185405699790e-01 5.153875216936568138e-03 1.265999999999999903e-01
-8.351381963796865593e-01 4.723967059840996630e-01 -2.817544056852635537e-01 -5.700000000000000205e-03
-2.478804368153258997e-01 1.340425178704542364e-01 9.594727158430260694e-01 4.546000000000000041e-01
0.000000000000000000e+00 0.000000000000000000e+00 0.000000000000000000e+00 1.000000000000000000e+00
8.278824676006585337e-01 5.519218917200041652e-01 -9.996421999723978380e-02 3.189999999999999780e-02
3.841218583178687140e-01 -4.280115083976010482e-01 8.180810147177584035e-01 -3.899999999999999821e-03
4.087309846364375332e-01 -7.156733711124243502e-01 -5.663484864274874742e-01 4.490999999999999992e-01
0.000000000000000000e+00 0.000000000000000000e+00 0.000000000000000000e+00 1.000000000000000000e+00
-6.149484214103173585e-02 9.603096485493844980e-02 -9.934769439594857143e-01 -2.258000000000000007e-01
-6.442000070764513087e-01 -7.641017144073449785e-01 -3.398412750765239521e-02 -1.969999999999999876e-02
-7.623809646579258192e-01 6.379080057726080888e-01 1.088514625462813079e-01 3.968999999999999750e-01
0.000000000000000000e+00 0.000000000000000000e+00 0.000000000000000000e+00 1.000000000000000000e+00
-2.168580343083614803e-01 5.599300795995773017e-01 7.996567381792792917e-01 -1.257999999999999952e-01
5.400819917457838626e-01 -6.135498636615994705e-01 5.760798616448415954e-01 -7.000000000000000666e-02
8.131937254724858066e-01 5.568077502697351688e-01 -1.693549352446974687e-01 3.653000000000000136e-01
0.000000000000000000e+00 0.000000000000000000e+00 0.000000000000000000e+00 1.000000000000000000e+00
4.521153529660448811e-02 -7.474457055070208300e-01 6.627826449110112428e-01 1.760000000000000106e-02
-7.487278767041166683e-01 -4.645721203647661390e-01 -4.728417405707009413e-01 -7.209999999999999742e-02
6.613338670613118087e-01 -4.748659413970399701e-01 -5.806374548535719882e-01 3.720999999999999863e-01
0.000000000000000000e+00 0.000000000000000000e+00 0.000000000000000000e+00 1.000000000000000000e+00
8.089652633490075351e-01 5.856764799619835760e-01 5.057927949280469071e-02 -7.019999999999999851e-02
-3.903452274613480322e-01 5.995066509241809838e-01 -6.987291169658100820e-01 2.699999999999999969e-02
-4.395518241263701720e-01 5.455042037574160396e-01 7.135960745338836286e-01 4.974000000000000088e-01
0.000000000000000000e+00 0.000000000000000000e+00 0.000000000000000000e+00 1.000000000000000000e+00
