0.000000000000000000e+00 0.000000000000000000e+00 0.000000000000000000e+00 0.000000000000000000e+00
0.000000000000000000e+00 0.000000000000000000e+00 0.000000000000000000e+00 0.000000000000000000e+00
0.000000000000000000e+00 0.000000000000000000e+00 0.000000000000000000e+00 0.000000000000000000e+00
0.000000000000000000e+00 0.000000000000000000e+00 0.000000000000000000e+00 0.000000000000000000e+00
7.968420488606727803e-01 -6.010647229116914403e-01 6.135102312607891573e-02 9.579999999999999627e-02
5.680315874717438707e-01 7.106849927807818990e-01 -4.150505471271063729e-01 -9.979999999999999982e-02
2.058709906758491304e-01 3.655790474128289280e-01 9.077274344707627618e-01 4.203999999999999959e-01
0.000000000000000000e+00 0.000000000000000000e+00 0.000000000000000000e+00 1.000000000000000000e+00
1.043509239692701485e-01 9.916895991662248999e-01 -7.525040579486508285e-02 5.399999999999999939e-02
1.381485073954092369e-01 -8.938347231002241600e-02 -9.863699026137324744e-01 4.270000000000000184e-02
-9.848989159153238582e-01 9.253287947176253025e-02 -1.463276858474982234e-01 4.642000000000000015e-01
0.000000000000000000e+00 0.000000000000000000e+00 0.000000000000000000e+00 1.000000000000000000e+00
1.446311741156944830e-01 -4.090493552882867312e-01 9.009774960631106167e-01 4.590000000000000330e-02
-3.843689063484662105e-02 -9.121866726131682146e-01 -4.079682337452770757e-01 1.214999999999999969e-01
9.887388072247597082e-01 2.437415116784974467e-02 -1.476532148062013050e-01 5.231999999999999984e-01
0.000000000000000000e+00 0.000000000000000000e+00 0.000000000000000000e+00 1.000000000000000000e+00
9.453235823200873966e-01 2.076784368979463224e-01 2.514617099224902286e-01 4.819999999999999979e-02
-7.981669626935697370e-02 8.949148563795821243e-01 -4.390406528190266555e-01 -1.693999999999999950e-01
-3.162160965323588813e-01 3.949646397827754618e-01 8.625603246237912858e-01 3.830000000000000071e-01
0.000000000000000000e+00 0.000000000000000000e+00 0.000000000000000000e+00 1.000000000000000000e+00
-8.820626741275332527e-01 -8.768572607728275514e-02 4.629002617770761607e-01 -1.870000000000000134e-02
-2.398069925406438041e-01 -7.621646675232749413e-01 -6.013298811033325197e-01 -1.443000000000000116e-01
4.055342713502738117e-01 -6.414173625818342384e-01 6.512493545017655761e-01 3.931999999999999940e-01
0.000000000000000000e+00 0.000000000000000000e+00 0.000000000000000000e+00 1.000000000000000000e+00
6.318348260094452939e-02 -9.875362556370016476e-01 1.441526667421270669e-01 2.680000000000000090e-02
-8.992632091690005991e-01 6.306989198930912366e-03 4.373624383989952458e-01 -6.650000000000000355e-02
-4.328204340849522436e-01 -1.572652717216842522e-01 -8.876565248725536428e-01 4.228999999999999981e-01
0.000000000000000000e+00 0.000000000000000000e+00 0.000000000000000000e+00 1.000000000000000000e+00
-8.289292063132387423e-01 -6.505865918371883660e-02 5.555571453830114859e-01 1.145999999999999935e-01
5.145801926116957414e-01 -4.780585463059694451e-01 7.118056277352218242e-01 1.678000000000000047e-01
2.192797215718178261e-01 8.759151769258481934e-01 4.297545887344846882e-01 5.050000000000000044e-01
0.000000000000000000e+00 0.000000000000000000e+00 0.000000000000000000e+00 1.000000000000000000e+00
9.443931363544647573e-01 -2.680335753794603759e-01 -1.904720621925445889e-01 1.490000000000000005e-02
-3.285973534784890626e-01 -7.905372816460962682e-01 -5.167925943882450968e-01 1.084999999999999992e-01
-1.205749947171182168e-02 5.506439946071358671e-01 -8.346531063319575505e-01 4.969999999999999973e-01
0.000000000000000000e+00 0.000000000000000000e+00 0.000000000000000000e+00 1.000000000000000000e+00
-1.530577742424132914e-02 -1.924923016980317481e-01 -9.811791105422258408e-01 -5.460000000000000270e-02
-4.525637488207904235e-01 8.763586349141233578e-01 -1.648684210657903881e-01 -8.399999999999999481e-03
8.916006877693130050e-01 4.415226571745194395e-01 -1.005283878854115187e-01 4.505000000000000115e-01
0.000000000000000000e+00 0.000000000000000000e+00 0.000000000000000000e+00 1.000000000000000000e+00
-9.168845006763060024e-01 3.966720237726816811e-01 4.443104742908465798e-02 1.275000000000000022e-01
-3.662401973445566505e-01 -7.917918799065777335e-01 -4.888084867952142143e-01 -1.609999999999999973e-02
-1.587165091242265236e-01 -4.644533609202241009e-01 8.712589427152683808e-01 4.551000000000000045e-01
0.000000000000000000e+00 0.000000000000000000e+00 0.000000000000000000e+00 1.000000000000000000e+00
