9.000000000000000000e+00 1.400000000000000000e+01 1.700000000000000000e+01 1.800000000000000000e+01
7.000000000000000000e+00 2.100000000000000000e+01 2.700000000000000000e+01 6.600000000000000000e+01
6.300000000000000000e+01 6.000000000000000000e+01 0.000000000000000000e+00 0.000000000000000000e+00
0.000000000000000000e+00 0.000000000000000000e+00 0.000000000000000000e+00 0.000000000000000000e+00
-9.418473243713378906e-01 3.339285850524902344e-01 -3.762162104249000549e-02 -2.754400074481964111e-01
-3.170021772384643555e-01 -9.200484752655029297e-01 -2.302620410919189453e-01 -1.562125086784362793e-01
-1.115047931671142578e-01 -2.049455344676971436e-01 9.724011421203613281e-01 3.958916664123535156e-02
0.000000000000000000e+00 0.000000000000000000e+00 0.000000000000000000e+00 1.000000000000000000e+00
-9.373486042022705078e-01 -1.755273342132568359e-01 3.009450137615203857e-01 -1.758877933025360107e-01
3.417108207941055298e-02 8.133241534233093262e-01 5.808065533638000488e-01 -7.631218433380126953e-02
-3.467132747173309326e-01 5.547017455101013184e-01 -7.563703060150146484e-01 3.470772504806518555e-02
0.000000000000000000e+00 0.000000000000000000e+00 0.000000000000000000e+00 1.000000000000000000e+00
1.901596784591674805e-02 -8.722799420356750488e-01 4.886371195316314697e-01 -1.255171000957489014e-01
-2.346026897430419922e-02 -4.889802932739257812e-01 -8.719794154167175293e-01 7.446618378162384033e-02
9.995440244674682617e-01 5.118072032928466797e-03 -2.976250648498535156e-02 1.400619745254516602e-02
0.000000000000000000e+00 0.000000000000000000e+00 0.000000000000000000e+00 1.000000000000000000e+00
-7.675974369049072266e-01 7.572832703590393066e-02 -6.364431381225585938e-01 -7.841526530683040619e-03
6.205892562866210938e-01 -1.603802442550659180e-01 -7.675593495368957520e-01 -8.240497112274169922e-02
-1.601987779140472412e-01 -9.841461777687072754e-01 7.611101865768432617e-02 5.410826206207275391e-02
0.000000000000000000e+00 0.000000000000000000e+00 0.000000000000000000e+00 1.000000000000000000e+00
6.917216181755065918e-01 6.669896245002746582e-01 -2.768503129482269287e-01 -1.896372996270656586e-02
5.509601235389709473e-01 -7.352515459060668945e-01 -3.947764635086059570e-01 -4.423320293426513672e-03
-4.668663442134857178e-01 1.205419749021530151e-01 -8.760740756988525391e-01 3.717517852783203125e-02
0.000000000000000000e+00 0.000000000000000000e+00 0.000000000000000000e+00 1.000000000000000000e+00
6.941556930541992188e-04 -9.575713872909545898e-01 -2.881956696510314941e-01 -1.467145979404449463e-03
-6.750663518905639648e-01 -2.130672931671142578e-01 7.063200473785400391e-01 1.974025070667266846e-01
-7.377567887306213379e-01 1.940608322620391846e-01 -6.465722322463989258e-01 1.831436157226562500e-02
0.000000000000000000e+00 0.000000000000000000e+00 0.000000000000000000e+00 1.000000000000000000e+00
5.964237451553344727e-02 -9.981236457824707031e-01 -1.386383920907974243e-02 1.653109341859817505e-01
-9.879112243652343750e-01 -6.101179122924804688e-02 1.425101608037948608e-01 -1.406819820404052734e-01
-1.430886089801788330e-01 5.196586251258850098e-03 -9.896965026855468750e-01 3.276401758193969727e-02
0.000000000000000000e+00 0.000000000000000000e+00 0.000000000000000000e+00 1.000000000000000000e+00
-2.198660373687744141e-02 9.988655447959899902e-01 4.224218428134918213e-02 1.517315059900283813e-01
8.596150279045104980e-01 4.046130180358886719e-02 -5.093379020690917969e-01 -7.388070225715637207e-02
-5.104691982269287109e-01 2.511343359947204590e-02 -8.595293760299682617e-01 2.929258346557617188e-02
0.000000000000000000e+00 0.000000000000000000e+00 0.000000000000000000e+00 1.000000000000000000e+00
-9.997659921646118164e-01 -9.088907390832901001e-04 -2.162027359008789062e-02 -8.547066897153854370e-02
2.148702368140220642e-02 7.665121555328369141e-02 -9.968264698982238770e-01 1.047372221946716309e-01
2.563228830695152283e-03 -9.970576167106628418e-01 -7.661390304565429688e-02 2.546048164367675781e-02
0.000000000000000000e+00 0.000000000000000000e+00 0.000000000000000000e+00 1.000000000000000000e+00
