9.000000000000000000e+00 1.400000000000000000e+01 1.700000000000000000e+01 1.800000000000000000e+01
7.000000000000000000e+00 2.100000000000000000e+01 2.700000000000000000e+01 6.600000000000000000e+01
6.300000000000000000e+01 6.000000000000000000e+01 0.000000000000000000e+00 0.000000000000000000e+00
0.000000000000000000e+00 0.000000000000000000e+00 0.000000000000000000e+00 0.000000000000000000e+00
-1.489262580871582031e-01 8.078406453132629395e-01 5.702757835388183594e-01 -2.079829275608062744e-01
8.488903641700744629e-01 4.002236127853393555e-01 -3.452625572681427002e-01 -1.595178246498107910e-01
-5.071549415588378906e-01 4.326829612255096436e-01 -7.453719377517700195e-01 3.514862060546875000e-02
0.000000000000000000e+00 0.000000000000000000e+00 0.000000000000000000e+00 1.000000000000000000e+00
8.365050554275512695e-01 3.490108251571655273e-01 -4.224343895912170410e-01 -1.626514047384262085e-01
-3.647887110710144043e-01 -2.205696105957031250e-01 -9.045873880386352539e-01 9.505523741245269775e-02
-4.088869690895080566e-01 9.107911586761474609e-01 -5.719244480133056641e-02 3.541791439056396484e-02
0.000000000000000000e+00 0.000000000000000000e+00 0.000000000000000000e+00 1.000000000000000000e+00
1.227784156799316406e-02 8.189698457717895508e-01 5.737054347991943359e-01 -2.014051079750061035e-01
2.766790986061096191e-02 -5.738072395324707031e-01 8.185230493545532227e-01 1.019096076488494873e-01
9.995418787002563477e-01 5.823493003845214844e-03 -2.970445156097412109e-02 1.403379440307617188e-02
0.000000000000000000e+00 0.000000000000000000e+00 0.000000000000000000e+00 1.000000000000000000e+00
-9.220253229141235352e-01 -3.871299326419830322e-01 3.481575986370444298e-04 -1.248203217983245850e-01
3.871299326419830322e-01 -9.220253229141235352e-01 -5.679903551936149597e-07 -7.890313863754272461e-02
3.212299779988825321e-04 1.342585310339927673e-04 9.999999403953552246e-01 4.906713962554931641e-02
0.000000000000000000e+00 0.000000000000000000e+00 0.000000000000000000e+00 1.000000000000000000e+00
9.151643514633178711e-02 9.823524951934814453e-01 1.631212085485458374e-01 -3.597157448530197144e-02
9.941474199295043945e-01 -9.957420825958251953e-02 4.190726578235626221e-02 -6.643435359001159668e-02
5.741034820675849915e-02 1.583312898874282837e-01 -9.857158660888671875e-01 3.652286529541015625e-02
0.000000000000000000e+00 0.000000000000000000e+00 0.000000000000000000e+00 1.000000000000000000e+00
3.264896869659423828e-01 9.285486936569213867e-01 1.766405999660491943e-01 -4.077022895216941833e-03
9.450955390930175781e-01 -3.179135322570800781e-01 -7.566783577203750610e-02 1.648560464382171631e-01
-1.410485059022903442e-02 1.916470229625701904e-01 -9.813628196716308594e-01 1.789826154708862305e-02
0.000000000000000000e+00 0.000000000000000000e+00 0.000000000000000000e+00 1.000000000000000000e+00
-9.930175542831420898e-01 -2.438994869589805603e-02 -1.154184490442276001e-01 1.120017021894454956e-01
2.470994368195533752e-02 -9.996938705444335938e-01 -1.342312316410243511e-03 -5.111181735992431641e-02
-1.153503656387329102e-01 -4.184922669082880020e-03 9.933160543441772461e-01 3.116500377655029297e-02
0.000000000000000000e+00 0.000000000000000000e+00 0.000000000000000000e+00 1.000000000000000000e+00
-3.065404891967773438e-01 9.495527744293212891e-01 6.620015203952789307e-02 1.172379702329635620e-01
9.477503299713134766e-01 2.980247735977172852e-01 1.138003468513488770e-01 1.043912917375564575e-01
8.833014965057373047e-02 9.762562811374664307e-02 -9.912955760955810547e-01 2.510374784469604492e-02
0.000000000000000000e+00 0.000000000000000000e+00 0.000000000000000000e+00 1.000000000000000000e+00
2.656556963920593262e-01 -1.509410142898559570e-01 -9.521785378456115723e-01 9.936273843050003052e-02
-8.815845251083374023e-01 3.616909384727478027e-01 -3.032960891723632812e-01 1.633526235818862915e-01
3.901742100715637207e-01 9.199981689453125000e-01 -3.698205947875976562e-02 2.940618991851806641e-02
0.000000000000000000e+00 0.000000000000000000e+00 0.000000000000000000e+00 1.000000000000000000e+00
