0.000000000000000000e+00 0.000000000000000000e+00 0.000000000000000000e+00 0.000000000000000000e+00
0.000000000000000000e+00 0.000000000000000000e+00 0.000000000000000000e+00 0.000000000000000000e+00
0.000000000000000000e+00 0.000000000000000000e+00 0.000000000000000000e+00 0.000000000000000000e+00
0.000000000000000000e+00 0.000000000000000000e+00 0.000000000000000000e+00 0.000000000000000000e+00
-4.069117520049563286e-01 -1.995102282858465803e-01 8.914137618915171091e-01 2.829999999999999877e-02
-5.222748442816449455e-01 -7.498071559378112205e-01 -4.062243418790098537e-01 4.120000000000000051e-02
7.494343287512524876e-01 -6.308604423434557296e-01 2.009061700779221082e-01 4.536999999999999922e-01
0.000000000000000000e+00 0.000000000000000000e+00 0.000000000000000000e+00 1.000000000000000000e+00
-5.420971749918261917e-01 8.380006354516971179e-01 -6.233448362209948607e-02 -6.410000000000000420e-02
8.255511899499996531e-01 5.449494679506974304e-01 1.466127898663393547e-01 8.519999999999999796e-02
1.568307547581830885e-01 2.801807207506976788e-02 -9.872279888653761049e-01 4.717000000000000082e-01
0.000000000000000000e+00 0.000000000000000000e+00 0.000000000000000000e+00 1.000000000000000000e+00
2.205169864138809555e-01 8.803212626342414859e-01 -4.200080157056469421e-01 1.969999999999999876e-02
-3.192276274201294450e-01 4.720307013646439787e-01 8.217546707265601658e-01 -3.610000000000000014e-02
9.216647875418997327e-01 -4.713270120900187043e-02 3.851136557979835118e-01 4.464000000000000190e-01
0.000000000000000000e+00 0.000000000000000000e+00 0.000000000000000000e+00 1.000000000000000000e+00
9.741084652381164499e-01 2.187025878193621098e-01 -5.728766038646947167e-02 -1.297999999999999987e-01
2.245301263070043352e-01 -9.062207581236501053e-01 3.582599055523210119e-01 1.799999999999999951e-03
2.643710142965630117e-02 -3.618468123763307620e-01 -9.318626315295013285e-01 4.275999999999999801e-01
0.000000000000000000e+00 0.000000000000000000e+00 0.000000000000000000e+00 1.000000000000000000e+00
7.221337364114737145e-01 4.074060908774623790e-01 -5.590555820778011498e-01 -3.839999999999999664e-02
-3.792018198910043214e-01 9.090634437613653862e-01 1.726546698125399626e-01 -4.880000000000000310e-02
5.785575567977265798e-01 8.731513232350818221e-02 8.109545123738899353e-01 4.153999999999999915e-01
0.000000000000000000e+00 0.000000000000000000e+00 0.000000000000000000e+00 1.000000000000000000e+00
9.262716371725654430e-01 -1.516950345601342232e-03 -3.768534901408028270e-01 -9.799999999999999684e-03
-3.431343201760636563e-01 -4.168629630054079271e-01 -8.417149804961672199e-01 -7.580000000000000626e-02
-1.558194226884627165e-01 9.089680791623000466e-01 -3.866488569452044555e-01 4.099999999999999756e-01
0.000000000000000000e+00 0.000000000000000000e+00 0.000000000000000000e+00 1.000000000000000000e+00
-4.482457243301061212e-01 1.687594620981380800e-02 -8.937510688437255713e-01 3.379999999999999671e-02
-8.259889915621068113e-01 -3.901009656457450347e-01 4.068948542565643534e-01 1.610999999999999932e-01
-3.417864193293703168e-01 9.206174227342106553e-01 1.888004356992514232e-01 4.149999999999999800e-01
0.000000000000000000e+00 0.000000000000000000e+00 0.000000000000000000e+00 1.000000000000000000e+00
2.244647776647380466e-01 9.269686634336860021e-03 9.744381132209580798e-01 9.110000000000000042e-02
9.041330197852071038e-01 -3.750206170699277308e-01 -2.047022699106497146e-01 1.363999999999999935e-01
3.635368566211707453e-01 9.269701234032257098e-01 -9.255994919945953470e-02 4.194999999999999840e-01
0.000000000000000000e+00 0.000000000000000000e+00 0.000000000000000000e+00 1.000000000000000000e+00
4.009543818781436952e-01 1.126175415917169409e-01 -9.091495327934526749e-01 1.154000000000000026e-01
-8.552078378426752892e-01 -3.097581957258801477e-01 -4.155350939127805954e-01 1.469999999999999953e-02
-3.284130596446676598e-01 9.441224229444424854e-01 -2.788750165114928237e-02 4.534000000000000252e-01
0.000000000000000000e+00 0.000000000000000000e+00 0.000000000000000000e+00 1.000000000000000000e+00
