0.000000000000000000e+00 0.000000000000000000e+00 0.000000000000000000e+00 0.000000000000000000e+00
0.000000000000000000e+00 0.000000000000000000e+00 0.000000000000000000e+00 0.000000000000000000e+00
0.000000000000000000e+00 0.000000000000000000e+00 0.000000000000000000e+00 0.000000000000000000e+00
0.000000000000000000e+00 0.000000000000000000e+00 0.000000000000000000e+00 0.000000000000000000e+00
2.976906629087703315e-01 9.457886754370582461e-01 1.298616595918587469e-01 -6.239999999999999714e-02
-5.585734635175984009e-01 6.224585808591009961e-02 8.271161581090669124e-01 -2.299999999999999961e-03
7.741937451768072798e-01 -3.187620343864114303e-01 5.468224669515191483e-01 4.465000000000000080e-01
0.000000000000000000e+00 0.000000000000000000e+00 0.000000000000000000e+00 1.000000000000000000e+00
-7.063798961214551309e-01 -6.725943325736533085e-01 2.205545423364579372e-01 -9.120000000000000329e-02
-6.372585503068340929e-01 7.399198156110473601e-01 2.154534904032557874e-01 -9.959999999999999409e-02
-3.081054728762127604e-01 1.164174625713830513e-02 -9.512809718100170286e-01 4.237000000000000210e-01
0.000000000000000000e+00 0.000000000000000000e+00 0.000000000000000000e+00 1.000000000000000000e+00
-7.011202935316851459e-02 -5.876624413621119869e-01 -8.060627508775620731e-01 1.260000000000000009e-02
-2.978816211401691394e-02 8.089243088126604198e-01 -5.871576687822690488e-01 -1.399999999999999986e-03
9.970942627143380976e-01 -1.715568781138915311e-02 -7.422070895557841830e-02 4.680000000000000271e-01
0.000000000000000000e+00 0.000000000000000000e+00 0.000000000000000000e+00 1.000000000000000000e+00
-4.043894605650393270e-01 9.145655911482150069e-01 6.240486490105931483e-03 1.349999999999999985e-02
8.993207752936064336e-01 3.963887322442815053e-01 1.846567520430221487e-01 -1.416999999999999926e-01
1.664070530633351974e-01 8.028544349686125847e-02 -9.827832620945931019e-01 4.012999999999999901e-01
0.000000000000000000e+00 0.000000000000000000e+00 0.000000000000000000e+00 1.000000000000000000e+00
6.656138516464960020e-03 -9.434132576552911598e-01 -3.315525917562409663e-01 4.639999999999999680e-02
5.532026233515914271e-01 2.796762071315403997e-01 -7.846961683871234161e-01 -4.649999999999999967e-02
8.330201398147385472e-01 -1.781927171484479766e-01 5.237602526140051618e-01 4.315999999999999837e-01
0.000000000000000000e+00 0.000000000000000000e+00 0.000000000000000000e+00 1.000000000000000000e+00
1.886961499552025634e-01 6.711822213671125859e-02 9.797392036911103386e-01 6.740000000000000158e-02
9.587508993101168109e-01 -2.285539443320474540e-01 -1.689964721593487651e-01 -1.529999999999999936e-02
2.125805166616308584e-01 9.712148262807104304e-01 -1.074769051862012326e-01 4.439000000000000168e-01
0.000000000000000000e+00 0.000000000000000000e+00 0.000000000000000000e+00 1.000000000000000000e+00
9.635759480260306375e-01 3.478771116894893711e-02 -2.651626058428337984e-01 -1.600999999999999923e-01
-2.517203607117336484e-01 -2.168928119577389069e-01 -9.431831042402210041e-01 3.099999999999999891e-03
-9.032304461703530296e-02 9.755753806204268130e-01 -2.002359216984264112e-01 3.669000000000000039e-01
0.000000000000000000e+00 0.000000000000000000e+00 0.000000000000000000e+00 1.000000000000000000e+00
-9.993396778419048054e-01 1.998757993559014540e-02 3.034312012889412227e-02 -1.502000000000000002e-01
2.500056448474762688e-02 -2.277398264698888841e-01 9.734010187044747076e-01 5.870000000000000218e-02
2.636626758344990176e-02 9.735168555745624674e-01 2.270897440351161700e-01 3.938999999999999724e-01
0.000000000000000000e+00 0.000000000000000000e+00 0.000000000000000000e+00 1.000000000000000000e+00
8.207912458223923791e-01 -6.595534960036106287e-02 5.674078098162018691e-01 -5.500000000000000028e-02
5.554339073073416566e-01 -1.398156129820136151e-01 -8.197223731116304313e-01 8.309999999999999332e-02
1.333975464340492745e-01 9.879784846976972235e-01 -7.812559362857807166e-02 4.771000000000000241e-01
0.000000000000000000e+00 0.000000000000000000e+00 0.000000000000000000e+00 1.000000000000000000e+00
