0.000000000000000000e+00 0.000000000000000000e+00 0.000000000000000000e+00 0.000000000000000000e+00
0.000000000000000000e+00 0.000000000000000000e+00 0.000000000000000000e+00 0.000000000000000000e+00
0.000000000000000000e+00 0.000000000000000000e+00 0.000000000000000000e+00 0.000000000000000000e+00
0.000000000000000000e+00 0.000000000000000000e+00 0.000000000000000000e+00 0.000000000000000000e+00
1.813852438682590495e-01 9.069868623649576245e-01 3.800976516689122953e-01 -5.840000000000000052e-02
-8.893553432574149431e-01 -1.366438130605218682e-02 4.570124266395923507e-01 -3.700000000000000164e-03
4.196980661455781414e-01 -4.209371879281901818e-01 8.041550951730452867e-01 4.424000000000000155e-01
0.000000000000000000e+00 0.000000000000000000e+00 0.000000000000000000e+00 1.000000000000000000e+00
-8.691399133045172309e-01 -4.459991776166106203e-01 2.137300743141281045e-01 -1.136999999999999955e-01
-2.686031039272506749e-01 7.885481812938142099e-01 5.532125616242499211e-01 -7.259999999999999787e-02
-4.152688089197915100e-01 4.234105564856938675e-01 -8.051554613829632334e-01 3.874000000000000221e-01
0.000000000000000000e+00 0.000000000000000000e+00 0.000000000000000000e+00 1.000000000000000000e+00
-1.662773930706551440e-02 -3.476874684500794732e-01 -9.374630353076921496e-01 1.519999999999999997e-02
-4.437383808646303551e-01 8.427672257891052343e-01 -3.046960001105553650e-01 -2.869999999999999982e-02
8.960021024714018845e-01 4.109219237501332000e-01 -1.682955880239205282e-01 4.494000000000000217e-01
0.000000000000000000e+00 0.000000000000000000e+00 0.000000000000000000e+00 1.000000000000000000e+00
-1.362879278122737237e-01 9.906663940623027242e-01 -2.386714945534273991e-03 -2.570000000000000062e-02
8.018762178040600430e-01 1.117297734968951683e-01 5.869505848319673813e-01 -1.224999999999999978e-01
5.817388864885109090e-01 7.808042898144945676e-02 -8.096192404810924614e-01 3.326000000000000068e-01
0.000000000000000000e+00 0.000000000000000000e+00 0.000000000000000000e+00 1.000000000000000000e+00
2.049111623658625980e-01 -8.418851470320061203e-01 -4.992402375057209962e-01 3.339999999999999913e-02
1.203037769913945509e-01 5.278593998613830829e-01 -8.407683719191543226e-01 -5.970000000000000306e-02
9.713590565694418810e-01 1.122223381723888025e-01 2.094462461722484958e-01 3.926000000000000045e-01
0.000000000000000000e+00 0.000000000000000000e+00 0.000000000000000000e+00 1.000000000000000000e+00
4.526169112141028572e-01 6.044595869446683922e-02 8.896539876606587294e-01 6.260000000000000286e-02
7.042296526247875388e-01 -6.362407297783012616e-01 -3.150529005344105404e-01 -4.220000000000000140e-02
5.469904277471185905e-01 7.691189893954517576e-01 -3.305411503948378904e-01 4.128000000000000003e-01
0.000000000000000000e+00 0.000000000000000000e+00 0.000000000000000000e+00 1.000000000000000000e+00
8.529332496999373348e-01 3.274154455615840842e-02 -5.209921907441430466e-01 -1.554999999999999993e-01
-3.910734933051199791e-01 -6.210141157605868489e-01 -6.792665094498822054e-01 5.709999999999999798e-02
-3.457837393378044855e-01 7.831152273364205829e-01 -5.168792376594282256e-01 3.895000000000000129e-01
0.000000000000000000e+00 0.000000000000000000e+00 0.000000000000000000e+00 1.000000000000000000e+00
-9.521179240927046816e-01 1.572952214410977545e-02 3.053261219655409864e-01 -1.292999999999999983e-01
2.287044757773019354e-01 -6.261107667420993117e-01 7.454391796310748664e-01 9.160000000000000087e-02
2.028933744133306349e-01 7.795754549129534361e-01 5.925338713663832468e-01 4.345999999999999863e-01
0.000000000000000000e+00 0.000000000000000000e+00 0.000000000000000000e+00 1.000000000000000000e+00
9.465846248206100100e-01 -4.259200249816298689e-02 3.196302072339555211e-01 -2.639999999999999986e-02
2.480773880067575488e-01 -5.370529537702837253e-01 -8.062454554329955281e-01 5.600000000000000117e-02
2.059979553611384073e-01 8.424725788830221829e-01 -4.977999560237229559e-01 5.030999999999999917e-01
0.000000000000000000e+00 0.000000000000000000e+00 0.000000000000000000e+00 1.000000000000000000e+00
