0.000000000000000000e+00 0.000000000000000000e+00 0.000000000000000000e+00 0.000000000000000000e+00
0.000000000000000000e+00 0.000000000000000000e+00 0.000000000000000000e+00 0.000000000000000000e+00
0.000000000000000000e+00 0.000000000000000000e+00 0.000000000000000000e+00 0.000000000000000000e+00
0.000000000000000000e+00 0.000000000000000000e+00 0.000000000000000000e+00 0.000000000000000000e+00
1.348841019095728955e-01 8.688158315990914815e-01 4.764087843594267957e-01 -5.349999999999999895e-02
-7.502874943605248870e-01 -2.244929726950373183e-01 6.218292217456092841e-01 1.510000000000000057e-02
6.472054966224042305e-01 -4.413184292246631335e-01 6.215811203442580535e-01 4.475999999999999979e-01
0.000000000000000000e+00 0.000000000000000000e+00 0.000000000000000000e+00 1.000000000000000000e+00
-9.172477503024607515e-01 -3.442282308822646741e-01 2.004083072847565872e-01 -1.184000000000000052e-01
-2.827743195507749774e-01 9.170990112915748949e-01 2.810126112661351372e-01 -6.029999999999999943e-02
-2.805267344972156573e-01 2.010878627657126383e-01 -9.385459086697076625e-01 4.171000000000000263e-01
0.000000000000000000e+00 0.000000000000000000e+00 0.000000000000000000e+00 1.000000000000000000e+00
1.170248561834907886e-02 -2.427156469660224358e-01 -9.700268896006014607e-01 1.789999999999999925e-02
-1.714675801282408707e-01 9.552369242875993205e-01 -2.410835694163595000e-01 -1.430000000000000021e-02
9.851202570221149202e-01 1.691494404230545756e-01 -3.043921827593276674e-02 4.578999999999999737e-01
0.000000000000000000e+00 0.000000000000000000e+00 0.000000000000000000e+00 1.000000000000000000e+00
-2.348862092339176755e-02 9.996528968343769694e-01 -1.193191257744408151e-02 -3.939999999999999752e-02
9.422248785896449874e-01 2.612542093721614833e-02 3.339606871288628431e-01 -1.323000000000000009e-01
3.341564945558385125e-01 -3.398268896339234901e-03 -9.425114794604159130e-01 3.748000000000000220e-01
0.000000000000000000e+00 0.000000000000000000e+00 0.000000000000000000e+00 1.000000000000000000e+00
2.856615846163057526e-01 -7.827702711283495152e-01 -5.528726451111061202e-01 2.910000000000000087e-02
3.651074127145634840e-01 6.222975277085251999e-01 -6.924177670949343000e-01 -6.169999999999999790e-02
8.860553234733024031e-01 -4.060744452350106837e-03 4.635617263095759277e-01 4.117000000000000104e-01
0.000000000000000000e+00 0.000000000000000000e+00 0.000000000000000000e+00 1.000000000000000000e+00
5.504426761066902873e-01 6.209003522508799167e-02 8.325609214023034221e-01 6.119999999999999746e-02
7.784885462213655405e-01 -3.984358360895901008e-01 -4.849788324470810652e-01 -4.240000000000000019e-02
3.016097540243850572e-01 9.150921877304692975e-01 -2.676524691311727988e-01 4.245999999999999774e-01
0.000000000000000000e+00 0.000000000000000000e+00 0.000000000000000000e+00 1.000000000000000000e+00
7.883553551670320347e-01 3.683239366632318212e-02 -6.141166084354596766e-01 -1.487999999999999878e-01
-5.581410556931251099e-01 -3.770794910344370532e-01 -7.391140773865515490e-01 6.840000000000000246e-02
-2.587941188072607201e-01 9.254482331378771631e-01 -2.767149649960307656e-01 3.841999999999999860e-01
0.000000000000000000e+00 0.000000000000000000e+00 0.000000000000000000e+00 1.000000000000000000e+00
-9.113965826809544701e-01 1.926004119537588766e-02 4.110782405949388041e-01 -1.164000000000000035e-01
3.733461986135024890e-01 -3.815055757713863294e-01 8.456158179907647954e-01 1.112999999999999962e-01
1.731152363552241891e-01 9.241658652365901672e-01 3.405122148663383141e-01 4.162000000000000144e-01
0.000000000000000000e+00 0.000000000000000000e+00 0.000000000000000000e+00 1.000000000000000000e+00
9.770233309676754629e-01 -2.610113344164170790e-02 2.115281106091802532e-01 -1.220000000000000077e-02
1.966130657795213121e-01 -2.727321311647417090e-01 -9.417857967686259490e-01 8.580000000000000127e-02
8.227218916259375348e-02 9.617358865423498715e-01 -2.613338313862074713e-01 4.873000000000000109e-01
0.000000000000000000e+00 0.000000000000000000e+00 0.000000000000000000e+00 1.000000000000000000e+00
