0.000000000000000000e+00 0.000000000000000000e+00 0.000000000000000000e+00 0.000000000000000000e+00
0.000000000000000000e+00 0.000000000000000000e+00 0.000000000000000000e+00 0.000000000000000000e+00
0.000000000000000000e+00 0.000000000000000000e+00 0.000000000000000000e+00 0.000000000000000000e+00
0.000000000000000000e+00 0.000000000000000000e+00 0.000000000000000000e+00 0.000000000000000000e+00
-1.381066023213950444e-01 5.004288481434567837e-01 8.546914848885841520e-01 -2.210000000000000159e-02
-5.917191573014229933e-01 -7.337077680779398037e-01 3.339780680592388529e-01 4.850000000000000144e-02
7.942260416768854858e-01 -4.596127489614498240e-01 3.974432232588265279e-01 4.519000000000000239e-01
0.000000000000000000e+00 0.000000000000000000e+00 0.000000000000000000e+00 1.000000000000000000e+00
-9.650773555053309138e-01 2.403687246402780586e-01 1.041564885431676690e-01 -1.217000000000000026e-01
2.393916447851907880e-01 9.706744838121946772e-01 -2.197013616185404528e-02 1.870000000000000134e-02
-1.063829793617281638e-01 3.731312200224648143e-03 -9.943182282405298444e-01 4.475999999999999979e-01
0.000000000000000000e+00 0.000000000000000000e+00 0.000000000000000000e+00 1.000000000000000000e+00
1.378869127918165294e-01 3.367650630096054032e-01 -9.314378624561481246e-01 2.369999999999999885e-02
-2.410466315538040138e-04 9.404321636322049427e-01 3.399813046368448388e-01 -1.389999999999999916e-02
9.904479497567064694e-01 -4.665445254406189179e-02 1.297544638174367160e-01 4.616999999999999993e-01
0.000000000000000000e+00 0.000000000000000000e+00 0.000000000000000000e+00 1.000000000000000000e+00
5.469702648751880725e-01 8.360251402035736579e-01 -4.342227872833875901e-02 -1.035999999999999976e-01
8.319464907887454963e-01 -5.370620702906157007e-01 1.393892718951128540e-01 -9.059999999999999998e-02
9.321247666840798418e-02 -1.123667993793217024e-01 -9.892851644448070747e-01 4.164999999999999813e-01
0.000000000000000000e+00 0.000000000000000000e+00 0.000000000000000000e+00 1.000000000000000000e+00
6.219623501916702324e-01 -3.204272377570341890e-01 -7.144852834365807981e-01 -2.099999999999999870e-03
2.703429353053459216e-01 9.442069992445270010e-01 -1.881165593671522696e-01 -6.560000000000000553e-02
7.348996749724029387e-01 -7.615463138275239963e-02 6.738864443245713431e-01 4.275999999999999801e-01
0.000000000000000000e+00 0.000000000000000000e+00 0.000000000000000000e+00 1.000000000000000000e+00
9.268254495739446375e-01 4.525315857566403199e-02 3.727556004421410663e-01 3.729999999999999982e-02
3.730484744122294360e-01 -2.240491871462269025e-01 -9.003537068718178160e-01 -6.590000000000000024e-02
4.277174021200810805e-02 9.735266372205954033e-01 -2.245361103724647922e-01 4.320999999999999841e-01
0.000000000000000000e+00 0.000000000000000000e+00 0.000000000000000000e+00 1.000000000000000000e+00
3.000057792151601399e-01 3.809553829689077409e-02 -9.531764067576236066e-01 -8.669999999999999929e-02
-9.340608950871240879e-01 -1.911792276026436088e-01 -3.016301496904729151e-01 1.355999999999999983e-01
-1.937182921320160234e-01 9.808155957646302880e-01 -2.177132054626396140e-02 3.874000000000000221e-01
0.000000000000000000e+00 0.000000000000000000e+00 0.000000000000000000e+00 1.000000000000000000e+00
-5.169395152444982156e-01 2.118706248422480565e-02 8.557596893766803436e-01 -3.059999999999999873e-02
8.391751101274560476e-01 -1.848135612799501892e-01 5.114969033235627904e-01 1.575000000000000011e-01
1.689931126447321019e-01 9.825451928284578695e-01 7.775777728519028820e-02 4.043999999999999817e-01
0.000000000000000000e+00 0.000000000000000000e+00 0.000000000000000000e+00 1.000000000000000000e+00
9.253887695851379380e-01 4.862084710590117154e-02 -3.758878002175769506e-01 5.770000000000000129e-02
-3.725818439098913526e-01 -6.531295828346261878e-02 -9.256981079536502621e-01 8.899999999999999578e-02
-6.955857038790960734e-02 9.966796028348162695e-01 -4.232463323672153166e-02 4.685000000000000275e-01
0.000000000000000000e+00 0.000000000000000000e+00 0.000000000000000000e+00 1.000000000000000000e+00
