0.000000000000000000e+00 0.000000000000000000e+00 0.000000000000000000e+00 0.000000000000000000e+00
0.000000000000000000e+00 0.000000000000000000e+00 0.000000000000000000e+00 0.000000000000000000e+00
0.000000000000000000e+00 0.000000000000000000e+00 0.000000000000000000e+00 0.000000000000000000e+00
0.000000000000000000e+00 0.000000000000000000e+00 0.000000000000000000e+00 0.000000000000000000e+00
-4.312852226312431370e-01 -8.221185832380810687e-01 3.716370431409246056e-01 6.729999999999999871e-02
-2.208437111393182772e-01 -3.031876062235507874e-01 -9.269872332899987688e-01 1.899999999999999996e-03
8.747691764060576691e-01 -4.818695990898819170e-01 -5.079938466973854538e-02 4.485000000000000098e-01
0.000000000000000000e+00 0.000000000000000000e+00 0.000000000000000000e+00 1.000000000000000000e+00
2.490174220379018921e-01 9.461196342855414665e-01 -2.069974906635118905e-01 4.070000000000000007e-02
9.350198267562040977e-01 -1.791442136393353035e-01 3.060151536972348651e-01 9.329999999999999405e-02
2.524445426116311286e-01 -2.697498625373835335e-01 -9.292506467937844405e-01 4.904999999999999916e-01
0.000000000000000000e+00 0.000000000000000000e+00 0.000000000000000000e+00 1.000000000000000000e+00
1.762373771120779864e-01 9.038672743441973356e-01 3.898260346337152349e-01 6.300000000000000044e-03
-5.265873186188290145e-01 -2.480204554173521814e-01 8.131369193219557534e-01 -4.649999999999999967e-02
8.316526815795683980e-01 -3.485825641998755997e-01 4.322545698513231560e-01 4.501000000000000001e-01
0.000000000000000000e+00 0.000000000000000000e+00 0.000000000000000000e+00 1.000000000000000000e+00
8.156710523712885630e-01 -5.769676269596072382e-01 -4.229765672131483023e-02 -7.290000000000000646e-02
-5.012960053288765261e-01 -7.413983368143302055e-01 4.461287047593510136e-01 8.459999999999999465e-02
-2.887612324478922021e-01 -3.426906237549324774e-01 -8.939687282146002723e-01 4.749999999999999778e-01
0.000000000000000000e+00 0.000000000000000000e+00 0.000000000000000000e+00 1.000000000000000000e+00
3.786003751350539570e-01 9.248234299330280184e-01 -3.692396775139647480e-02 -4.989999999999999991e-02
-8.537120978600107879e-01 3.643437991849044488e-01 3.720608148716677555e-01 -1.140000000000000041e-02
3.575435776448178116e-01 -1.093399261131073052e-01 9.274736495677515791e-01 4.394000000000000128e-01
0.000000000000000000e+00 0.000000000000000000e+00 0.000000000000000000e+00 1.000000000000000000e+00
3.423929437593664638e-01 -4.372057229658121713e-02 -9.385390687775627683e-01 -5.070000000000000201e-02
-8.478514961236568448e-01 -4.448203467462013005e-01 -2.885874211421312618e-01 -4.929999999999999660e-02
-4.048640667985639041e-01 8.945520502903385740e-01 -1.893719005995329052e-01 4.274999999999999911e-01
0.000000000000000000e+00 0.000000000000000000e+00 0.000000000000000000e+00 1.000000000000000000e+00
-9.634913883176772220e-01 -9.645203396071222457e-03 -2.675655334476466085e-01 1.433999999999999997e-01
-2.362063179929062284e-01 -4.399009750878395408e-01 8.664258234015201898e-01 9.080000000000000571e-02
-1.260591923578337492e-01 8.979944889408936204e-01 4.215625432292035013e-01 4.012000000000000011e-01
0.000000000000000000e+00 0.000000000000000000e+00 0.000000000000000000e+00 1.000000000000000000e+00
8.731823302795609365e-01 -2.623301867630573048e-03 4.873866395120683981e-01 1.660999999999999976e-01
4.403112027037481280e-01 -4.245480320156105325e-01 -7.911289485824993806e-01 3.359999999999999792e-02
2.089944086839035375e-01 9.054016163001826767e-01 -3.695527707106009974e-01 3.897999999999999798e-01
0.000000000000000000e+00 0.000000000000000000e+00 0.000000000000000000e+00 1.000000000000000000e+00
-4.104957620840448129e-01 1.164428158749917785e-01 -9.043972025289231942e-01 1.074999999999999983e-01
-8.333694520914902704e-01 -4.504783222694321854e-01 3.202571427557036610e-01 -7.589999999999999525e-02
-3.701196909538436719e-01 8.851612010229663596e-01 2.819593278680645465e-01 4.237000000000000210e-01
0.000000000000000000e+00 0.000000000000000000e+00 0.000000000000000000e+00 1.000000000000000000e+00
