0.000000000000000000e+00 0.000000000000000000e+00 0.000000000000000000e+00 0.000000000000000000e+00
0.000000000000000000e+00 0.000000000000000000e+00 0.000000000000000000e+00 0.000000000000000000e+00
0.000000000000000000e+00 0.000000000000000000e+00 0.000000000000000000e+00 0.000000000000000000e+00
0.000000000000000000e+00 0.000000000000000000e+00 0.000000000000000000e+00 0.000000000000000000e+00
-4.654786187913422246e-01 -6.543635965752960804e-01 5.959345089228743619e-01 5.829999999999999766e-02
-5.290423142052900207e-01 -3.340813934037849542e-01 -7.800665691860512174e-01 5.300000000000000024e-03
7.095377968990906892e-01 -6.783788809053746816e-01 -1.906782858984104045e-01 4.516000000000000014e-01
0.000000000000000000e+00 0.000000000000000000e+00 0.000000000000000000e+00 1.000000000000000000e+00
-2.693662844533761813e-02 9.863964420905471098e-01 -1.621618854080926209e-01 4.700000000000000185e-03
8.668704026883897740e-01 1.038333017786396972e-01 4.876006053981215560e-01 7.459999999999999964e-02
4.978053063104757037e-01 -1.274390225670909149e-01 -8.578748000356914982e-01 5.074999999999999512e-01
0.000000000000000000e+00 0.000000000000000000e+00 0.000000000000000000e+00 1.000000000000000000e+00
1.999124653156462150e-01 9.727836790613036966e-01 1.171619390560559859e-01 1.179999999999999973e-02
-6.761725371267669482e-01 5.043209200565712536e-02 7.350151727219538245e-01 -5.369999999999999774e-02
7.091020421963056819e-01 -2.261603808094763135e-01 6.678516121902688951e-01 4.310999999999999832e-01
0.000000000000000000e+00 0.000000000000000000e+00 0.000000000000000000e+00 1.000000000000000000e+00
9.444751291344736233e-01 -3.256469459935886768e-01 -4.382689826428597113e-02 -1.004000000000000031e-01
-2.221377072282931797e-01 -7.310882041207518167e-01 6.451084225328720390e-01 4.639999999999999680e-02
-2.421189159767911381e-01 -5.995532539821146756e-01 -7.628330919445491798e-01 4.702000000000000068e-01
0.000000000000000000e+00 0.000000000000000000e+00 0.000000000000000000e+00 1.000000000000000000e+00
5.344779114441650103e-01 8.097230896056555327e-01 -2.422434319806311964e-01 -4.970000000000000112e-02
-8.165562842909805941e-01 5.686738065990691871e-01 9.922669133369141359e-02 -2.980000000000000010e-02
2.181036376661115717e-01 1.447709219684528703e-01 9.651280657970804366e-01 4.184999999999999831e-01
0.000000000000000000e+00 0.000000000000000000e+00 0.000000000000000000e+00 1.000000000000000000e+00
5.913106943665482618e-01 -3.932251600142216974e-02 -8.054845761794998671e-01 -3.960000000000000325e-02
-6.188546256211455709e-01 -6.625470845138994314e-01 -4.219600847822501111e-01 -6.250000000000000000e-02
-5.170789253828299570e-01 7.479873665627313484e-01 -4.161060975129877715e-01 3.983999999999999764e-01
0.000000000000000000e+00 0.000000000000000000e+00 0.000000000000000000e+00 1.000000000000000000e+00
-8.502308255877619736e-01 -8.323597555474238074e-03 -5.263442418646627763e-01 1.147999999999999993e-01
-3.947710267651037830e-01 -6.513518095806452024e-01 6.479943337582853014e-01 1.175999999999999962e-01
-3.482289184533325921e-01 7.587302141603119443e-01 5.505134716544810569e-01 4.400000000000000022e-01
0.000000000000000000e+00 0.000000000000000000e+00 0.000000000000000000e+00 1.000000000000000000e+00
7.021000925367704149e-01 -6.407400925831641114e-03 7.120494401888355362e-01 1.524000000000000077e-01
5.456451373540003313e-01 -6.376501407749592953e-01 -5.437588454927505532e-01 7.159999999999999698e-02
4.575225067051812977e-01 7.702994503328238762e-01 -4.441980556859259632e-01 4.203000000000000069e-01
0.000000000000000000e+00 0.000000000000000000e+00 0.000000000000000000e+00 1.000000000000000000e+00
-1.393591713488369077e-01 1.170374953363954029e-01 -9.833011980295501830e-01 1.194000000000000061e-01
-7.748033646489512760e-01 -6.312506563994484399e-01 3.467498989083600547e-02 -5.279999999999999971e-02
-6.166512527268793731e-01 7.666973545543565027e-01 1.786516135659617088e-01 4.174999999999999822e-01
0.000000000000000000e+00 0.000000000000000000e+00 0.000000000000000000e+00 1.000000000000000000e+00
