0.000000000000000000e+00 0.000000000000000000e+00 0.000000000000000000e+00 0.000000000000000000e+00
0.000000000000000000e+00 0.000000000000000000e+00 0.000000000000000000e+00 0.000000000000000000e+00
0.000000000000000000e+00 0.000000000000000000e+00 0.000000000000000000e+00 0.000000000000000000e+00
0.000000000000000000e+00 0.000000000000000000e+00 0.000000000000000000e+00 0.000000000000000000e+00
-6.578177045866562267e-02 6.268750699107256130e-01 7.763378165462160307e-01 -3.289999999999999869e-02
-7.463190784217895724e-01 -5.473359486136240015e-01 3.787231080075186829e-01 3.570000000000000256e-02
6.623296700729734976e-01 -5.544826472304131837e-01 5.038535521968452446e-01 4.514000000000000234e-01
0.000000000000000000e+00 0.000000000000000000e+00 0.000000000000000000e+00 1.000000000000000000e+00
-9.871817216446712173e-01 7.998148364466942106e-02 1.381130360417172909e-01 -1.260999999999999899e-01
1.049521651154609603e-01 9.772647882609331038e-01 1.842242564454817655e-01 -7.599999999999999985e-03
-1.202384775695377883e-01 1.963580808098080166e-01 -9.731321660557978870e-01 4.358000000000000207e-01
0.000000000000000000e+00 0.000000000000000000e+00 0.000000000000000000e+00 1.000000000000000000e+00
1.043699510190193580e-01 1.816155909197923746e-01 -9.778152639732834439e-01 2.199999999999999872e-02
-1.679135354124805801e-01 9.722883910791009221e-01 1.626663124254522086e-01 -1.969999999999999876e-02
9.802611682350622635e-01 1.472109428937530828e-01 1.319734077106560211e-01 4.525000000000000133e-01
0.000000000000000000e+00 0.000000000000000000e+00 0.000000000000000000e+00 1.000000000000000000e+00
4.018238826787682294e-01 9.150855522978634804e-01 -3.399998948049211267e-02 -8.970000000000000195e-02
8.726672966238638862e-01 -3.714188050283004916e-01 3.170171299386614350e-01 -1.048000000000000043e-01
2.774695599739844254e-01 -1.570557329328133300e-01 -9.478101814397119629e-01 3.862999999999999767e-01
0.000000000000000000e+00 0.000000000000000000e+00 0.000000000000000000e+00 1.000000000000000000e+00
5.462886872679042494e-01 -4.661603235246470911e-01 -6.958902377059953404e-01 6.000000000000000125e-03
2.170536330500590916e-01 8.812239091716210782e-01 -4.199192092344155580e-01 -6.729999999999999871e-02
8.089847900565748651e-01 7.835160927308987278e-02 5.825844443352712343e-01 4.079999999999999738e-01
0.000000000000000000e+00 0.000000000000000000e+00 0.000000000000000000e+00 1.000000000000000000e+00
8.524928674343097423e-01 4.973128664146928002e-02 5.203678603666952451e-01 4.479999999999999954e-02
4.951253109325433055e-01 -3.960802844222131025e-01 -7.732860626999369380e-01 -6.250000000000000000e-02
1.676509392982354352e-01 9.168681516014189903e-01 -3.622788361627224951e-01 4.147000000000000131e-01
0.000000000000000000e+00 0.000000000000000000e+00 0.000000000000000000e+00 1.000000000000000000e+00
4.532859342411647008e-01 3.701571641529649570e-02 -8.905962601299070025e-01 -1.087000000000000050e-01
-8.229257822949733736e-01 -3.665630117779090646e-01 -4.340791577932704426e-01 1.226000000000000006e-01
-3.425273983980271497e-01 9.296566006513217184e-01 -1.356966698637378510e-01 4.002000000000000002e-01
0.000000000000000000e+00 0.000000000000000000e+00 0.000000000000000000e+00 1.000000000000000000e+00
-6.509586045799933274e-01 1.928226787370052042e-02 7.588682950742605682e-01 -5.729999999999999677e-02
7.025406000769054415e-01 -3.633827903940289872e-01 6.118738864251611620e-01 1.491000000000000103e-01
2.875579947886163223e-01 9.314403586870692031e-01 2.230005781204479343e-01 4.243999999999999995e-01
0.000000000000000000e+00 0.000000000000000000e+00 0.000000000000000000e+00 1.000000000000000000e+00
9.752327509848193188e-01 2.686422923047951383e-02 -2.195436052232757895e-01 3.869999999999999829e-02
-2.064304593455800196e-01 -2.458637707210435952e-01 -9.470678284585549722e-01 8.400000000000000522e-02
-7.942006585840985511e-02 9.689320509894809863e-01 -2.342288063077713200e-01 4.801000000000000267e-01
0.000000000000000000e+00 0.000000000000000000e+00 0.000000000000000000e+00 1.000000000000000000e+00
