0.000000000000000000e+00 0.000000000000000000e+00 0.000000000000000000e+00 0.000000000000000000e+00
0.000000000000000000e+00 0.000000000000000000e+00 0.000000000000000000e+00 0.000000000000000000e+00
0.000000000000000000e+00 0.000000000000000000e+00 0.000000000000000000e+00 0.000000000000000000e+00
0.000000000000000000e+00 0.000000000000000000e+00 0.000000000000000000e+00 0.000000000000000000e+00
4.099182868734836394e-01 8.888589705634176719e-01 -2.046869036740014969e-01 -6.180000000000000077e-02
-6.043904122686253322e-01 4.327636482186091316e-01 6.689004816400426767e-01 -3.200000000000000067e-02
6.831392446964745790e-01 -1.504837374252162574e-01 7.146155729663810074e-01 4.380000000000000004e-01
0.000000000000000000e+00 0.000000000000000000e+00 0.000000000000000000e+00 1.000000000000000000e+00
-4.189462172417606212e-01 -8.841670170180691013e-01 2.067190196285510206e-01 -5.349999999999999895e-02
-7.341917257661136897e-01 4.638080285362792266e-01 4.958272103080525461e-01 -1.248999999999999971e-01
-5.342720064493322596e-01 5.595354039432851034e-02 -8.434587271716056378e-01 3.920000000000000151e-01
0.000000000000000000e+00 0.000000000000000000e+00 0.000000000000000000e+00 1.000000000000000000e+00
-1.330503030407510501e-01 -8.261610002410694209e-01 -5.474994233252122866e-01 6.400000000000000307e-03
-2.890952007578228011e-01 5.607385645099596250e-01 -7.758841583445972301e-01 -1.260000000000000009e-02
9.480092730345829333e-01 5.504783330872775604e-02 -3.134456161576615330e-01 4.703999999999999848e-01
0.000000000000000000e+00 0.000000000000000000e+00 0.000000000000000000e+00 1.000000000000000000e+00
-6.998826779578393165e-01 7.140035341116394152e-01 1.905755416237944755e-02 6.060000000000000109e-02
6.575621905876017914e-01 6.336808013431788345e-01 4.075053466136376867e-01 -1.250999999999999890e-01
2.788838514582683281e-01 2.977374603323463820e-01 -9.130039441922725985e-01 3.780000000000000027e-01
0.000000000000000000e+00 0.000000000000000000e+00 0.000000000000000000e+00 1.000000000000000000e+00
-2.483447161618270727e-01 -9.651967490448221110e-01 -8.197644532308290266e-02 5.639999999999999875e-02
3.097962698968164119e-01 1.043448723231255038e-03 -9.508023887079695147e-01 -3.470000000000000168e-02
9.177969127821908879e-01 -2.615227463301592059e-01 2.987552175936191157e-01 4.314000000000000057e-01
0.000000000000000000e+00 0.000000000000000000e+00 0.000000000000000000e+00 1.000000000000000000e+00
-1.684906701432935527e-01 6.552428783085956221e-02 9.835229848757589544e-01 6.439999999999999891e-02
8.885385600281179297e-01 -4.218792678871905455e-01 1.803250139889826520e-01 -2.299999999999999961e-03
4.267436249293274919e-01 9.042811791866656179e-01 1.286186420977508682e-02 4.526999999999999913e-01
0.000000000000000000e+00 0.000000000000000000e+00 0.000000000000000000e+00 1.000000000000000000e+00
9.953751104713266518e-01 3.094527252727492100e-02 9.094382641173026638e-02 -1.489000000000000046e-01
9.548482923785608922e-02 -4.225493616939990371e-01 -9.012961135594732553e-01 -3.869999999999999829e-02
1.053740193841486844e-02 9.058114743367993160e-01 -4.235499216387386134e-01 3.469999999999999751e-01
0.000000000000000000e+00 0.000000000000000000e+00 0.000000000000000000e+00 1.000000000000000000e+00
-9.461982806757127662e-01 2.106868155104502094e-02 -3.229007963818386062e-01 -1.607000000000000095e-01
-2.992981826172402271e-01 -4.362946229400825882e-01 8.485679700976158646e-01 8.899999999999999925e-03
-1.230016728680632526e-01 8.995571758655875882e-01 4.191270401923337108e-01 3.857999999999999763e-01
0.000000000000000000e+00 0.000000000000000000e+00 0.000000000000000000e+00 1.000000000000000000e+00
5.676188741863745779e-01 -9.052524092194780270e-02 8.182994527820581787e-01 -8.649999999999999356e-02
7.372843767755106192e-01 -3.864049884779772182e-01 -5.541686860894259326e-01 4.130000000000000338e-02
3.663612444434309889e-01 9.178760077675836015e-01 -1.525879187042771257e-01 4.858000000000000096e-01
0.000000000000000000e+00 0.000000000000000000e+00 0.000000000000000000e+00 1.000000000000000000e+00
