0.000000000000000000e+00 0.000000000000000000e+00 0.000000000000000000e+00 0.000000000000000000e+00
0.000000000000000000e+00 0.000000000000000000e+00 0.000000000000000000e+00 0.000000000000000000e+00
0.000000000000000000e+00 0.000000000000000000e+00 0.000000000000000000e+00 0.000000000000000000e+00
0.000000000000000000e+00 0.000000000000000000e+00 0.000000000000000000e+00 0.000000000000000000e+00
2.441219452537146672e-01 9.404635596425392485e-01 2.365010968896892052e-01 -6.320000000000000617e-02
-9.328785509416210875e-01 1.611452852343189246e-01 3.221332119478076406e-01 -1.820000000000000090e-02
2.648435104710015198e-01 -2.992665868940831420e-01 9.166773832325976201e-01 4.354000000000000092e-01
0.000000000000000000e+00 0.000000000000000000e+00 0.000000000000000000e+00 1.000000000000000000e+00
-7.822407303130325396e-01 -5.802307067737431101e-01 2.267857287312770864e-01 -1.035999999999999976e-01
-2.650502355393841158e-01 6.394192896019741390e-01 7.217280268393516662e-01 -7.969999999999999307e-02
-5.637799326686351309e-01 5.044554479850024142e-01 -6.539700975720525999e-01 3.619999999999999885e-01
0.000000000000000000e+00 0.000000000000000000e+00 0.000000000000000000e+00 1.000000000000000000e+00
-5.466386281880919462e-02 -4.884152869077045267e-01 -8.708974506889954892e-01 1.179999999999999973e-02
-6.137046886022117231e-01 7.044446534075414768e-01 -3.565449277064409728e-01 -3.660000000000000059e-02
7.876410459653488960e-01 5.149837257626628251e-01 -3.382504174575662326e-01 4.466999999999999860e-01
0.000000000000000000e+00 0.000000000000000000e+00 0.000000000000000000e+00 1.000000000000000000e+00
-2.923733891591235867e-01 9.562539930517499620e-01 9.803167049044880788e-03 -5.100000000000000366e-03
6.516454053244529199e-01 1.917160846404570851e-01 7.338959112910101723e-01 -1.087999999999999939e-01
6.999114708526621431e-01 2.209598236393143789e-01 -6.791912023179820235e-01 3.101999999999999758e-01
0.000000000000000000e+00 0.000000000000000000e+00 0.000000000000000000e+00 1.000000000000000000e+00
8.704468061118519895e-02 -9.070736025822446758e-01 -4.118746205773846647e-01 3.930000000000000160e-02
-5.692713767749058018e-02 4.082392436582360506e-01 -9.110982498793416262e-01 -5.360000000000000181e-02
9.945765554109671225e-01 1.027530993976299989e-01 -1.610204928063385665e-02 3.879000000000000226e-01
0.000000000000000000e+00 0.000000000000000000e+00 0.000000000000000000e+00 1.000000000000000000e+00
3.043725797653981102e-01 5.754757774177515772e-02 9.508131304220671653e-01 6.410000000000000420e-02
6.216852260280381071e-01 -7.682754757834182602e-01 -1.525131897516731339e-01 -3.780000000000000027e-02
7.217096455122543608e-01 6.375273089098355550e-01 -2.696184674104493695e-01 4.144999999999999796e-01
0.000000000000000000e+00 0.000000000000000000e+00 0.000000000000000000e+00 1.000000000000000000e+00
9.254133469640238863e-01 2.709441724388214623e-02 -3.779894572803025321e-01 -1.610000000000000042e-01
-2.271227076330274153e-01 -7.587970140980173639e-01 -6.104444012957903620e-01 4.200000000000000261e-02
-3.033569068577235406e-01 6.507633855328278649e-01 -6.960471270765844487e-01 3.830999999999999961e-01
0.000000000000000000e+00 0.000000000000000000e+00 0.000000000000000000e+00 1.000000000000000000e+00
-9.887708984035272763e-01 1.114634187951075994e-02 1.490230503411678065e-01 -1.439999999999999891e-01
8.757264050156947366e-02 -7.648299042817272575e-01 6.382524971764594879e-01 6.919999999999999762e-02
1.210914658671867206e-01 6.441358370554371993e-01 7.552654369922054967e-01 4.369000000000000106e-01
0.000000000000000000e+00 0.000000000000000000e+00 0.000000000000000000e+00 1.000000000000000000e+00
8.828124445316970492e-01 -6.349192825505825533e-02 4.654148287564802144e-01 -4.519999999999999712e-02
2.947936639630683864e-01 -6.965128061067826781e-01 -6.541915672159682726e-01 3.099999999999999978e-02
3.657032724316241490e-01 7.147297992778177678e-01 -5.961731548443718331e-01 5.098000000000000309e-01
0.000000000000000000e+00 0.000000000000000000e+00 0.000000000000000000e+00 1.000000000000000000e+00
