0.000000000000000000e+00 0.000000000000000000e+00 0.000000000000000000e+00 0.000000000000000000e+00
0.000000000000000000e+00 0.000000000000000000e+00 0.000000000000000000e+00 0.000000000000000000e+00
0.000000000000000000e+00 0.000000000000000000e+00 0.000000000000000000e+00 0.000000000000000000e+00
0.000000000000000000e+00 0.000000000000000000e+00 0.000000000000000000e+00 0.000000000000000000e+00
-2.732686827290211617e-01 2.389054789152225688e-01 9.317984756286274983e-01 -3.599999999999999901e-03
-9.076445061402542702e-01 -3.848667227515443212e-01 -1.675083764827902666e-01 1.789999999999999925e-02
3.185995566741420260e-01 -8.915165606217161365e-01 3.220132677767578722e-01 4.557999999999999829e-01
0.000000000000000000e+00 0.000000000000000000e+00 0.000000000000000000e+00 1.000000000000000000e+00
-8.536711903899267817e-01 5.184403086750615230e-01 4.965022697986938571e-02 -1.076000000000000012e-01
4.509549283323601720e-01 6.881082773436122402e-01 5.684598941560983221e-01 1.849999999999999908e-02
2.605477908388431074e-01 5.076678490825605738e-01 -8.212114244802521945e-01 4.566999999999999948e-01
0.000000000000000000e+00 0.000000000000000000e+00 0.000000000000000000e+00 1.000000000000000000e+00
1.743786794456940736e-01 5.991028705753680406e-01 -7.814523828251660476e-01 2.189999999999999933e-02
-6.339641670210030000e-01 6.755554640924139598e-01 3.764495316350507936e-01 -4.540000000000000285e-02
7.534464221748895518e-01 4.297680367398640788e-01 4.976122220249630246e-01 4.178999999999999937e-01
0.000000000000000000e+00 0.000000000000000000e+00 0.000000000000000000e+00 1.000000000000000000e+00
7.733024316513102958e-01 6.325637675218073186e-01 -4.320218999990077524e-02 -1.242000000000000048e-01
4.632599290375002399e-01 -5.171794598542154286e-01 7.196635633774104424e-01 -4.959999999999999826e-02
4.328898097095157937e-01 -5.765314270042170008e-01 -6.929775799592221563e-01 3.655999999999999805e-01
0.000000000000000000e+00 0.000000000000000000e+00 0.000000000000000000e+00 1.000000000000000000e+00
7.055958155305366297e-01 -2.767913528921556177e-02 -7.080737324427719415e-01 -1.959999999999999937e-02
-3.731390598795354396e-01 8.349665017528653532e-01 -4.044727221244946991e-01 -5.870000000000000218e-02
6.024133025573168432e-01 5.496042270763785709e-01 5.788207032248958717e-01 3.668000000000000149e-01
0.000000000000000000e+00 0.000000000000000000e+00 0.000000000000000000e+00 1.000000000000000000e+00
9.967964344118613873e-01 1.881189326674454279e-02 7.773661309524881879e-02 1.810000000000000150e-02
6.365953161057637255e-02 -7.750034448339591098e-01 -6.287424946117597946e-01 -7.000000000000000666e-02
4.841830623763934693e-02 6.316769531708571472e-01 -7.737182267814690650e-01 3.617000000000000215e-01
0.000000000000000000e+00 0.000000000000000000e+00 0.000000000000000000e+00 1.000000000000000000e+00
-2.900349508963007139e-04 2.216221830906656143e-02 -9.997543458066827649e-01 -4.209999999999999853e-02
-6.580727533018988495e-01 -7.527736198456904670e-01 -1.649632159220965066e-02 1.373000000000000054e-01
-7.529542929297802223e-01 6.579063104607194568e-01 1.480268268179341096e-02 4.686000000000000165e-01
0.000000000000000000e+00 0.000000000000000000e+00 0.000000000000000000e+00 1.000000000000000000e+00
-2.359404894357344240e-01 7.865065332284704169e-03 9.717356771222023237e-01 1.870000000000000134e-02
6.463331221735248988e-01 -7.454500761560374222e-01 1.629652697367792724e-01 1.318000000000000005e-01
7.256621670076575104e-01 6.665150596245195125e-01 1.707984035858466365e-01 4.825999999999999734e-01
0.000000000000000000e+00 0.000000000000000000e+00 0.000000000000000000e+00 1.000000000000000000e+00
7.687482074566264201e-01 7.024303050686447891e-02 -6.356823972688210311e-01 8.519999999999999796e-02
-4.366487209581473850e-01 -6.685932761097439503e-01 -6.019309973962577720e-01 2.179999999999999993e-02
-4.672944339683894888e-01 7.403032809639921163e-01 -4.833083530998725230e-01 4.748999999999999888e-01
0.000000000000000000e+00 0.000000000000000000e+00 0.000000000000000000e+00 1.000000000000000000e+00
