0.000000000000000000e+00 0.000000000000000000e+00 0.000000000000000000e+00 0.000000000000000000e+00
0.000000000000000000e+00 0.000000000000000000e+00 0.000000000000000000e+00 0.000000000000000000e+00
0.000000000000000000e+00 0.000000000000000000e+00 0.000000000000000000e+00 0.000000000000000000e+00
0.000000000000000000e+00 0.000000000000000000e+00 0.000000000000000000e+00 0.000000000000000000e+00
3.271904303136288217e-01 9.440287145634211896e-01 4.190714009470289381e-02 -6.439999999999999891e-02
-8.292663062305398736e-01 2.655869903775427421e-01 4.917122572124427160e-01 -2.450000000000000094e-02
4.530604988982585013e-01 -1.956357242988447931e-01 8.697487267689028023e-01 4.349999999999999978e-01
0.000000000000000000e+00 0.000000000000000000e+00 0.000000000000000000e+00 1.000000000000000000e+00
-6.391596222004014560e-01 -7.358165895692997394e-01 2.237161680863602453e-01 -8.369999999999999662e-02
-4.717953641176783064e-01 6.048662293932424161e-01 6.415184946177847625e-01 -1.021999999999999992e-01
-6.073583058999911799e-01 3.044844676731576216e-01 -7.337609264604423309e-01 3.685999999999999832e-01
0.000000000000000000e+00 0.000000000000000000e+00 0.000000000000000000e+00 1.000000000000000000e+00
-9.161540844290416707e-02 -6.568632341963521748e-01 -7.484232148303178178e-01 9.700000000000000289e-03
-4.879099129211422192e-01 6.847954800346742754e-01 -5.412938826528187475e-01 -2.840000000000000163e-02
8.680728850788528295e-01 3.155722454291381984e-01 -3.832279010010735121e-01 4.590000000000000191e-01
0.000000000000000000e+00 0.000000000000000000e+00 0.000000000000000000e+00 1.000000000000000000e+00
-4.868102738775195171e-01 8.734015218549777693e-01 1.362126531212165537e-02 2.479999999999999913e-02
6.934103671259421731e-01 3.769107869658315790e-01 6.141012306053974523e-01 -1.221000000000000002e-01
5.312229475555068081e-01 3.083959148403334072e-01 -7.891097133480446946e-01 3.361999999999999988e-01
0.000000000000000000e+00 0.000000000000000000e+00 0.000000000000000000e+00 1.000000000000000000e+00
-6.310956440714132754e-02 -9.599449567011394402e-01 -2.729887598132719750e-01 4.830000000000000265e-02
1.094251949845145289e-01 2.652291969870417265e-01 -9.579559487618467539e-01 -4.950000000000000233e-02
9.919895713075524979e-01 -9.032803091873797818e-02 8.830366497151553862e-02 4.082999999999999963e-01
0.000000000000000000e+00 0.000000000000000000e+00 0.000000000000000000e+00 1.000000000000000000e+00
9.738136168696243100e-02 6.340978194685081837e-02 9.932250852397184193e-01 6.610000000000000597e-02
7.652463483814480050e-01 -6.428396346424327668e-01 -3.398868078703776163e-02 -2.580000000000000002e-02
6.363292360758325827e-01 7.633717336175320778e-01 -1.111247030543209835e-01 4.348000000000000198e-01
0.000000000000000000e+00 0.000000000000000000e+00 0.000000000000000000e+00 1.000000000000000000e+00
9.841419145112599853e-01 3.015566150041937982e-02 -1.748008243160884823e-01 -1.600999999999999923e-01
-1.158936718096311436e-01 -6.367225108472671646e-01 -7.623339825921663371e-01 1.020000000000000073e-02
-1.342883052860278370e-01 7.705031344905898250e-01 -6.231304605005139052e-01 3.604999999999999871e-01
0.000000000000000000e+00 0.000000000000000000e+00 0.000000000000000000e+00 1.000000000000000000e+00
-9.979310711798217159e-01 1.661157139918958969e-02 -6.210984519014349503e-02 -1.559000000000000108e-01
-5.811802958415210330e-02 -6.461783312641546928e-01 7.609703403168405211e-01 4.780000000000000221e-02
-2.749312297920309886e-02 7.630056486686859207e-01 6.458068660896446600e-01 4.103999999999999870e-01
0.000000000000000000e+00 0.000000000000000000e+00 0.000000000000000000e+00 1.000000000000000000e+00
7.645498824582149799e-01 -7.734414070107600847e-02 6.399073066721007175e-01 -6.539999999999999980e-02
4.870983657318548321e-01 -5.808548930947097233e-01 -6.521830841637104026e-01 3.780000000000000027e-02
4.221358304319665633e-01 8.103243036384539799e-01 -4.064183357064106161e-01 5.012999999999999678e-01
0.000000000000000000e+00 0.000000000000000000e+00 0.000000000000000000e+00 1.000000000000000000e+00
