0.000000000000000000e+00 0.000000000000000000e+00 0.000000000000000000e+00 0.000000000000000000e+00
0.000000000000000000e+00 0.000000000000000000e+00 0.000000000000000000e+00 0.000000000000000000e+00
0.000000000000000000e+00 0.000000000000000000e+00 0.000000000000000000e+00 0.000000000000000000e+00
0.000000000000000000e+00 0.000000000000000000e+00 0.000000000000000000e+00 0.000000000000000000e+00
3.850782521786406676e-01 9.135724877744502148e-01 -1.307671567353410336e-01 -6.339999999999999802e-02
-7.640448444927590010e-01 3.950604352875126679e-01 5.100614944048185162e-01 -3.300000000000000155e-02
5.176390782225381848e-01 -9.650161683641908517e-02 8.501395312799411297e-01 4.328000000000000180e-01
0.000000000000000000e+00 0.000000000000000000e+00 0.000000000000000000e+00 1.000000000000000000e+00
-4.898315262063372977e-01 -8.446181522848772438e-01 2.160677041236156726e-01 -6.379999999999999560e-02
-5.713569700287641773e-01 4.981964897413744264e-01 6.521897503096185655e-01 -1.140000000000000041e-01
-6.584954735865087283e-01 1.960113120211499638e-01 -7.266108152414381127e-01 3.675999999999999823e-01
0.000000000000000000e+00 0.000000000000000000e+00 0.000000000000000000e+00 1.000000000000000000e+00
-1.238063323504736690e-01 -7.796042852209237317e-01 -6.139129828689864343e-01 7.000000000000000146e-03
-4.783367681161354579e-01 5.889355743347349792e-01 -6.514206210669311048e-01 -2.570000000000000062e-02
8.694055028225518011e-01 2.130071542183227529e-01 -4.458273476511698252e-01 4.652999999999999914e-01
0.000000000000000000e+00 0.000000000000000000e+00 0.000000000000000000e+00 1.000000000000000000e+00
-6.392285357063349771e-01 7.687507637978137076e-01 2.022726622686579767e-02 4.950000000000000233e-02
6.263898520047355145e-01 5.052341476576434065e-01 5.936111600586195802e-01 -1.187000000000000000e-01
4.461195270823953285e-01 3.921233469215172351e-01 -8.044977615598734033e-01 3.486000000000000210e-01
0.000000000000000000e+00 0.000000000000000000e+00 0.000000000000000000e+00 1.000000000000000000e+00
-1.949477666504790818e-01 -9.702504671604601505e-01 -1.435597410589021239e-01 5.380000000000000060e-02
1.191978533851738020e-01 1.218463450474092102e-01 -9.853655869508302079e-01 -4.200000000000000261e-02
9.735436508068638917e-01 -2.092068334770553206e-01 9.189810008997278956e-02 4.200999999999999734e-01
0.000000000000000000e+00 0.000000000000000000e+00 0.000000000000000000e+00 1.000000000000000000e+00
-8.764744976025751200e-02 6.263445258155064810e-02 9.941804916112227941e-01 6.489999999999999936e-02
7.840756708672996789e-01 -6.112610991966556107e-01 1.076346178647479279e-01 -1.559999999999999928e-02
6.144454954709303030e-01 7.889466356850163287e-01 4.465326054953200341e-03 4.475000000000000089e-01
0.000000000000000000e+00 0.000000000000000000e+00 0.000000000000000000e+00 1.000000000000000000e+00
9.995531112839400878e-01 2.841028264036333031e-02 9.296965251627396787e-03 -1.537999999999999923e-01
2.470261625893946031e-02 -6.099038499277893433e-01 -7.920903197194271161e-01 -1.409999999999999969e-02
-1.683325496031225221e-02 7.919660028584278866e-01 -6.103330990892479324e-01 3.466000000000000192e-01
0.000000000000000000e+00 0.000000000000000000e+00 0.000000000000000000e+00 1.000000000000000000e+00
-9.694583292296221622e-01 1.717601734311574591e-02 -2.446539031275373477e-01 -1.607000000000000095e-01
-2.020307067692068692e-01 -6.214832245538632893e-01 7.569294518780906866e-01 2.469999999999999973e-02
-1.390472632224172556e-01 7.832391627251289457e-01 6.059721714435364337e-01 3.952999999999999847e-01
0.000000000000000000e+00 0.000000000000000000e+00 0.000000000000000000e+00 1.000000000000000000e+00
6.326782488341353705e-01 -8.976561625537754496e-02 7.691946226999147873e-01 -8.110000000000000542e-02
6.010215886551697473e-01 -5.694455893174967809e-01 -5.608072492196094494e-01 2.970000000000000070e-02
4.883556935498837293e-01 8.171131224898675605e-01 -3.063247649672986572e-01 4.963000000000000189e-01
0.000000000000000000e+00 0.000000000000000000e+00 0.000000000000000000e+00 1.000000000000000000e+00
