0.000000000000000000e+00 0.000000000000000000e+00 0.000000000000000000e+00 0.000000000000000000e+00
0.000000000000000000e+00 0.000000000000000000e+00 0.000000000000000000e+00 0.000000000000000000e+00
0.000000000000000000e+00 0.000000000000000000e+00 0.000000000000000000e+00 0.000000000000000000e+00
0.000000000000000000e+00 0.000000000000000000e+00 0.000000000000000000e+00 0.000000000000000000e+00
-1.851291736963771584e-01 4.242660434086459320e-01 8.864115937062585493e-01 -1.720000000000000001e-02
-8.702118126176791035e-01 -4.898497596689841416e-01 5.271256143360225632e-02 2.769999999999999893e-02
4.565726560221817776e-01 -7.616072067428267811e-01 4.598868039096570826e-01 4.544000000000000261e-01
0.000000000000000000e+00 0.000000000000000000e+00 0.000000000000000000e+00 1.000000000000000000e+00
-9.392418038422323256e-01 3.308589746346248250e-01 9.141757390629975943e-02 -1.192000000000000004e-01
3.379866605397885970e-01 8.449344502385331968e-01 4.145489019371167982e-01 1.099999999999999936e-02
5.991536708016426127e-02 4.202595789554739447e-01 -9.054236771168604481e-01 4.425999999999999934e-01
0.000000000000000000e+00 0.000000000000000000e+00 0.000000000000000000e+00 1.000000000000000000e+00
1.473233285137198756e-01 4.234402375767485349e-01 -8.938647560322453556e-01 2.249999999999999917e-02
-4.520131124579290782e-01 8.326575387682942919e-01 3.199461975058025542e-01 -3.590000000000000135e-02
8.797613216331655606e-01 3.569030517287197224e-01 3.140704198503778688e-01 4.333000000000000185e-01
0.000000000000000000e+00 0.000000000000000000e+00 0.000000000000000000e+00 1.000000000000000000e+00
6.238892529838498957e-01 7.804723405134975645e-01 -4.031284788546790621e-02 -1.117999999999999966e-01
6.568312856046226722e-01 -4.957053357250624792e-01 5.681979253611207925e-01 -7.399999999999999634e-02
4.234794708864083046e-01 -3.809713189035184300e-01 -8.219038824039470725e-01 3.654999999999999916e-01
0.000000000000000000e+00 0.000000000000000000e+00 0.000000000000000000e+00 1.000000000000000000e+00
6.521315763673607435e-01 -2.307277464167174497e-01 -7.221420318317471887e-01 -8.399999999999999481e-03
-1.354919795194285959e-01 9.017517314909957449e-01 -4.104701429323426298e-01 -6.479999999999999649e-02
7.458996786368311538e-01 3.655249947492701379e-01 5.567990190571623366e-01 3.811999999999999833e-01
0.000000000000000000e+00 0.000000000000000000e+00 0.000000000000000000e+00 1.000000000000000000e+00
9.582443409622337649e-01 3.390507959768883361e-02 2.839334932538404854e-01 3.090000000000000038e-02
2.396568116356654343e-01 -6.368845648329428677e-01 -7.327637161556104228e-01 -7.030000000000000138e-02
1.559884471699153341e-01 7.702132799783623085e-01 -6.184166133719979364e-01 3.830999999999999961e-01
0.000000000000000000e+00 0.000000000000000000e+00 0.000000000000000000e+00 1.000000000000000000e+00
2.088059185572008758e-01 2.984797622555096508e-02 -9.775015021424378059e-01 -7.399999999999999634e-02
-7.709254981349114022e-01 -6.099781456374591126e-01 -1.833044957717220869e-01 1.393999999999999961e-01
-6.017258218665060276e-01 7.918558960820620829e-01 -1.043564810596457892e-01 4.385999999999999899e-01
0.000000000000000000e+00 0.000000000000000000e+00 0.000000000000000000e+00 1.000000000000000000e+00
-4.338403874411369543e-01 1.367869190046194783e-02 9.008859037707361850e-01 -1.590000000000000094e-02
7.145935416963811182e-01 -6.037705152803480857e-01 3.532948273664997529e-01 1.466999999999999971e-01
5.487609574220329023e-01 7.970408134255075883e-01 2.521653293838366228e-01 4.606000000000000094e-01
0.000000000000000000e+00 0.000000000000000000e+00 0.000000000000000000e+00 1.000000000000000000e+00
8.854203138190286371e-01 5.246126797324265900e-02 -4.618210511001555885e-01 6.610000000000000597e-02
-3.751988295495591874e-01 -5.057752991540442888e-01 -7.767993209769673557e-01 5.020000000000000157e-02
-2.743295576150220905e-01 8.610686163879602839e-01 -4.281403177586406983e-01 4.832000000000000184e-01
0.000000000000000000e+00 0.000000000000000000e+00 0.000000000000000000e+00 1.000000000000000000e+00
