0.000000000000000000e+00 0.000000000000000000e+00 0.000000000000000000e+00 0.000000000000000000e+00
0.000000000000000000e+00 0.000000000000000000e+00 0.000000000000000000e+00 0.000000000000000000e+00
0.000000000000000000e+00 0.000000000000000000e+00 0.000000000000000000e+00 0.000000000000000000e+00
0.000000000000000000e+00 0.000000000000000000e+00 0.000000000000000000e+00 0.000000000000000000e+00
-3.585107862192107309e-01 -4.612975222152451704e-02 9.323851468810858689e-01 1.789999999999999925e-02
-4.362065335447740111e-01 -8.747577506177699469e-01 -2.110041180332537514e-01 5.199999999999999761e-02
8.253447014777129942e-01 -4.823597451012264226e-01 2.934879896154943824e-01 4.526000000000000023e-01
0.000000000000000000e+00 0.000000000000000000e+00 0.000000000000000000e+00 1.000000000000000000e+00
-6.725265353577574157e-01 7.393488474684415390e-01 -3.273134563042079392e-02 -8.110000000000000542e-02
7.399458385776482849e-01 6.709331523265678054e-01 -4.825827473869662848e-02 8.290000000000000147e-02
-1.371915490516210576e-02 -5.667439330263499692e-02 -9.982984513322987752e-01 4.598999999999999755e-01
0.000000000000000000e+00 0.000000000000000000e+00 0.000000000000000000e+00 1.000000000000000000e+00
2.192918532887905281e-01 7.965643540816949031e-01 -5.633793685320575007e-01 2.179999999999999993e-02
-1.050635598874495868e-01 5.933564478740589454e-01 7.980537413921793277e-01 -2.549999999999999836e-02
9.699859439522532378e-01 -1.158160419488228343e-01 2.138081218344257683e-01 4.597999999999999865e-01
0.000000000000000000e+00 0.000000000000000000e+00 0.000000000000000000e+00 1.000000000000000000e+00
9.240406673073525701e-01 3.768914272331722048e-01 -6.404449422335178888e-02 -1.303999999999999881e-01
3.822608693739171781e-01 -9.086906042412368212e-01 1.678034967132471522e-01 -1.689999999999999836e-02
5.047069216830686600e-03 -1.795389591198473245e-01 -9.837379169527229461e-01 4.309999999999999942e-01
0.000000000000000000e+00 0.000000000000000000e+00 0.000000000000000000e+00 1.000000000000000000e+00
7.413892951129277264e-01 2.544145574286444944e-01 -6.209791832745628071e-01 -3.180000000000000188e-02
-1.434587425183778686e-01 9.640443133411839005e-01 2.236920899575374211e-01 -5.319999999999999729e-02
6.555619744059304477e-01 -7.675802813329818397e-02 7.512301264127296818e-01 4.305999999999999828e-01
0.000000000000000000e+00 0.000000000000000000e+00 0.000000000000000000e+00 1.000000000000000000e+00
9.755562428266413288e-01 1.641902557433445875e-02 -2.191356490422234071e-01 8.999999999999999754e-04
-2.090065039118201851e-01 -2.386595645810005717e-01 -9.483448178571790566e-01 -7.549999999999999767e-02
-6.786971640227648650e-02 9.709644833016278787e-01 -2.293941450043526231e-01 4.309000000000000052e-01
0.000000000000000000e+00 0.000000000000000000e+00 0.000000000000000000e+00 1.000000000000000000e+00
-2.942637532393512778e-01 2.961858797756750095e-02 -9.552651897644472978e-01 6.499999999999999702e-03
-9.366759202463281753e-01 -2.074985694046775908e-01 2.821038179920764000e-01 1.620999999999999941e-01
-1.898606435262044645e-01 9.777868289873962171e-01 8.880232597510118175e-02 3.921000000000000041e-01
0.000000000000000000e+00 0.000000000000000000e+00 0.000000000000000000e+00 1.000000000000000000e+00
6.022118917814323069e-02 1.936021528047260354e-02 9.979972897950495359e-01 6.669999999999999540e-02
9.796694030736448067e-01 -1.928250815261876028e-01 -5.537462068265136539e-02 1.484999999999999931e-01
1.913668441901539841e-01 9.810421346704294443e-01 -3.057876626007716148e-02 4.023999999999999799e-01
0.000000000000000000e+00 0.000000000000000000e+00 0.000000000000000000e+00 1.000000000000000000e+00
5.468663859649529613e-01 1.103569335857075284e-01 -8.299147565329771936e-01 1.079999999999999988e-01
-8.232616156925719464e-01 -1.093724331497500923e-01 -5.570260164428223471e-01 4.059999999999999720e-02
-1.522414793309860848e-01 9.878557678509870543e-01 3.104052020585024163e-02 4.591999999999999971e-01
0.000000000000000000e+00 0.000000000000000000e+00 0.000000000000000000e+00 1.000000000000000000e+00
