0.000000000000000000e+00 0.000000000000000000e+00 0.000000000000000000e+00 0.000000000000000000e+00
0.000000000000000000e+00 0.000000000000000000e+00 0.000000000000000000e+00 0.000000000000000000e+00
0.000000000000000000e+00 0.000000000000000000e+00 0.000000000000000000e+00 0.000000000000000000e+00
0.000000000000000000e+00 0.000000000000000000e+00 0.000000000000000000e+00 0.000000000000000000e+00
-3.424515331515243233e-01 4.239172769835725108e-02 9.385786535314550871e-01 1.119999999999999989e-02
-7.813466349547024681e-01 -5.676132339881305722e-01 -2.594468204594133076e-01 2.939999999999999905e-02
5.217512659180940648e-01 -8.222032340147320539e-01 2.275026560033575063e-01 4.559000000000000274e-01
0.000000000000000000e+00 0.000000000000000000e+00 0.000000000000000000e+00 1.000000000000000000e+00
-7.327589331571116027e-01 6.804876272136256565e-01 -9.669992870242338778e-04 -9.030000000000000526e-02
6.229784967895594106e-01 6.714026634126055715e-01 4.013928949299929716e-01 4.730000000000000177e-02
2.737921445481452665e-01 2.935218097035193763e-01 -9.159054584465027293e-01 4.698999999999999844e-01
0.000000000000000000e+00 0.000000000000000000e+00 0.000000000000000000e+00 1.000000000000000000e+00
2.007624032542082437e-01 7.456366071973085097e-01 -6.353900435534703961e-01 2.149999999999999828e-02
-5.132464880167698640e-01 6.325127746439183074e-01 5.800910553100291356e-01 -4.279999999999999777e-02
8.344294457760020878e-01 2.096512340043300282e-01 5.096801547072590255e-01 4.283000000000000140e-01
0.000000000000000000e+00 0.000000000000000000e+00 0.000000000000000000e+00 1.000000000000000000e+00
8.873504394951077234e-01 4.582535919794886725e-01 -5.111597564104107538e-02 -1.300999999999999934e-01
3.983350048315038583e-01 -7.060092788272440689e-01 5.855596657350308210e-01 -3.200000000000000067e-02
2.322464670425041788e-01 -5.399579091445290135e-01 -8.090160906301826493e-01 3.966999999999999971e-01
0.000000000000000000e+00 0.000000000000000000e+00 0.000000000000000000e+00 1.000000000000000000e+00
7.327224576253177357e-01 1.727421685449630484e-01 -6.582385155077891126e-01 -2.879999999999999921e-02
-3.732769857913037503e-01 9.107755184073966781e-01 -1.764999913549475385e-01 -5.770000000000000129e-02
5.690185339425010147e-01 3.750307964369343772e-01 7.318263521859577070e-01 3.864000000000000212e-01
0.000000000000000000e+00 0.000000000000000000e+00 0.000000000000000000e+00 1.000000000000000000e+00
9.914111259276757737e-01 1.013485820513657792e-02 -1.303888953706567322e-01 5.700000000000000205e-03
-9.304331240610666520e-02 -6.459776337108622535e-01 -7.576647271463907707e-01 -7.570000000000000340e-02
-9.190713467037220363e-02 7.632890549421476045e-01 -6.394864323832094577e-01 3.788000000000000256e-01
0.000000000000000000e+00 0.000000000000000000e+00 0.000000000000000000e+00 1.000000000000000000e+00
-2.074451808638406725e-01 2.062455210762881297e-02 -9.780292044651468508e-01 -8.099999999999999561e-03
-7.697913939203109290e-01 -6.203731338649136617e-01 1.501944893291700667e-01 1.539999999999999980e-01
-6.036453485140036435e-01 7.840355876036400051e-01 1.445700196735886234e-01 4.500000000000000111e-01
0.000000000000000000e+00 0.000000000000000000e+00 0.000000000000000000e+00 1.000000000000000000e+00
-2.928814231258303202e-02 8.902595677825808629e-03 9.995313644453958091e-01 5.269999999999999685e-02
7.923122971017427796e-01 -6.094429604296327518e-01 2.864440336478485394e-02 1.411000000000000032e-01
6.094123633314616484e-01 7.927799327511777516e-01 1.079581612479896258e-02 4.568999999999999728e-01
0.000000000000000000e+00 0.000000000000000000e+00 0.000000000000000000e+00 1.000000000000000000e+00
6.194486638758921471e-01 9.207519943800790418e-02 -7.796188238304813112e-01 1.015999999999999959e-01
-6.310164113212060055e-01 -5.323881909108310051e-01 -5.642526941202843371e-01 2.210000000000000159e-02
-4.670135345636982627e-01 8.414778498731525502e-01 -2.716861916019615020e-01 4.625000000000000222e-01
0.000000000000000000e+00 0.000000000000000000e+00 0.000000000000000000e+00 1.000000000000000000e+00
