0.000000000000000000e+00 0.000000000000000000e+00 0.000000000000000000e+00 0.000000000000000000e+00
0.000000000000000000e+00 0.000000000000000000e+00 0.000000000000000000e+00 0.000000000000000000e+00
0.000000000000000000e+00 0.000000000000000000e+00 0.000000000000000000e+00 0.000000000000000000e+00
0.000000000000000000e+00 0.000000000000000000e+00 0.000000000000000000e+00 0.000000000000000000e+00
-1.026703538903770419e-01 5.822748164983877484e-01 8.064830044729978109e-01 -3.059999999999999873e-02
-9.607449673211305718e-01 -2.681217263818873597e-01 7.127304966897135552e-02 1.200000000000000025e-02
2.577361173742325762e-01 -7.675068585450979253e-01 5.869457520819882923e-01 4.519000000000000239e-01
0.000000000000000000e+00 0.000000000000000000e+00 0.000000000000000000e+00 1.000000000000000000e+00
-9.802816529557718539e-01 1.449477167237580577e-01 1.343057716364739196e-01 -1.267000000000000071e-01
1.967917496419059886e-01 7.777099363976227586e-01 5.970261820902690308e-01 -1.490000000000000005e-02
-1.791335119894866407e-02 6.116840804246704844e-01 -7.908992967526575768e-01 4.223000000000000087e-01
0.000000000000000000e+00 0.000000000000000000e+00 0.000000000000000000e+00 1.000000000000000000e+00
1.088996784108963167e-01 2.451645190561688170e-01 -9.633458458092610810e-01 2.060000000000000026e-02
-5.976186411165957946e-01 7.905651637062988124e-01 1.336363787446608054e-01 -4.059999999999999720e-02
7.943505648213241566e-01 5.611604766285579471e-01 2.326071788188248668e-01 4.254999999999999893e-01
0.000000000000000000e+00 0.000000000000000000e+00 0.000000000000000000e+00 1.000000000000000000e+00
4.608573946736824745e-01 8.870105387443215639e-01 -2.868389672087567899e-02 -9.719999999999999474e-02
6.319666561015718775e-01 -3.053112825359785010e-01 7.123223752852587687e-01 -8.100000000000000255e-02
6.230799365654321464e-01 -3.464063003363880289e-01 -7.012660463311142234e-01 3.328999999999999737e-01
0.000000000000000000e+00 0.000000000000000000e+00 0.000000000000000000e+00 1.000000000000000000e+00
5.716887455594739098e-01 -4.080625735812820620e-01 -7.117983662827949143e-01 1.000000000000000021e-03
-1.992053786516000125e-01 7.725562484634265203e-01 -6.028880991331551087e-01 -6.199999999999999956e-02
7.959203448316343188e-01 4.864584041851236496e-01 3.603734530743839537e-01 3.649999999999999911e-01
0.000000000000000000e+00 0.000000000000000000e+00 0.000000000000000000e+00 1.000000000000000000e+00
8.846917066414009545e-01 3.881462114835737554e-02 4.645578644098438126e-01 4.009999999999999676e-02
3.230770995369210974e-01 -7.694495127057543460e-01 -5.509706300263998990e-01 -6.270000000000000573e-02
3.360681061254335855e-01 6.375271543879421632e-01 -6.932657177902838974e-01 3.715999999999999859e-01
0.000000000000000000e+00 0.000000000000000000e+00 0.000000000000000000e+00 1.000000000000000000e+00
3.947327403771949683e-01 2.833431437644989836e-02 -9.183589877074902486e-01 -1.015999999999999959e-01
-6.006520440380302972e-01 -7.484029368659257386e-01 -2.812652948434862799e-01 1.163000000000000006e-01
-6.952720227847846157e-01 6.626388237337694775e-01 -2.784000783287969849e-01 4.485000000000000098e-01
0.000000000000000000e+00 0.000000000000000000e+00 0.000000000000000000e+00 1.000000000000000000e+00
-6.004698029478969801e-01 1.067437228199413779e-02 7.995761836898964692e-01 -4.830000000000000265e-02
5.282800621443646261e-01 -7.453394726721525032e-01 4.066807672088070813e-01 1.264000000000000123e-01
6.002967530217533376e-01 6.665996761574244367e-01 4.419147882322528309e-01 4.798000000000000043e-01
0.000000000000000000e+00 0.000000000000000000e+00 0.000000000000000000e+00 1.000000000000000000e+00
9.588079822146021725e-01 2.614701623081340520e-02 -2.828490530013998971e-01 4.429999999999999910e-02
-1.964900329309519633e-01 -6.580375614876792234e-01 -7.268963025288701640e-01 3.849999999999999950e-02
-2.051314705264810911e-01 7.525309968456945775e-01 -6.257940384711802029e-01 4.960999999999999854e-01
0.000000000000000000e+00 0.000000000000000000e+00 0.000000000000000000e+00 1.000000000000000000e+00
