0.000000000000000000e+00 0.000000000000000000e+00 0.000000000000000000e+00 0.000000000000000000e+00
0.000000000000000000e+00 0.000000000000000000e+00 0.000000000000000000e+00 0.000000000000000000e+00
0.000000000000000000e+00 0.000000000000000000e+00 0.000000000000000000e+00 0.000000000000000000e+00
0.000000000000000000e+00 0.000000000000000000e+00 0.000000000000000000e+00 0.000000000000000000e+00
2.991925447495118462e-01 9.456422421896905073e-01 1.274541915857064778e-01 -6.260000000000000286e-02
-6.948181748293226212e-01 1.243621019312982634e-01 7.083514463386646476e-01 -9.299999999999999239e-03
6.539965788084523002e-01 -3.004909605789897742e-01 6.942576305069724230e-01 4.425000000000000044e-01
0.000000000000000000e+00 0.000000000000000000e+00 0.000000000000000000e+00 1.000000000000000000e+00
-7.046329648714459992e-01 -6.745653991857348819e-01 2.201224819001144639e-01 -9.110000000000000042e-02
-5.688333879879005073e-01 7.224498904156843038e-01 3.930581795975912618e-01 -1.005999999999999950e-01
-4.241709107502335541e-01 1.517487333052764953e-01 -8.927773296928871449e-01 4.015000000000000235e-01
0.000000000000000000e+00 0.000000000000000000e+00 0.000000000000000000e+00 1.000000000000000000e+00
-7.043001060005327219e-02 -5.900057124898746563e-01 -8.043213741012927853e-01 1.230000000000000017e-02
-2.192280229375516143e-01 7.957650181838762382e-01 -5.645326472346019475e-01 -1.230000000000000017e-02
9.731282996428419763e-01 1.365697443218320817e-01 -1.853915245368586984e-01 4.637999999999999901e-01
0.000000000000000000e+00 0.000000000000000000e+00 0.000000000000000000e+00 1.000000000000000000e+00
-4.070398431200286105e-01 9.133920823909443820e-01 5.785320938095084298e-03 1.359999999999999924e-02
8.500639456839979013e-01 3.764857719228138500e-01 3.683066002501668157e-01 -1.373999999999999944e-01
3.342302415416290584e-01 1.548333535295843555e-01 -9.296863870541542951e-01 3.715999999999999859e-01
0.000000000000000000e+00 0.000000000000000000e+00 0.000000000000000000e+00 1.000000000000000000e+00
4.804224105533050349e-03 -9.441944171649183648e-01 -3.293536427995659155e-01 4.630000000000000088e-02
3.847776894578294193e-01 3.057448057229725791e-01 -8.708996747438341179e-01 -4.959999999999999826e-02
9.229967763357779242e-01 -1.225439364800309239e-01 3.647738128014950121e-01 4.193999999999999950e-01
0.000000000000000000e+00 0.000000000000000000e+00 0.000000000000000000e+00 1.000000000000000000e+00
1.861506299254439556e-01 6.769090361727814198e-02 9.801866580125627726e-01 6.710000000000000686e-02
9.012623788013973680e-01 -4.090250031643916095e-01 -1.429149094517986329e-01 -2.120000000000000009e-02
3.912468115341093400e-01 9.100090594899842289e-01 -1.371475268116324475e-01 4.375000000000000000e-01
0.000000000000000000e+00 0.000000000000000000e+00 0.000000000000000000e+00 1.000000000000000000e+00
9.643258375867946874e-01 3.521113668286544873e-02 -2.623658796719333108e-01 -1.603999999999999870e-01
-2.272018056043373924e-01 -3.985343965564165369e-01 -8.885660776169330699e-01 1.099999999999999936e-02
-1.358492491427748527e-01 9.164772286395954648e-01 -3.763169819346858791e-01 3.652000000000000246e-01
0.000000000000000000e+00 0.000000000000000000e+00 0.000000000000000000e+00 1.000000000000000000e+00
-9.993986049386387460e-01 2.082707109286339314e-02 2.772474628189647988e-02 -1.506000000000000116e-01
1.679982595479340146e-02 -4.086240967700307536e-01 9.125481430515133274e-01 6.029999999999999943e-02
3.033470445861256165e-02 9.124651120172043717e-01 4.080284610867718209e-01 4.023999999999999799e-01
0.000000000000000000e+00 0.000000000000000000e+00 0.000000000000000000e+00 1.000000000000000000e+00
8.191571120002493211e-01 -6.554920433369323951e-02 5.698113088300641449e-01 -5.550000000000000072e-02
5.222351321347794562e-01 -3.255612388593336348e-01 -7.882133889477805910e-01 6.869999999999999718e-02
2.371752361094649764e-01 9.432460874891533953e-01 -2.324537068166991904e-01 4.888000000000000123e-01
0.000000000000000000e+00 0.000000000000000000e+00 0.000000000000000000e+00 1.000000000000000000e+00
