0.000000000000000000e+00 0.000000000000000000e+00 0.000000000000000000e+00 0.000000000000000000e+00
0.000000000000000000e+00 0.000000000000000000e+00 0.000000000000000000e+00 0.000000000000000000e+00
0.000000000000000000e+00 0.000000000000000000e+00 0.000000000000000000e+00 0.000000000000000000e+00
0.000000000000000000e+00 0.000000000000000000e+00 0.000000000000000000e+00 0.000000000000000000e+00
-4.416467284638032620e-01 -3.401991021795874870e-01 8.301883750772606207e-01 3.799999999999999906e-02
-6.573881123425081574e-01 -5.070046183093182002e-01 -5.574829026649846808e-01 2.110000000000000070e-02
6.105645231979776044e-01 -7.919664689172297711e-01 2.740853898943740319e-04 4.547999999999999821e-01
0.000000000000000000e+00 0.000000000000000000e+00 0.000000000000000000e+00 1.000000000000000000e+00
-4.050375494695022116e-01 9.099258606052744724e-01 -8.932811271649457319e-02 -4.580000000000000043e-02
8.092083092734803085e-01 4.022445916565626778e-01 4.282303126657434067e-01 6.980000000000000093e-02
4.255895860127402175e-01 1.011643053887860688e-01 -8.992437309165453030e-01 4.925999999999999823e-01
0.000000000000000000e+00 0.000000000000000000e+00 0.000000000000000000e+00 1.000000000000000000e+00
2.168723776785190793e-01 9.370704250216362885e-01 -2.736154059073352962e-01 1.760000000000000106e-02
-5.940025965778724659e-01 3.490994710025385750e-01 7.247692561115524068e-01 -4.900000000000000189e-02
7.746788283274632647e-01 5.345829731461637646e-03 6.323322979618162254e-01 4.275999999999999801e-01
0.000000000000000000e+00 0.000000000000000000e+00 0.000000000000000000e+00 1.000000000000000000e+00
9.967113245405435640e-01 6.334802603066032323e-02 -5.053279262671041272e-02 -1.252999999999999947e-01
8.102950703150894884e-02 -7.858135797454397498e-01 6.131323159627851682e-01 1.140000000000000041e-02
-8.686327566796991917e-04 -6.152105700373463604e-01 -7.883623532307069137e-01 4.334000000000000075e-01
0.000000000000000000e+00 0.000000000000000000e+00 0.000000000000000000e+00 1.000000000000000000e+00
6.860835726876679530e-01 5.415835743976631367e-01 -4.857741895477530880e-01 -4.329999999999999821e-02
-6.175210432914997050e-01 7.865400334187070408e-01 4.747306802487138988e-03 -4.490000000000000241e-02
3.846519106676883348e-01 2.967187351219163771e-01 8.740714500813687726e-01 3.996000000000000107e-01
0.000000000000000000e+00 0.000000000000000000e+00 0.000000000000000000e+00 1.000000000000000000e+00
8.562411392375000041e-01 -1.772526992591896833e-02 -5.162721436251632712e-01 -1.930000000000000118e-02
-4.002121958091326981e-01 -6.546699802678892510e-01 -6.412779547603933983e-01 -7.249999999999999500e-02
-3.266210492342775384e-01 7.557069747872479093e-01 -5.676492389275307193e-01 3.842999999999999750e-01
0.000000000000000000e+00 0.000000000000000000e+00 0.000000000000000000e+00 1.000000000000000000e+00
-5.823357675065485850e-01 5.086922229354751135e-03 -8.129324554382065804e-01 5.929999999999999855e-02
-6.299701119744478550e-01 -6.348704377901857043e-01 4.472998828962506668e-01 1.454000000000000015e-01
-5.138314041604120641e-01 7.726018705920472129e-01 3.729123726241980741e-01 4.502999999999999781e-01
0.000000000000000000e+00 0.000000000000000000e+00 0.000000000000000000e+00 1.000000000000000000e+00
3.740345165616323353e-01 7.891415088306930059e-05 9.274147800165051247e-01 1.123999999999999999e-01
7.267634122958805953e-01 -6.212345940918857501e-01 -2.930571986004396057e-01 1.134000000000000008e-01
5.761190180583815046e-01 7.836246377418505382e-01 -2.324205329900943529e-01 4.425999999999999934e-01
0.000000000000000000e+00 0.000000000000000000e+00 0.000000000000000000e+00 1.000000000000000000e+00
2.526966626969608942e-01 1.128147089888863475e-01 -9.609460120618490420e-01 1.200999999999999984e-01
-7.703783145377857133e-01 -5.774216730172558876e-01 -2.703728241149134237e-01 -1.499999999999999944e-02
-5.853730854350401858e-01 8.086142794718049753e-01 -5.900252437442743414e-02 4.395999999999999908e-01
0.000000000000000000e+00 0.000000000000000000e+00 0.000000000000000000e+00 1.000000000000000000e+00
