0.000000000000000000e+00 0.000000000000000000e+00 0.000000000000000000e+00 0.000000000000000000e+00
0.000000000000000000e+00 0.000000000000000000e+00 0.000000000000000000e+00 0.000000000000000000e+00
0.000000000000000000e+00 0.000000000000000000e+00 0.000000000000000000e+00 0.000000000000000000e+00
0.000000000000000000e+00 0.000000000000000000e+00 0.000000000000000000e+00 0.000000000000000000e+00
-4.630792276591877421e-01 -5.154452742458203174e-01 7.210227445568005988e-01 4.970000000000000112e-02
-5.576424312047202347e-01 -4.628720478705110608e-01 -6.890459971730829025e-01 1.669999999999999957e-02
6.889067773150870932e-01 -7.211557644211203932e-01 -7.308772545052022451e-02 4.535000000000000142e-01
0.000000000000000000e+00 0.000000000000000000e+00 0.000000000000000000e+00 1.000000000000000000e+00
-2.102655334266365639e-01 9.689472678237646130e-01 -1.301137872389927508e-01 -1.969999999999999876e-02
8.765064870239119843e-01 2.457874127662237340e-01 4.139141528513935464e-01 7.979999999999999594e-02
4.330413186496327449e-01 -2.701369842409359623e-02 -9.009691872864684647e-01 4.985999999999999877e-01
0.000000000000000000e+00 0.000000000000000000e+00 0.000000000000000000e+00 1.000000000000000000e+00
2.120787378835088388e-01 9.747787732262696014e-01 -6.949066271972331732e-02 1.480000000000000066e-02
-6.017621858097188525e-01 1.862890327825036385e-01 7.766457802592301451e-01 -4.970000000000000112e-02
7.700031692579238918e-01 -1.228932037683437839e-01 6.260929482116095457e-01 4.319999999999999951e-01
0.000000000000000000e+00 0.000000000000000000e+00 0.000000000000000000e+00 1.000000000000000000e+00
9.884234017686946983e-01 -1.439882203681134842e-01 -4.781810568419737201e-02 -1.145000000000000046e-01
-8.805044842348676293e-02 -8.010586169182212224e-01 5.920744976719477526e-01 3.409999999999999837e-02
-1.235568588481610053e-01 -5.810098834411424606e-01 -8.044633105215461821e-01 4.521000000000000019e-01
0.000000000000000000e+00 0.000000000000000000e+00 0.000000000000000000e+00 1.000000000000000000e+00
6.183051778429324852e-01 6.960305203304477661e-01 -3.650208512142091855e-01 -4.760000000000000342e-02
-7.140005698545504043e-01 6.915675197387216588e-01 1.092591043794985395e-01 -3.599999999999999728e-02
3.284842359992286576e-01 1.930696258114129593e-01 9.245659664345449169e-01 4.113999999999999879e-01
0.000000000000000000e+00 0.000000000000000000e+00 0.000000000000000000e+00 1.000000000000000000e+00
7.313122369559835745e-01 -2.950438658091864008e-02 -6.814043610448343724e-01 -3.049999999999999933e-02
-5.466991866270192180e-01 -6.227107642384666075e-01 -5.597779054615321659e-01 -6.769999999999999629e-02
-4.078019266994590275e-01 7.818956421889229347e-01 -4.715260261175204803e-01 3.946999999999999953e-01
0.000000000000000000e+00 0.000000000000000000e+00 0.000000000000000000e+00 1.000000000000000000e+00
-7.373834522401196967e-01 -2.038330626654594191e-03 -6.754713092135742336e-01 9.020000000000000240e-02
-5.361721445485739812e-01 -6.064473864756001475e-01 5.871464884056597500e-01 1.355999999999999983e-01
-4.108346087814738201e-01 7.951210050333036294e-01 4.460913713379833778e-01 4.406999999999999806e-01
0.000000000000000000e+00 0.000000000000000000e+00 0.000000000000000000e+00 1.000000000000000000e+00
5.573140110782698331e-01 -3.344901072876771408e-03 8.302950708589463824e-01 1.360000000000000098e-01
6.681222091699177135e-01 -5.919055690050847307e-01 -4.508442203185880626e-01 9.489999999999999825e-02
4.929643056751257246e-01 8.060003778023800969e-01 -3.276424641475241817e-01 4.280999999999999805e-01
0.000000000000000000e+00 0.000000000000000000e+00 0.000000000000000000e+00 1.000000000000000000e+00
4.744858977533950029e-02 1.173905950089730310e-01 -9.919516518116044956e-01 1.221000000000000002e-01
-8.168060674032473489e-01 -5.670573767241844365e-01 -1.061780568475809705e-01 -3.309999999999999748e-02
-5.749578067837441964e-01 8.152701268328955697e-01 6.897927741214060493e-02 4.302000000000000268e-01
0.000000000000000000e+00 0.000000000000000000e+00 0.000000000000000000e+00 1.000000000000000000e+00
