0.000000000000000000e+00 0.000000000000000000e+00 0.000000000000000000e+00 0.000000000000000000e+00
0.000000000000000000e+00 0.000000000000000000e+00 0.000000000000000000e+00 0.000000000000000000e+00
0.000000000000000000e+00 0.000000000000000000e+00 0.000000000000000000e+00 0.000000000000000000e+00
0.000000000000000000e+00 0.000000000000000000e+00 0.000000000000000000e+00 0.000000000000000000e+00
8.020278577621497984e-02 8.264492768440317993e-01 5.572693298197125555e-01 -5.149999999999999717e-02
-9.675885338484552234e-01 -6.975589249685776316e-02 2.427067049485114314e-01 -1.399999999999999986e-03
2.394576002525948544e-01 -5.586731676624033804e-01 7.940682271790785451e-01 4.442999999999999727e-01
0.000000000000000000e+00 0.000000000000000000e+00 0.000000000000000000e+00 1.000000000000000000e+00
-9.499925096269787872e-01 -2.433181172422386185e-01 1.957307473912200391e-01 -1.247000000000000053e-01
-5.886633154331083473e-02 7.550951237371621438e-01 6.529671577644564628e-01 -5.029999999999999749e-02
-3.066740723688038961e-01 6.087919578395002418e-01 -7.316579565662364448e-01 3.887999999999999790e-01
0.000000000000000000e+00 0.000000000000000000e+00 0.000000000000000000e+00 1.000000000000000000e+00
2.741061170191283480e-02 -1.393341452401920810e-01 -9.898659779668720349e-01 1.679999999999999896e-02
-5.917914778540542819e-01 7.957984215067428480e-01 -1.284045134202486671e-01 -3.769999999999999740e-02
8.056249158916582997e-01 5.893138962365993549e-01 -6.064343820230821969e-02 4.353000000000000203e-01
0.000000000000000000e+00 0.000000000000000000e+00 0.000000000000000000e+00 1.000000000000000000e+00
8.262690471642664125e-02 9.965305114306334255e-01 -9.986711409806670048e-03 -5.480000000000000149e-02
6.941369392949193751e-01 -5.035785119254843067e-02 7.180793802425680106e-01 -1.018000000000000016e-01
7.150851027138406257e-01 -6.626482182175819080e-02 -6.958895524906711927e-01 3.133000000000000229e-01
0.000000000000000000e+00 0.000000000000000000e+00 0.000000000000000000e+00 1.000000000000000000e+00
3.506441401774148536e-01 -7.159207515478744899e-01 -6.037434591466545042e-01 2.170000000000000054e-02
-8.942061284568286750e-02 6.161347349288118780e-01 -7.825483642641553050e-01 -6.019999999999999657e-02
9.322299292328818376e-01 3.283831084531134703e-01 1.520259620101997999e-01 3.720999999999999863e-01
0.000000000000000000e+00 0.000000000000000000e+00 0.000000000000000000e+00 1.000000000000000000e+00
6.360155030953842381e-01 5.266272647908148974e-02 7.698772090808472246e-01 5.600000000000000117e-02
5.192835985604453697e-01 -7.671904811926297807e-01 -3.765146874074573602e-01 -5.120000000000000245e-02
5.708141764956782271e-01 6.392537859154301394e-01 -5.152919299817821930e-01 3.897999999999999798e-01
0.000000000000000000e+00 0.000000000000000000e+00 0.000000000000000000e+00 1.000000000000000000e+00
7.190551005981398180e-01 3.021033242841855704e-02 -6.942961170267075710e-01 -1.431000000000000050e-01
-4.421950477792787604e-01 -7.508273584859437300e-01 -4.906340973357866120e-01 8.150000000000000300e-02
-5.361187387354414691e-01 6.598072548582541996e-01 -5.265273823963334543e-01 4.179999999999999827e-01
0.000000000000000000e+00 0.000000000000000000e+00 0.000000000000000000e+00 1.000000000000000000e+00
-8.628746010899832619e-01 1.204191065099666225e-02 5.052745938414832105e-01 -1.054999999999999966e-01
3.248280466386571641e-01 -7.526945408694292183e-01 5.726584219779480289e-01 1.030999999999999972e-01
3.872133299755017299e-01 6.582597667587111179e-01 6.455694513807562762e-01 4.632000000000000006e-01
0.000000000000000000e+00 0.000000000000000000e+00 0.000000000000000000e+00 1.000000000000000000e+00
9.940633137800707342e-01 -2.092736640553573627e-02 1.067715951548584841e-01 -2.000000000000000042e-03
6.543136381658896938e-02 -6.690671168931205948e-01 -7.403161012171952660e-01 4.089999999999999886e-02
8.693022964243057871e-02 7.429072879085625303e-01 -6.637257692350497784e-01 5.077000000000000401e-01
0.000000000000000000e+00 0.000000000000000000e+00 0.000000000000000000e+00 1.000000000000000000e+00
