0.000000000000000000e+00 0.000000000000000000e+00 0.000000000000000000e+00 0.000000000000000000e+00
0.000000000000000000e+00 0.000000000000000000e+00 0.000000000000000000e+00 0.000000000000000000e+00
0.000000000000000000e+00 0.000000000000000000e+00 0.000000000000000000e+00 0.000000000000000000e+00
0.000000000000000000e+00 0.000000000000000000e+00 0.000000000000000000e+00 0.000000000000000000e+00
-4.023753447783471326e-01 -1.587360926054287580e-01 9.016079718030816093e-01 2.560000000000000123e-02
-6.919897365208285134e-01 -5.920555724891789495e-01 -4.130622273148978896e-01 2.999999999999999889e-02
5.993699078735434949e-01 -7.901095189838374111e-01 1.283848182098989987e-01 4.554000000000000270e-01
0.000000000000000000e+00 0.000000000000000000e+00 0.000000000000000000e+00 1.000000000000000000e+00
-5.754686379353444181e-01 8.164399423328705385e-01 -4.755699019427780949e-02 -6.880000000000000004e-02
7.504273505128280508e-01 5.502674362884578674e-01 3.661482488867384699e-01 6.590000000000000024e-02
3.251071182781708480e-01 1.750187679194064316e-01 -9.293405148387947623e-01 4.803999999999999937e-01
0.000000000000000000e+00 0.000000000000000000e+00 0.000000000000000000e+00 1.000000000000000000e+00
2.133521332105011714e-01 8.629841089632798168e-01 -4.579730286069064737e-01 1.990000000000000102e-02
-5.141502779052488092e-01 4.977805333862587167e-01 6.984726424933528355e-01 -4.370000000000000273e-02
8.307408494738198756e-01 8.644633166621684683e-02 5.499060581199033404e-01 4.305999999999999828e-01
0.000000000000000000e+00 0.000000000000000000e+00 0.000000000000000000e+00 1.000000000000000000e+00
9.643401523108647844e-01 2.595679814267696783e-01 -5.169655364809429277e-02 -1.302999999999999992e-01
2.432374610679668980e-01 -7.921987556610148307e-01 5.596933705720917862e-01 -7.400000000000000328e-03
1.043245329453596354e-01 -5.523093286801986634e-01 -8.270857254714052420e-01 4.167000000000000148e-01
0.000000000000000000e+00 0.000000000000000000e+00 0.000000000000000000e+00 1.000000000000000000e+00
7.237354418711452464e-01 3.713656020666935009e-01 -5.816309824804901663e-01 -3.699999999999999817e-02
-4.782486430848306713e-01 8.775348293478716366e-01 -3.479739457085917476e-02 -5.090000000000000080e-02
4.974788895692924817e-01 3.033483358830967314e-01 8.127081527521793358e-01 3.958999999999999742e-01
0.000000000000000000e+00 0.000000000000000000e+00 0.000000000000000000e+00 1.000000000000000000e+00
9.414505147105253213e-01 -4.451416986944733978e-03 -3.371218077165807347e-01 -7.300000000000000065e-03
-2.688451756759236422e-01 -6.133070348113112136e-01 -7.426821342719501784e-01 -7.489999999999999436e-02
-2.034531883924866058e-01 7.898320491963880530e-01 -5.785949655805568970e-01 3.851999999999999869e-01
0.000000000000000000e+00 0.000000000000000000e+00 0.000000000000000000e+00 1.000000000000000000e+00
-4.101385547415579147e-01 1.266279359646438341e-02 -9.119353154543582418e-01 2.730000000000000135e-02
-7.398252608482482895e-01 -5.893438936945329942e-01 3.245494698436415804e-01 1.557999999999999940e-01
-5.333338066589515813e-01 8.077830331365600802e-01 2.510809073812094727e-01 4.452999999999999736e-01
0.000000000000000000e+00 0.000000000000000000e+00 0.000000000000000000e+00 1.000000000000000000e+00
1.831610849196534385e-01 4.119845771486496666e-03 9.830742819552724665e-01 8.550000000000000655e-02
8.039412917877517550e-01 -5.761597511348353073e-01 -1.473714372966684616e-01 1.325999999999999956e-01
5.658006860456219478e-01 8.173267204998647673e-01 -1.088421592363890689e-01 4.455999999999999961e-01
0.000000000000000000e+00 0.000000000000000000e+00 0.000000000000000000e+00 1.000000000000000000e+00
4.389848811771048798e-01 1.047552258819146043e-01 -8.923668621975784365e-01 1.136000000000000065e-01
-7.446540642508121532e-01 -5.133407561037499622e-01 -4.265812850062430939e-01 7.100000000000000408e-03
-5.027748986302622569e-01 8.517673454490135576e-01 -1.473424261170901417e-01 4.516999999999999904e-01
0.000000000000000000e+00 0.000000000000000000e+00 0.000000000000000000e+00 1.000000000000000000e+00
