0.000000000000000000e+00 0.000000000000000000e+00 0.000000000000000000e+00 0.000000000000000000e+00
0.000000000000000000e+00 0.000000000000000000e+00 0.000000000000000000e+00 0.000000000000000000e+00
0.000000000000000000e+00 0.000000000000000000e+00 0.000000000000000000e+00 0.000000000000000000e+00
0.000000000000000000e+00 0.000000000000000000e+00 0.000000000000000000e+00 0.000000000000000000e+00
9.823935930649130288e-02 8.401563572109201905e-01 5.333725937101820858e-01 -5.199999999999999761e-02
-8.841430732722718178e-01 -1.723183461871600208e-01 4.342780371512983684e-01 8.399999999999999481e-03
4.567713369594380568e-01 -5.142408803327473965e-01 7.258899797675186782e-01 4.461999999999999855e-01
0.000000000000000000e+00 0.000000000000000000e+00 0.000000000000000000e+00 1.000000000000000000e+00
-9.412775154307522207e-01 -2.747381363414745925e-01 1.962539053983978488e-01 -1.226000000000000006e-01
-1.546302876183938968e-01 8.675033914966365778e-01 4.727867805817820290e-01 -5.390000000000000346e-02
-3.001434875114946665e-01 4.146767683165366591e-01 -8.590442740179289327e-01 4.022000000000000020e-01
0.000000000000000000e+00 0.000000000000000000e+00 0.000000000000000000e+00 1.000000000000000000e+00
2.387675420356938361e-02 -1.718382073644134644e-01 -9.848357889001025933e-01 1.760000000000000106e-02
-3.900666565333609226e-01 9.054344586852354215e-01 -1.674408686260904500e-01 -2.699999999999999969e-02
9.204769981208588137e-01 3.881495478744751981e-01 -4.540951899385392565e-02 4.467999999999999750e-01
0.000000000000000000e+00 0.000000000000000000e+00 0.000000000000000000e+00 1.000000000000000000e+00
4.997904429274835358e-02 9.986810169552574612e-01 -1.176101631645132262e-02 -4.979999999999999705e-02
8.417876252796138159e-01 -3.578420390577674581e-02 5.386214669663081933e-01 -1.193000000000000033e-01
5.374901757778383082e-01 -3.682006415043448389e-02 -8.424657819865837283e-01 3.417999999999999927e-01
0.000000000000000000e+00 0.000000000000000000e+00 0.000000000000000000e+00 1.000000000000000000e+00
3.317202259372959983e-01 -7.378015356934933822e-01 -5.878865414622382879e-01 2.429999999999999868e-02
1.371198216461759767e-01 6.542626166785695530e-01 -7.437328706791384025e-01 -6.320000000000000617e-02
9.333594410599970193e-01 1.661003381851881011e-01 3.181993580115081155e-01 3.907999999999999807e-01
0.000000000000000000e+00 0.000000000000000000e+00 0.000000000000000000e+00 1.000000000000000000e+00
6.103844630994692544e-01 5.674492510000572754e-02 7.900701365588801428e-01 5.800000000000000294e-02
6.544608638873364859e-01 -5.980144696686284789e-01 -4.626658315747882444e-01 -4.950000000000000233e-02
4.462194357562364599e-01 7.994740193041571796e-01 -4.021560736965716920e-01 4.064999999999999725e-01
0.000000000000000000e+00 0.000000000000000000e+00 0.000000000000000000e+00 1.000000000000000000e+00
7.411254069570620828e-01 3.355967470875834135e-02 -6.705273144295997856e-01 -1.448000000000000120e-01
-5.328693142464743238e-01 -5.781336958827463235e-01 -6.179091548273492052e-01 8.039999999999999925e-02
-4.083912647170861998e-01 8.152516040575443768e-01 -4.105866497882999511e-01 4.001000000000000112e-01
0.000000000000000000e+00 0.000000000000000000e+00 0.000000000000000000e+00 1.000000000000000000e+00
-8.788180895267838633e-01 1.561917202583404385e-02 4.769012549634583098e-01 -1.087999999999999939e-01
3.802739439436421121e-01 -5.807851918322146645e-01 7.197779438868391333e-01 1.129000000000000004e-01
2.882195223749455804e-01 8.139069986267751800e-01 5.044649685640351100e-01 4.395999999999999908e-01
0.000000000000000000e+00 0.000000000000000000e+00 0.000000000000000000e+00 1.000000000000000000e+00
9.899882323563098385e-01 -2.126860339260559091e-02 1.395383327468012746e-01 -4.799999999999999580e-03
1.122215785203450888e-01 -4.810157315605161354e-01 -8.694999616479022198e-01 6.560000000000000553e-02
8.561318304111235900e-02 8.764539420306292072e-01 -4.738131175775313064e-01 4.989999999999999991e-01
0.000000000000000000e+00 0.000000000000000000e+00 0.000000000000000000e+00 1.000000000000000000e+00
