0.000000000000000000e+00 0.000000000000000000e+00 0.000000000000000000e+00 0.000000000000000000e+00
0.000000000000000000e+00 0.000000000000000000e+00 0.000000000000000000e+00 0.000000000000000000e+00
0.000000000000000000e+00 0.000000000000000000e+00 0.000000000000000000e+00 0.000000000000000000e+00
0.000000000000000000e+00 0.000000000000000000e+00 0.000000000000000000e+00 0.000000000000000000e+00
-3.440694169644813449e-01 -9.377550933266304289e-01 4.724003862915726604e-02 7.119999999999999940e-02
4.654530659078637278e-02 -6.728460891838161650e-02 -9.966475384192094999e-01 -1.569999999999999868e-02
9.377898329285145884e-01 -3.407171353816284554e-01 6.679867448719034595e-02 4.460999999999999965e-01
0.000000000000000000e+00 0.000000000000000000e+00 0.000000000000000000e+00 1.000000000000000000e+00
5.665045910557329201e-01 7.898379114901318276e-01 -2.350077060134062312e-01 8.129999999999999727e-02
8.212465168252450765e-01 -5.175867121617085953e-01 2.401211235939798849e-01 8.369999999999999662e-02
6.801990087598860923e-02 -3.290289789160517619e-01 -9.418668823768470144e-01 4.748999999999999888e-01
0.000000000000000000e+00 0.000000000000000000e+00 0.000000000000000000e+00 1.000000000000000000e+00
1.220251983714412125e-01 7.166369894576225530e-01 6.866886312613058596e-01 -1.299999999999999940e-03
-4.479529725651629768e-01 -5.776221130670164960e-01 6.824154371539590258e-01 -4.039999999999999841e-02
8.856906826496735441e-01 -3.908760926906507116e-01 2.505352167469578895e-01 4.617999999999999883e-01
0.000000000000000000e+00 0.000000000000000000e+00 0.000000000000000000e+00 1.000000000000000000e+00
5.627632355937808306e-01 -8.260173844604901117e-01 -3.150906588697505173e-02 -3.020000000000000115e-02
-7.772030784502532708e-01 -5.417185781570168501e-01 3.201505222969182052e-01 1.116999999999999937e-01
-2.815189434327081131e-01 -1.556800007984036893e-01 -9.468425538810243403e-01 4.723999999999999866e-01
0.000000000000000000e+00 0.000000000000000000e+00 0.000000000000000000e+00 1.000000000000000000e+00
1.377450803235603649e-01 9.655395599611656943e-01 2.208158757803760919e-01 -4.429999999999999910e-02
-8.800037087935467239e-01 1.698851043999194399e-02 4.746628940865642021e-01 9.799999999999999684e-03
4.545544690752237882e-01 -2.597012681197933825e-01 8.520184774878492018e-01 4.510000000000000120e-01
0.000000000000000000e+00 0.000000000000000000e+00 0.000000000000000000e+00 1.000000000000000000e+00
-7.508351550975511657e-03 -4.881527416155262422e-02 -9.987796021473005492e-01 -5.890000000000000097e-02
-9.567965561282523179e-01 -2.899722093260796996e-01 2.136511174014743553e-02 -2.659999999999999865e-02
-2.906612716515628581e-01 9.557893004355537681e-01 -4.452907291659702338e-02 4.455999999999999961e-01
0.000000000000000000e+00 0.000000000000000000e+00 0.000000000000000000e+00 1.000000000000000000e+00
-9.961912060600446317e-01 -1.490941746197883139e-02 8.591152565039578137e-02 1.635999999999999954e-01
8.646327664224900955e-02 -2.963373952714924986e-01 9.511615267429572862e-01 3.590000000000000135e-02
1.127753345905439103e-02 9.549669404930475336e-01 2.964978242827898125e-01 3.773000000000000242e-01
0.000000000000000000e+00 0.000000000000000000e+00 0.000000000000000000e+00 1.000000000000000000e+00
9.884506859413294544e-01 -2.432495563192541010e-03 1.515233461465606002e-01 1.648999999999999910e-01
1.446151291452289489e-01 -2.837179943103307345e-01 -9.479401690649216228e-01 -2.659999999999999865e-02
4.529576011531454699e-02 9.589046786150636770e-01 -2.800894704299283777e-01 3.733000000000000207e-01
0.000000000000000000e+00 0.000000000000000000e+00 0.000000000000000000e+00 1.000000000000000000e+00
-7.032816866445439352e-01 9.797554267099745084e-02 -7.041275894812875080e-01 8.039999999999999925e-02
-6.866388848009283841e-01 -3.502171931876372213e-01 6.370831652736637096e-01 -1.049999999999999961e-01
-1.841790191898694529e-01 9.315303058055044438e-01 3.135751556742993884e-01 4.307000000000000273e-01
0.000000000000000000e+00 0.000000000000000000e+00 0.000000000000000000e+00 1.000000000000000000e+00
