0.000000000000000000e+00 0.000000000000000000e+00 0.000000000000000000e+00 0.000000000000000000e+00
0.000000000000000000e+00 0.000000000000000000e+00 0.000000000000000000e+00 0.000000000000000000e+00
0.000000000000000000e+00 0.000000000000000000e+00 0.000000000000000000e+00 0.000000000000000000e+00
0.000000000000000000e+00 0.000000000000000000e+00 0.000000000000000000e+00 0.000000000000000000e+00
2.628091173235956868e-01 9.431965695322480636e-01 2.032525499820158343e-01 -6.270000000000000573e-02
-8.413535080152408918e-01 1.209128748993726354e-01 5.267868176350058995e-01 -1.250000000000000069e-02
4.722876691191935095e-01 -3.094516245007739030e-01 8.253387484492602510e-01 4.391999999999999793e-01
0.000000000000000000e+00 0.000000000000000000e+00 0.000000000000000000e+00 1.000000000000000000e+00
-7.594930450725154714e-01 -6.108559759829139679e-01 2.236633432023212020e-01 -9.950000000000000511e-02
-4.102645327007879428e-01 7.166155970860990099e-01 5.640435259984266647e-01 -9.020000000000000240e-02
-5.048299988058175813e-01 3.366259981327874851e-01 -7.948771035114940986e-01 3.806999999999999829e-01
0.000000000000000000e+00 0.000000000000000000e+00 0.000000000000000000e+00 1.000000000000000000e+00
-5.840253667522921077e-02 -5.211161611034796914e-01 -8.514852261470369221e-01 1.250000000000000069e-02
-4.234668461528075523e-01 7.853323685619889583e-01 -4.515848769591501166e-01 -2.539999999999999897e-02
9.040270869389328556e-01 3.342020609236102113e-01 -2.665408196789351702e-01 4.557999999999999829e-01
0.000000000000000000e+00 0.000000000000000000e+00 0.000000000000000000e+00 1.000000000000000000e+00
-3.286501361846623226e-01 9.444259482866758093e-01 6.979698318361815534e-03 1.199999999999999895e-03
7.817441106264332307e-01 2.678768136893722174e-01 5.631324517274030050e-01 -1.267999999999999960e-01
5.299672003876176873e-01 1.905298950045424267e-01 -8.263371742956189259e-01 3.387000000000000011e-01
0.000000000000000000e+00 0.000000000000000000e+00 0.000000000000000000e+00 1.000000000000000000e+00
6.251359798388966826e-02 -9.204271031370092615e-01 -3.858833993292817288e-01 4.209999999999999853e-02
1.699866629514093508e-01 3.908096417847818360e-01 -9.046393526188734047e-01 -5.419999999999999818e-02
9.834615317772995580e-01 -9.042770530308275045e-03 1.808912485870546316e-01 4.028999999999999804e-01
0.000000000000000000e+00 0.000000000000000000e+00 0.000000000000000000e+00 1.000000000000000000e+00
2.679969341443548814e-01 6.201036548813360083e-02 9.614220498102039603e-01 6.560000000000000553e-02
7.771373450428125107e-01 -6.037255276183259856e-01 -1.776880250376544623e-01 -3.209999999999999659e-02
5.694165349101085738e-01 7.947768251993773125e-01 -2.099871612669768073e-01 4.257000000000000228e-01
0.000000000000000000e+00 0.000000000000000000e+00 0.000000000000000000e+00 1.000000000000000000e+00
9.389569973423232963e-01 3.097820107481097374e-02 -3.426369918734066267e-01 -1.607000000000000095e-01
-2.587820624092118660e-01 -5.926641674533335014e-01 -7.627457169936007197e-01 3.119999999999999857e-02
-2.266971577173457209e-01 8.048537355787173109e-01 -5.484695643405028687e-01 3.728000000000000203e-01
0.000000000000000000e+00 0.000000000000000000e+00 0.000000000000000000e+00 1.000000000000000000e+00
-9.936415990865192782e-01 1.535974714637765998e-02 1.115367685222424521e-01 -1.459000000000000019e-01
8.001356652996735597e-02 -6.006164539056284557e-01 7.955235411155238134e-01 7.030000000000000138e-02
7.920985883044759368e-02 7.993897381536915203e-01 5.955685055462831556e-01 4.193999999999999950e-01
0.000000000000000000e+00 0.000000000000000000e+00 0.000000000000000000e+00 1.000000000000000000e+00
8.644567633219465419e-01 -6.304262683301758985e-02 4.987385402682822377e-01 -4.800000000000000100e-02
3.979446607304616412e-01 -5.203951639833650500e-01 -7.555322099678108971e-01 5.269999999999999685e-02
3.071718596210626373e-01 8.515952680145183473e-01 -4.247716423588310253e-01 5.010000000000000009e-01
0.000000000000000000e+00 0.000000000000000000e+00 0.000000000000000000e+00 1.000000000000000000e+00
