0.000000000000000000e+00 0.000000000000000000e+00 0.000000000000000000e+00 0.000000000000000000e+00
0.000000000000000000e+00 0.000000000000000000e+00 0.000000000000000000e+00 0.000000000000000000e+00
0.000000000000000000e+00 0.000000000000000000e+00 0.000000000000000000e+00 0.000000000000000000e+00
0.000000000000000000e+00 0.000000000000000000e+00 0.000000000000000000e+00 0.000000000000000000e+00
-1.725725304828116258e-01 4.400797185766007757e-01 8.812199288601562097e-01 -1.820000000000000090e-02
-7.445308577686922114e-01 -6.440199837637270441e-01 1.758182651011668818e-01 4.009999999999999676e-02
6.448972969031382396e-01 -6.257540266035119814e-01 4.387930886380468909e-01 4.532999999999999807e-01
0.000000000000000000e+00 0.000000000000000000e+00 0.000000000000000000e+00 1.000000000000000000e+00
-9.459102794190208385e-01 3.112509042921400293e-01 9.152386501210955927e-02 -1.195999999999999980e-01
3.235524375435895883e-01 9.257557402174940719e-01 1.956786386245598919e-01 1.890000000000000013e-02
-2.382359017930235634e-02 2.147072053557695648e-01 -9.763878596742607829e-01 4.454000000000000181e-01
0.000000000000000000e+00 0.000000000000000000e+00 0.000000000000000000e+00 1.000000000000000000e+00
1.482684573858558119e-01 4.045803758963767982e-01 -9.024030053052598532e-01 2.299999999999999961e-02
-2.331759196107724974e-01 9.010636942227988611e-01 3.656681685178968522e-01 -2.589999999999999941e-02
9.610647507104237430e-01 1.562015953603191898e-01 2.279377251549246086e-01 4.476999999999999869e-01
0.000000000000000000e+00 0.000000000000000000e+00 0.000000000000000000e+00 1.000000000000000000e+00
6.077101973384793077e-01 7.929443514892644540e-01 -4.390411702900387514e-02 -1.100000000000000006e-01
7.495723313915849673e-01 -5.544510026309035222e-01 3.615596848291712795e-01 -8.140000000000000013e-02
2.623540281051743306e-01 -2.526328187762934552e-01 -9.313146744329403592e-01 3.899000000000000243e-01
0.000000000000000000e+00 0.000000000000000000e+00 0.000000000000000000e+00 1.000000000000000000e+00
6.481392828693037789e-01 -2.506974356426426298e-01 -7.190731991695057390e-01 -6.899999999999999883e-03
5.382354587213744601e-02 9.569775507270744663e-01 -2.851262760851051015e-01 -6.669999999999999540e-02
7.596173351835874277e-01 1.460984707880705891e-01 6.337481683776078345e-01 4.037000000000000033e-01
0.000000000000000000e+00 0.000000000000000000e+00 0.000000000000000000e+00 1.000000000000000000e+00
9.522329139521374941e-01 3.914958311560495785e-02 3.028527492496896900e-01 3.250000000000000111e-02
2.885070185970390333e-01 -4.403654164301704643e-01 -8.502011528059286727e-01 -7.080000000000000182e-02
1.000808563436027671e-01 8.969646649418007156e-01 -4.306253731950480113e-01 4.067999999999999949e-01
0.000000000000000000e+00 0.000000000000000000e+00 0.000000000000000000e+00 1.000000000000000000e+00
2.283191245675023628e-01 3.434998221112783856e-02 -9.729801930557604450e-01 -7.689999999999999614e-02
-8.848952976381297963e-01 -4.094268423381959288e-01 -2.221035186369183512e-01 1.438000000000000111e-01
-4.059934600146351547e-01 9.116960784686251040e-01 -6.308384048451332049e-02 4.118999999999999884e-01
0.000000000000000000e+00 0.000000000000000000e+00 0.000000000000000000e+00 1.000000000000000000e+00
-4.520502869735878448e-01 1.800430362134919360e-02 8.918107327780973037e-01 -1.909999999999999892e-02
8.131647810469865290e-01 -4.026158298815698533e-01 4.203136119537183024e-01 1.572999999999999954e-01
3.666245721605455032e-01 9.151919681574378629e-01 1.673621358259153036e-01 4.319000000000000061e-01
0.000000000000000000e+00 0.000000000000000000e+00 0.000000000000000000e+00 1.000000000000000000e+00
8.946626418229624012e-01 5.444733678624241735e-02 -4.434120485995427519e-01 6.450000000000000178e-02
-4.104448124333928694e-01 -2.917161334118780758e-01 -8.639657131239296683e-01 7.019999999999999851e-02
-1.763910804799231069e-01 9.549540224660603149e-01 -2.386398996459233590e-01 4.764999999999999791e-01
0.000000000000000000e+00 0.000000000000000000e+00 0.000000000000000000e+00 1.000000000000000000e+00
