0.000000000000000000e+00 0.000000000000000000e+00 0.000000000000000000e+00 0.000000000000000000e+00
0.000000000000000000e+00 0.000000000000000000e+00 0.000000000000000000e+00 0.000000000000000000e+00
0.000000000000000000e+00 0.000000000000000000e+00 0.000000000000000000e+00 0.000000000000000000e+00
0.000000000000000000e+00 0.000000000000000000e+00 0.000000000000000000e+00 0.000000000000000000e+00
-4.323409089334016020e-01 -8.185412051053484461e-01 3.782481117035801366e-01 6.650000000000000355e-02
-5.457707003422790359e-02 -3.949551484379398847e-01 -9.170778451957302124e-01 9.199999999999999845e-03
9.000570436861872192e-01 -4.171339428373681546e-01 1.260816871866496935e-01 4.492999999999999772e-01
0.000000000000000000e+00 0.000000000000000000e+00 0.000000000000000000e+00 1.000000000000000000e+00
2.414932359302705001e-01 9.481799668043745521e-01 -2.064843034004816003e-01 3.910000000000000281e-02
9.677696100540033042e-01 -2.196589898099041704e-01 1.231743075954364885e-01 1.066000000000000003e-01
7.143527739044128189e-02 -2.295749959088490277e-01 -9.706659169856555192e-01 4.732000000000000095e-01
0.000000000000000000e+00 0.000000000000000000e+00 0.000000000000000000e+00 1.000000000000000000e+00
1.776272236452253184e-01 9.066214852272240776e-01 3.827349630546854065e-01 5.700000000000000205e-03
-3.583725809989280475e-01 -3.026216662633749444e-01 8.831699838061441987e-01 -3.869999999999999829e-02
9.165247746832900777e-01 -2.940367487787209355e-01 2.711544352567065719e-01 4.598999999999999755e-01
0.000000000000000000e+00 0.000000000000000000e+00 0.000000000000000000e+00 1.000000000000000000e+00
8.200476716021184442e-01 -5.706698953042661504e-01 -4.310089202513112117e-02 -7.439999999999999392e-02
-5.406350060591951223e-01 -7.971836016648359280e-01 2.687230832289135840e-01 9.429999999999999494e-02
-1.877114981116449755e-01 -1.970638876864493627e-01 -9.622526786902616536e-01 4.595000000000000195e-01
0.000000000000000000e+00 0.000000000000000000e+00 0.000000000000000000e+00 1.000000000000000000e+00
3.835854394956461633e-01 9.225376109586322926e-01 -4.226780067227756121e-02 -5.070000000000000201e-02
-7.678035074949196570e-01 3.440117053774514044e-01 5.404939596718880690e-01 -6.599999999999999964e-03
5.131666244850993097e-01 -1.748722474552124317e-01 8.402854946888778098e-01 4.425999999999999934e-01
0.000000000000000000e+00 0.000000000000000000e+00 0.000000000000000000e+00 1.000000000000000000e+00
3.495204486219667395e-01 -4.314847387470255313e-02 -9.359346479308174871e-01 -5.120000000000000245e-02
-9.065135566303031966e-01 -2.680338448501364823e-01 -3.261763781458293932e-01 -4.599999999999999922e-02
-2.367881492823855072e-01 9.624427604887146881e-01 -1.327979862132167010e-01 4.380999999999999894e-01
0.000000000000000000e+00 0.000000000000000000e+00 0.000000000000000000e+00 1.000000000000000000e+00
-9.613638407724889312e-01 -9.127914478808313303e-03 -2.751295091996414088e-01 1.421000000000000041e-01
-2.632315259380608730e-01 -2.619768169046206019e-01 9.284811851388495851e-01 8.799999999999999489e-02
-8.055264990978265593e-02 9.650309987672883727e-01 2.494522840358885940e-01 3.860000000000000098e-01
0.000000000000000000e+00 0.000000000000000000e+00 0.000000000000000000e+00 1.000000000000000000e+00
8.694184107911101522e-01 -2.114504769135411300e-03 4.940720148389724509e-01 1.650999999999999968e-01
4.784568227077908853e-01 -2.458508583755791843e-01 -8.429925410348282355e-01 2.980000000000000010e-02
1.232505406958770700e-01 9.693053617439513214e-01 -2.127355633470853213e-01 3.856999999999999873e-01
0.000000000000000000e+00 0.000000000000000000e+00 0.000000000000000000e+00 1.000000000000000000e+00
-4.035094154098843866e-01 1.172932863735619557e-01 -9.074262706398040779e-01 1.072000000000000036e-01
-8.913982658093796418e-01 -2.740820504589085438e-01 3.609545142095759718e-01 -7.169999999999999984e-02
-2.063717116942241914e-01 9.545267490164588420e-01 2.151497200194926185e-01 4.396999999999999797e-01
0.000000000000000000e+00 0.000000000000000000e+00 0.000000000000000000e+00 1.000000000000000000e+00
