0.000000000000000000e+00 0.000000000000000000e+00 0.000000000000000000e+00 0.000000000000000000e+00
0.000000000000000000e+00 0.000000000000000000e+00 0.000000000000000000e+00 0.000000000000000000e+00
0.000000000000000000e+00 0.000000000000000000e+00 0.000000000000000000e+00 0.000000000000000000e+00
0.000000000000000000e+00 0.000000000000000000e+00 0.000000000000000000e+00 0.000000000000000000e+00
-3.426818650303937730e-01 2.401357681543403455e-02 9.391445509120630586e-01 1.280000000000000061e-02
-6.341680235205766625e-01 -7.434523501262364498e-01 -2.123900210362562879e-01 4.259999999999999898e-02
6.931089793988363112e-01 -6.683576521745714372e-01 2.699962804491912172e-01 4.545000000000000151e-01
0.000000000000000000e+00 0.000000000000000000e+00 0.000000000000000000e+00 1.000000000000000000e+00
-7.219805139763177948e-01 6.918336957407119625e-01 -1.050118451606250891e-02 -8.840000000000000635e-02
6.795205443276232105e-01 7.118270877531824858e-01 1.776345320525093141e-01 6.469999999999999363e-02
1.303685823930870180e-01 1.211129001327737320e-01 -9.840404961922279981e-01 4.652999999999999914e-01
0.000000000000000000e+00 0.000000000000000000e+00 0.000000000000000000e+00 1.000000000000000000e+00
2.076504951038666835e-01 7.553907370657484410e-01 -6.215031023562025414e-01 2.189999999999999933e-02
-3.084699459836686697e-01 6.535007405230895960e-01 6.912185432702206977e-01 -3.420000000000000123e-02
9.282928225015807389e-01 4.818315567746539463e-02 3.687150921795981917e-01 4.442999999999999727e-01
0.000000000000000000e+00 0.000000000000000000e+00 0.000000000000000000e+00 1.000000000000000000e+00
8.948868226948122340e-01 4.426318460457511761e-01 -5.704930703623133786e-02 -1.300999999999999934e-01
4.291119286789357168e-01 -8.182499363416222415e-01 3.825310370968283413e-01 -2.879999999999999921e-02
1.226398272692348912e-01 -3.668025225418460877e-01 -9.221796908543966609e-01 4.128999999999999893e-01
0.000000000000000000e+00 0.000000000000000000e+00 0.000000000000000000e+00 1.000000000000000000e+00
7.369964508504948109e-01 1.881835293021099365e-01 -6.491711567323182885e-01 -2.910000000000000087e-02
-2.412699812796839371e-01 9.704298212164315096e-01 7.399880211578849232e-03 -5.770000000000000129e-02
6.313675851412353657e-01 1.511718273794647738e-01 7.606063706278551884e-01 4.076000000000000179e-01
0.000000000000000000e+00 0.000000000000000000e+00 0.000000000000000000e+00 1.000000000000000000e+00
9.888687817468798658e-01 1.477966611565655064e-02 -1.480543614891214887e-01 5.100000000000000366e-03
-1.255240838502157952e-01 -4.514006155085634742e-01 -8.834484640838162761e-01 -7.749999999999999944e-02
-7.988890323446520836e-02 8.921989945006660871e-01 -4.445207726889650601e-01 4.040000000000000258e-01
0.000000000000000000e+00 0.000000000000000000e+00 0.000000000000000000e+00 1.000000000000000000e+00
-2.248218532885859489e-01 2.555884058108409684e-02 -9.740646179551111228e-01 -5.199999999999999761e-03
-8.858313382035629679e-01 -4.217858881139164851e-01 1.933895158596754538e-01 1.627000000000000113e-01
-4.059038981586287620e-01 9.063351533820729333e-01 1.174675070116160125e-01 4.200999999999999734e-01
0.000000000000000000e+00 0.000000000000000000e+00 0.000000000000000000e+00 1.000000000000000000e+00
-1.181520751964248994e-02 1.408211483377763695e-02 9.998310331816452345e-01 5.559999999999999665e-02
9.124090793370360775e-01 -4.089450295650933764e-01 1.654190851586267996e-02 1.509000000000000064e-01
4.091088764798559430e-01 9.124503585597483202e-01 -8.016879042167524005e-03 4.289999999999999925e-01
0.000000000000000000e+00 0.000000000000000000e+00 0.000000000000000000e+00 1.000000000000000000e+00
6.057379478054329969e-01 9.898925970738636781e-02 -7.894825299213695802e-01 1.032000000000000001e-01
-7.306370504456244364e-01 -3.236699893025221098e-01 -6.011715549999210317e-01 3.579999999999999849e-02
-3.150413292007582244e-01 9.409776110447520825e-01 -1.237339743479155540e-01 4.615000000000000213e-01
0.000000000000000000e+00 0.000000000000000000e+00 0.000000000000000000e+00 1.000000000000000000e+00
