0.000000000000000000e+00 0.000000000000000000e+00 0.000000000000000000e+00 0.000000000000000000e+00
0.000000000000000000e+00 0.000000000000000000e+00 0.000000000000000000e+00 0.000000000000000000e+00
0.000000000000000000e+00 0.000000000000000000e+00 0.000000000000000000e+00 0.000000000000000000e+00
0.000000000000000000e+00 0.000000000000000000e+00 0.000000000000000000e+00 0.000000000000000000e+00
-4.565175215957342214e-01 -5.760523857811166160e-01 6.780526537902289430e-01 5.330000000000000016e-02
-3.622739173131886981e-01 -5.757112541826421293e-01 -7.330171625835278926e-01 2.390000000000000110e-02
8.126188290401874514e-01 -5.802759693829590004e-01 5.413352053969822109e-02 4.521999999999999909e-01
0.000000000000000000e+00 0.000000000000000000e+00 0.000000000000000000e+00 1.000000000000000000e+00
-1.399971369053749637e-01 9.781220269329902184e-01 -1.538769056317311201e-01 -1.009999999999999960e-02
9.616999641838164248e-01 1.713093117727538806e-01 2.139773319508210259e-01 9.969999999999999696e-02
2.356564884469432020e-01 -1.180272007989864314e-01 -9.646427314422745258e-01 4.848999999999999977e-01
0.000000000000000000e+00 0.000000000000000000e+00 0.000000000000000000e+00 1.000000000000000000e+00
2.186857926396372775e-01 9.757814720331763336e-01 5.200282140520429142e-03 1.379999999999999977e-02
-4.307428410072847158e-01 9.175059769165527790e-02 8.977986593575404406e-01 -4.309999999999999942e-02
8.755781684227550432e-01 -1.985757957556544828e-01 4.403754356472009412e-01 4.474000000000000199e-01
0.000000000000000000e+00 0.000000000000000000e+00 0.000000000000000000e+00 1.000000000000000000e+00
9.745366937579649225e-01 -2.168565115635064378e-01 -5.702180207430574549e-02 -1.095000000000000001e-01
-1.761720720907485882e-01 -8.978238007467069792e-01 4.035787702890098472e-01 5.109999999999999959e-02
-1.387142153297440395e-01 -3.832566714425778565e-01 -9.131662993454199295e-01 4.534000000000000252e-01
0.000000000000000000e+00 0.000000000000000000e+00 0.000000000000000000e+00 1.000000000000000000e+00
5.948405561116958395e-01 7.415665905768574762e-01 -3.102316949393533196e-01 -4.870000000000000023e-02
-6.630590759423312663e-01 6.708302288156455795e-01 3.321738489370444913e-01 -3.049999999999999933e-02
4.544418275370680771e-01 8.111463947036823274e-03 8.907394846628309271e-01 4.265999999999999792e-01
0.000000000000000000e+00 0.000000000000000000e+00 0.000000000000000000e+00 1.000000000000000000e+00
6.785170220423171195e-01 -2.281247914206840921e-02 -7.342303736527238112e-01 -3.429999999999999716e-02
-6.686407858201527388e-01 -4.330837352107326232e-01 -6.044484906373150945e-01 -6.600000000000000311e-02
-3.041942641415751325e-01 9.010649638573862141e-01 -3.091080402902082191e-01 4.168000000000000038e-01
0.000000000000000000e+00 0.000000000000000000e+00 0.000000000000000000e+00 1.000000000000000000e+00
-7.856484141123420972e-01 6.088846150903604038e-03 -6.186432698698920429e-01 9.950000000000000511e-02
-5.645479145489420425e-01 -4.160816442414747574e-01 7.128546257854758705e-01 1.342000000000000137e-01
-2.530656467820194266e-01 9.093068740957922502e-01 3.303313293360727876e-01 4.117999999999999994e-01
0.000000000000000000e+00 0.000000000000000000e+00 0.000000000000000000e+00 1.000000000000000000e+00
6.174269710614359585e-01 6.272503131506401708e-03 7.866031980041563454e-01 1.423999999999999988e-01
7.226620756740745888e-01 -3.995056892636645873e-01 -5.640520619840001526e-01 8.890000000000000679e-02
3.107144344705261019e-01 9.167092559532872276e-01 -2.511984877765622848e-01 4.069999999999999729e-01
0.000000000000000000e+00 0.000000000000000000e+00 0.000000000000000000e+00 1.000000000000000000e+00
-2.656019449352853279e-02 1.283963983148043164e-01 -9.913671978476249480e-01 1.215999999999999998e-01
-9.241892726583108564e-01 -3.811415527652770585e-01 -2.460294817650915400e-02 -3.440000000000000002e-02
-3.810101630819947571e-01 9.155574704274220821e-01 1.287857677415169544e-01 4.378000000000000225e-01
0.000000000000000000e+00 0.000000000000000000e+00 0.000000000000000000e+00 1.000000000000000000e+00
