0.000000000000000000e+00 0.000000000000000000e+00 0.000000000000000000e+00 0.000000000000000000e+00
0.000000000000000000e+00 0.000000000000000000e+00 0.000000000000000000e+00 0.000000000000000000e+00
0.000000000000000000e+00 0.000000000000000000e+00 0.000000000000000000e+00 0.000000000000000000e+00
0.000000000000000000e+00 0.000000000000000000e+00 0.000000000000000000e+00 0.000000000000000000e+00
-2.632691010014993616e-01 2.384183794657987743e-01 9.347973346082909529e-01 -2.899999999999999800e-03
-6.657305801758079955e-01 -7.461868590955185176e-01 2.822398261588865420e-03 4.580000000000000043e-02
6.982063986219582130e-01 -6.215801216625795877e-01 3.551703496595516318e-01 4.540000000000000147e-01
0.000000000000000000e+00 0.000000000000000000e+00 0.000000000000000000e+00 1.000000000000000000e+00
-8.565557806773942406e-01 5.144531560402352266e-01 4.062197469820409690e-02 -1.068999999999999950e-01
5.149018129904947561e-01 8.467325095542109770e-01 1.338662774679627299e-01 4.630000000000000088e-02
3.447198235149323553e-02 1.355802622223067633e-01 -9.901664884899354924e-01 4.555000000000000160e-01
0.000000000000000000e+00 0.000000000000000000e+00 0.000000000000000000e+00 1.000000000000000000e+00
1.837036222967073362e-01 5.948482360164081273e-01 -7.825653680448914074e-01 2.299999999999999961e-02
-2.214350817528371318e-01 8.006937064967822870e-01 5.566471889316959576e-01 -2.750000000000000014e-02
9.577157635353941156e-01 7.102932130192743387e-02 2.788106020064597956e-01 4.489000000000000212e-01
0.000000000000000000e+00 0.000000000000000000e+00 0.000000000000000000e+00 1.000000000000000000e+00
7.709127227489267487e-01 6.347369680997068109e-01 -5.293916538280661610e-02 -1.233000000000000068e-01
6.141299568689020383e-01 -7.186880858554136609e-01 3.260856196241745941e-01 -5.589999999999999830e-02
1.689318501054103416e-01 -2.838950802269619711e-01 -9.438567759161820003e-01 4.052999999999999936e-01
0.000000000000000000e+00 0.000000000000000000e+00 0.000000000000000000e+00 1.000000000000000000e+00
7.119048350200141151e-01 -3.289647234412061694e-02 -7.015050448731207089e-01 -1.859999999999999848e-02
-5.468758116766159194e-02 9.932721492427327714e-01 -1.020769611849449005e-01 -6.279999999999999472e-02
7.001433955563366451e-01 1.110326962927354472e-01 7.053162170351736648e-01 4.097999999999999976e-01
0.000000000000000000e+00 0.000000000000000000e+00 0.000000000000000000e+00 1.000000000000000000e+00
9.963773403535096662e-01 2.902679641357175377e-02 7.993522827909685380e-02 1.919999999999999832e-02
8.484410649718575337e-02 -4.034299188575516393e-01 -9.110684815990964802e-01 -7.499999999999999722e-02
5.802863324297018177e-03 9.145500235966067537e-01 -4.044311821765047554e-01 4.099999999999999756e-01
0.000000000000000000e+00 0.000000000000000000e+00 0.000000000000000000e+00 1.000000000000000000e+00
2.179227808040917758e-03 3.198693967223958934e-02 -9.994859111846277067e-01 -4.240000000000000019e-02
-9.282260138100024704e-01 -3.717561892695591119e-01 -1.392131553299974511e-02 1.579000000000000126e-01
-3.720103738507221647e-01 9.277791609160990216e-01 2.888096808047613262e-02 4.116000000000000214e-01
0.000000000000000000e+00 0.000000000000000000e+00 0.000000000000000000e+00 1.000000000000000000e+00
-2.386656671292368692e-01 1.784383904930136877e-02 9.709378439126468141e-01 1.849999999999999908e-02
9.038814525782234988e-01 -3.614379771478610781e-01 2.288250606038231827e-01 1.595999999999999919e-01
3.550169277919537625e-01 9.322253944638310141e-01 7.013412078238134839e-02 4.259999999999999898e-01
0.000000000000000000e+00 0.000000000000000000e+00 0.000000000000000000e+00 1.000000000000000000e+00
7.705083823034729607e-01 7.992775979206878656e-02 -6.323989136729335492e-01 8.599999999999999312e-02
-5.965724040497739633e-01 -2.590562579859088110e-01 -7.595993825198987803e-01 5.859999999999999931e-02
-2.245399731147180999e-01 9.625494316724516608e-01 -1.519223224568464481e-01 4.686000000000000165e-01
0.000000000000000000e+00 0.000000000000000000e+00 0.000000000000000000e+00 1.000000000000000000e+00
