0.000000000000000000e+00 0.000000000000000000e+00 0.000000000000000000e+00 0.000000000000000000e+00
0.000000000000000000e+00 0.000000000000000000e+00 0.000000000000000000e+00 0.000000000000000000e+00
0.000000000000000000e+00 0.000000000000000000e+00 0.000000000000000000e+00 0.000000000000000000e+00
0.000000000000000000e+00 0.000000000000000000e+00 0.000000000000000000e+00 0.000000000000000000e+00
4.146546614283777021e-01 8.867002894753887032e-01 -2.045094335231978366e-01 -5.970000000000000306e-02
-4.652327476867413880e-01 3.997204318299304449e-01 7.897987508584315419e-01 -2.610000000000000167e-02
7.820613800946587535e-01 -2.323492479479022377e-01 5.782679523737088711e-01 4.436999999999999833e-01
0.000000000000000000e+00 0.000000000000000000e+00 0.000000000000000000e+00 1.000000000000000000e+00
-4.181358899762901427e-01 -8.856824186477241234e-01 2.018143473890136874e-01 -5.129999999999999838e-02
-8.221861799649956559e-01 4.634617750742352493e-01 3.304740058152939586e-01 -1.260000000000000009e-01
-3.862282524470521672e-01 -2.774592480629420321e-02 -9.219858462407868327e-01 4.158999999999999919e-01
0.000000000000000000e+00 0.000000000000000000e+00 0.000000000000000000e+00 1.000000000000000000e+00
-1.286959400408220766e-01 -8.278937892116975394e-01 -5.459205334127910092e-01 8.500000000000000611e-03
-1.075306359927430955e-01 5.589025657758300847e-01 -8.222317704225433621e-01 -8.999999999999999754e-04
9.858369628594807477e-01 -4.711470846658361022e-02 -1.609524367821235646e-01 4.717999999999999972e-01
0.000000000000000000e+00 0.000000000000000000e+00 0.000000000000000000e+00 1.000000000000000000e+00
-7.012510020109312681e-01 7.127754851354805021e-01 1.407621996649534302e-02 6.270000000000000573e-02
6.960011576859775895e-01 6.802056276521679656e-01 2.300058534257319598e-01 -1.283999999999999864e-01
1.543678097222463408e-01 1.710889005756971726e-01 -9.730874407890357514e-01 4.017000000000000015e-01
0.000000000000000000e+00 0.000000000000000000e+00 0.000000000000000000e+00 1.000000000000000000e+00
-2.461389918244965003e-01 -9.661279438660835828e-01 -7.753962074135900551e-02 5.840000000000000052e-02
4.748349408474142885e-01 -5.045601327314930273e-02 -8.786273212659689857e-01 -2.960000000000000131e-02
8.449540671859345764e-01 -2.530829642739179097e-01 4.711704973152224252e-01 4.371999999999999775e-01
0.000000000000000000e+00 0.000000000000000000e+00 0.000000000000000000e+00 1.000000000000000000e+00
-1.702770394325268111e-01 7.039864363025477578e-02 9.828783041745879911e-01 6.629999999999999782e-02
9.520424982839059691e-01 -2.455612727683342822e-01 1.825232664011203765e-01 6.199999999999999782e-03
2.542062377350963187e-01 9.668214376457610060e-01 -2.520905403127104982e-02 4.521000000000000019e-01
0.000000000000000000e+00 0.000000000000000000e+00 0.000000000000000000e+00 1.000000000000000000e+00
9.950597085221628557e-01 3.585465360549056069e-02 9.257764465905732321e-02 -1.471999999999999975e-01
9.857530715470053106e-02 -2.460501238422903025e-01 -9.642314272914722650e-01 -5.000000000000000278e-02
-1.179344288767488619e-02 9.685937127464867569e-01 -2.483689480044382059e-01 3.558999999999999941e-01
0.000000000000000000e+00 0.000000000000000000e+00 0.000000000000000000e+00 1.000000000000000000e+00
-9.455517853574080256e-01 2.603773741510745365e-02 -3.244285089780500342e-01 -1.590999999999999914e-01
-3.197286697343923456e-01 -2.607369271533419575e-01 9.109280062488523955e-01 4.100000000000000346e-03
-6.087198828110218507e-02 9.650586982401304637e-01 2.548652781250722033e-01 3.852999999999999758e-01
0.000000000000000000e+00 0.000000000000000000e+00 0.000000000000000000e+00 1.000000000000000000e+00
5.662227791966183421e-01 -8.585919820906007249e-02 8.197682370046760481e-01 -8.450000000000000566e-02
7.942966846689493154e-01 -2.088505957658668422e-01 -5.705034665733048627e-01 5.480000000000000149e-02
2.201920549038342001e-01 9.741712512341655916e-01 -5.005828828562797206e-02 4.772000000000000131e-01
0.000000000000000000e+00 0.000000000000000000e+00 0.000000000000000000e+00 1.000000000000000000e+00
