0.000000000000000000e+00 0.000000000000000000e+00 0.000000000000000000e+00 0.000000000000000000e+00
0.000000000000000000e+00 0.000000000000000000e+00 0.000000000000000000e+00 0.000000000000000000e+00
0.000000000000000000e+00 0.000000000000000000e+00 0.000000000000000000e+00 0.000000000000000000e+00
0.000000000000000000e+00 0.000000000000000000e+00 0.000000000000000000e+00 0.000000000000000000e+00
2.122280831737651807e-01 9.223562432601226657e-01 3.228284393164003729e-01 -5.909999999999999976e-02
-7.602650719815122748e-01 -5.171362554344893780e-02 6.475513271224899725e-01 2.399999999999999790e-03
6.139676384283909716e-01 -3.828637635663962868e-01 6.902601520517023248e-01 4.446999999999999842e-01
0.000000000000000000e+00 0.000000000000000000e+00 0.000000000000000000e+00 1.000000000000000000e+00
-8.363030468545997742e-01 -5.042131631473412146e-01 2.153283537545983006e-01 -1.082999999999999935e-01
-4.073740983002631655e-01 8.343112873634787041e-01 3.714445043501685695e-01 -8.029999999999999638e-02
-3.669380844989523216e-01 2.229209767761831107e-01 -9.031404543355323611e-01 4.052000000000000046e-01
0.000000000000000000e+00 0.000000000000000000e+00 0.000000000000000000e+00 1.000000000000000000e+00
-2.822172268742373369e-02 -4.084573314115307330e-01 -9.123410232937709807e-01 1.529999999999999936e-02
-2.326524170743616560e-01 8.903236672079799519e-01 -3.914033986040380553e-01 -1.590000000000000094e-02
9.721503933024002730e-01 2.012122660910739269e-01 -1.201550530626300795e-01 4.590000000000000191e-01
0.000000000000000000e+00 0.000000000000000000e+00 0.000000000000000000e+00 1.000000000000000000e+00
-2.021340404893148257e-01 9.793554852667314403e-01 -2.159433589851794677e-03 -1.580000000000000154e-02
9.016305166665923299e-01 1.869519624980546801e-01 3.900145832320372485e-01 -1.356999999999999873e-01
3.823666317698208861e-01 7.688821233512255215e-02 -9.208061477384430482e-01 3.654000000000000026e-01
0.000000000000000000e+00 0.000000000000000000e+00 0.000000000000000000e+00 1.000000000000000000e+00
1.592237883317257907e-01 -8.729600569579210045e-01 -4.610732308270747981e-01 3.740000000000000269e-02
3.465645503939105976e-01 4.867332942347604163e-01 -8.018626520132015045e-01 -5.759999999999999842e-02
9.244137588978000863e-01 -3.211602776498662104e-02 3.800365286667036768e-01 4.113999999999999879e-01
0.000000000000000000e+00 0.000000000000000000e+00 0.000000000000000000e+00 1.000000000000000000e+00
3.918529697133337208e-01 6.399138304546231337e-02 9.177997347040204312e-01 6.500000000000000222e-02
8.350358606955416985e-01 -4.435126985253767806e-01 -3.255942223062234242e-01 -3.429999999999999716e-02
3.862206124474679703e-01 8.939807543469084905e-01 -2.272268676412092514e-01 4.278000000000000136e-01
0.000000000000000000e+00 0.000000000000000000e+00 0.000000000000000000e+00 1.000000000000000000e+00
8.857989157610242081e-01 3.517006827482418996e-02 -4.627346400845068208e-01 -1.572999999999999954e-01
-4.052699663691762266e-01 -4.271627810830125327e-01 -8.082624653023007255e-01 4.359999999999999987e-02
-2.260896618506045008e-01 9.034904674400114910e-01 -3.641269559498567787e-01 3.770000000000000018e-01
0.000000000000000000e+00 0.000000000000000000e+00 0.000000000000000000e+00 1.000000000000000000e+00
-9.703911478572355698e-01 1.840716975834565117e-02 2.408364512730676865e-01 -1.348000000000000032e-01
2.092379418679670144e-01 -4.340608122701772320e-01 8.762480784196970962e-01 8.899999999999999578e-02
1.206669127937502056e-01 9.006955020165481329e-01 4.173572915428505059e-01 4.138000000000000012e-01
0.000000000000000000e+00 0.000000000000000000e+00 0.000000000000000000e+00 1.000000000000000000e+00
9.228669092624101067e-01 -4.677013379824937478e-02 3.822685212948358502e-01 -3.289999999999999869e-02
3.456632253454183790e-01 -3.370573772902396570e-01 -8.757335548316209639e-01 7.589999999999999525e-02
1.698046007393469448e-01 9.403216891036381142e-01 -2.948923847253979158e-01 4.914000000000000035e-01
0.000000000000000000e+00 0.000000000000000000e+00 0.000000000000000000e+00 1.000000000000000000e+00
