0.000000000000000000e+00 0.000000000000000000e+00 0.000000000000000000e+00 0.000000000000000000e+00
0.000000000000000000e+00 0.000000000000000000e+00 0.000000000000000000e+00 0.000000000000000000e+00
0.000000000000000000e+00 0.000000000000000000e+00 0.000000000000000000e+00 0.000000000000000000e+00
0.000000000000000000e+00 0.000000000000000000e+00 0.000000000000000000e+00 0.000000000000000000e+00
-8.861906999835644783e-02 5.943848249799832395e-01 7.992830163753894546e-01 -3.030000000000000054e-02
-8.745346159155944488e-01 -4.305424363732783810e-01 2.232093547482389695e-01 2.589999999999999941e-02
4.767975104779701989e-01 -6.792200603009869164e-01 5.579643749261538055e-01 4.524000000000000243e-01
0.000000000000000000e+00 0.000000000000000000e+00 0.000000000000000000e+00 1.000000000000000000e+00
-9.833337081889743647e-01 1.253088171277073060e-01 1.317289591903614276e-01 -1.255999999999999894e-01
1.680774422885906172e-01 9.027903550540292699e-01 3.958781987116053447e-01 -8.999999999999999320e-03
-6.931660503116542082e-02 4.114210436663086057e-01 -9.088057730315532989e-01 4.294999999999999929e-01
0.000000000000000000e+00 0.000000000000000000e+00 0.000000000000000000e+00 1.000000000000000000e+00
1.113202494754932381e-01 2.260106219268776528e-01 -9.677432515047262873e-01 2.210000000000000159e-02
-3.911877643657691306e-01 9.051440371601454649e-01 1.663923225510863246e-01 -3.030000000000000054e-02
9.135534659051026685e-01 3.600464841790004811e-01 1.891734499424148064e-01 4.395999999999999908e-01
0.000000000000000000e+00 0.000000000000000000e+00 0.000000000000000000e+00 1.000000000000000000e+00
4.437443733213215502e-01 8.955108231732528123e-01 -3.393076369948572202e-02 -9.410000000000000309e-02
7.697518634327770171e-01 -3.614934886478811116e-01 5.261221592053987317e-01 -9.370000000000000551e-02
4.588823377375019219e-01 -2.595820164124365004e-01 -8.497318264416238165e-01 3.583999999999999964e-01
0.000000000000000000e+00 0.000000000000000000e+00 0.000000000000000000e+00 1.000000000000000000e+00
5.670043498001376969e-01 -4.261976950103196771e-01 -7.048840983279547334e-01 3.500000000000000073e-03
5.273423179950498252e-03 8.575986944879692153e-01 -5.142923975915802970e-01 -6.579999999999999738e-02
8.236979169062457196e-01 2.878888743602667222e-01 4.885097109617068112e-01 3.856999999999999873e-01
0.000000000000000000e+00 0.000000000000000000e+00 0.000000000000000000e+00 1.000000000000000000e+00
8.756314086499202842e-01 4.576058570810478954e-02 4.808072430625474070e-01 4.259999999999999898e-02
4.100649340324574732e-01 -5.964043689785536451e-01 -6.900352009428571964e-01 -6.419999999999999318e-02
2.551791254446817980e-01 8.013786854283959649e-01 -5.409952092933383305e-01 3.925000000000000155e-01
0.000000000000000000e+00 0.000000000000000000e+00 0.000000000000000000e+00 1.000000000000000000e+00
4.118737565834700298e-01 3.470883927523171764e-02 -9.105796533604221255e-01 -1.029000000000000054e-01
-7.401957225371326166e-01 -5.700812807147757066e-01 -3.565355882886487304e-01 1.252000000000000057e-01
-5.314793514103369754e-01 8.208548165508726679e-01 -2.091101842801548205e-01 4.242000000000000215e-01
0.000000000000000000e+00 0.000000000000000000e+00 0.000000000000000000e+00 1.000000000000000000e+00
-6.155629507908881859e-01 1.712062972688627172e-02 7.879017309610185649e-01 -5.020000000000000157e-02
6.432053325686124534e-01 -5.667759953620794544e-01 5.148318863829479675e-01 1.433999999999999997e-01
4.553780339112935560e-01 8.236940300372941337e-01 3.378742238052585556e-01 4.525000000000000133e-01
0.000000000000000000e+00 0.000000000000000000e+00 0.000000000000000000e+00 1.000000000000000000e+00
9.640395088651351196e-01 3.029863644536213985e-02 -2.640261691132544941e-01 4.370000000000000273e-02
-2.208368124352887429e-01 -4.613650186106539319e-01 -8.592865772696628435e-01 6.360000000000000375e-02
-1.478476500337093935e-01 8.866929075119204251e-01 -4.380830516552391973e-01 4.895999999999999797e-01
0.000000000000000000e+00 0.000000000000000000e+00 0.000000000000000000e+00 1.000000000000000000e+00
