0.000000000000000000e+00 0.000000000000000000e+00 0.000000000000000000e+00 0.000000000000000000e+00
0.000000000000000000e+00 0.000000000000000000e+00 0.000000000000000000e+00 0.000000000000000000e+00
0.000000000000000000e+00 0.000000000000000000e+00 0.000000000000000000e+00 0.000000000000000000e+00
0.000000000000000000e+00 0.000000000000000000e+00 0.000000000000000000e+00 0.000000000000000000e+00
3.703024912750997322e-01 9.237149294634520169e-01 -9.811622720928778185e-02 -6.489999999999999936e-02
-8.691337275728608924e-01 3.818133171477792187e-01 3.143646838369628105e-01 -3.549999999999999684e-02
3.278454339330638678e-01 -3.113390330394233407e-02 9.442182224011046454e-01 4.273000000000000131e-01
0.000000000000000000e+00 0.000000000000000000e+00 0.000000000000000000e+00 1.000000000000000000e+00
-5.204993408831217749e-01 -8.242030869557095407e-01 2.230912539588111865e-01 -6.900000000000000577e-02
-3.992949927316549186e-01 4.658937364477254706e-01 7.896242999795566320e-01 -1.003000000000000003e-01
-7.547476034540707701e-01 3.219197070566763852e-01 -5.715975483580035821e-01 3.458999999999999853e-01
0.000000000000000000e+00 0.000000000000000000e+00 0.000000000000000000e+00 1.000000000000000000e+00
-1.226945019262120073e-01 -7.559887084890590803e-01 -6.429829949805226930e-01 6.400000000000000307e-03
-6.538920486151997835e-01 5.489497899779964829e-01 -5.206527795382740464e-01 -3.749999999999999861e-02
7.465730024283597777e-01 3.565602343506043548e-01 -5.616881263877187003e-01 4.586999999999999966e-01
0.000000000000000000e+00 0.000000000000000000e+00 0.000000000000000000e+00 1.000000000000000000e+00
-6.101485674471134324e-01 7.919331786966098408e-01 2.367627761534940589e-02 4.370000000000000273e-02
5.302426054004728551e-01 3.859586628579781964e-01 7.549030997306873658e-01 -1.038000000000000034e-01
5.886947469277725720e-01 4.731572159910117925e-01 -6.554088372117674588e-01 3.234000000000000208e-01
0.000000000000000000e+00 0.000000000000000000e+00 0.000000000000000000e+00 1.000000000000000000e+00
-1.722594011593472363e-01 -9.696924337708390240e-01 -1.732722787978802637e-01 5.179999999999999882e-02
-9.216558487313403214e-02 1.909960974149800261e-01 -9.772543147703368627e-01 -4.469999999999999668e-02
9.807304439432971144e-01 -1.523715021250190427e-01 -1.222731436700188468e-01 4.098999999999999866e-01
0.000000000000000000e+00 0.000000000000000000e+00 0.000000000000000000e+00 1.000000000000000000e+00
-5.057020089831620879e-02 5.830588553465188006e-02 9.970170903716366606e-01 6.429999999999999605e-02
6.322373584247950040e-01 -7.709238007667775783e-01 7.715190226652640648e-02 -2.529999999999999957e-02
7.731226147210683575e-01 6.342530387182441221e-01 2.122612431022519175e-03 4.420999999999999930e-01
0.000000000000000000e+00 0.000000000000000000e+00 0.000000000000000000e+00 1.000000000000000000e+00
9.993306445710171682e-01 2.383736171155539235e-02 -2.774964878891040057e-02 -1.560999999999999888e-01
6.143325166201030196e-04 -7.693827934312562622e-01 -6.387877110335450359e-01 4.300000000000000003e-03
-3.657711602675130236e-02 6.383430874996213200e-01 -7.688824469479169643e-01 3.497000000000000108e-01
0.000000000000000000e+00 0.000000000000000000e+00 0.000000000000000000e+00 1.000000000000000000e+00
-9.779089986577327309e-01 1.232101146191806607e-02 -2.086676376939787247e-01 -1.610000000000000042e-01
-1.403771031383836965e-01 -7.783707256044285483e-01 6.119095377884795628e-01 3.160000000000000309e-02
-1.548814361332754297e-01 6.276840018660587717e-01 7.629053247570786178e-01 4.057999999999999940e-01
0.000000000000000000e+00 0.000000000000000000e+00 0.000000000000000000e+00 1.000000000000000000e+00
6.610017013787514717e-01 -9.228354835063226624e-02 7.446881880882846305e-01 -7.920000000000000651e-02
4.616976862287069938e-01 -7.323064155499117156e-01 -5.005622441570065639e-01 1.209999999999999964e-02
5.915335977824541791e-01 6.746933084359565402e-01 -4.414486858586046392e-01 5.033999999999999586e-01
0.000000000000000000e+00 0.000000000000000000e+00 0.000000000000000000e+00 1.000000000000000000e+00
