0.000000000000000000e+00 0.000000000000000000e+00 0.000000000000000000e+00 0.000000000000000000e+00
0.000000000000000000e+00 0.000000000000000000e+00 0.000000000000000000e+00 0.000000000000000000e+00
0.000000000000000000e+00 0.000000000000000000e+00 0.000000000000000000e+00 0.000000000000000000e+00
0.000000000000000000e+00 0.000000000000000000e+00 0.000000000000000000e+00 0.000000000000000000e+00
-4.649718995275025080e-01 -4.900653645240614087e-01 7.373174832754783026e-01 4.839999999999999858e-02
-7.087201327575993748e-01 -2.930762239322410867e-01 -6.417336678012692808e-01 4.899999999999999842e-03
5.305816676759924633e-01 -8.209398671398033809e-01 -2.110469816572724255e-01 4.536000000000000032e-01
0.000000000000000000e+00 0.000000000000000000e+00 0.000000000000000000e+00 1.000000000000000000e+00
-2.382225158365833817e-01 9.636828047198047198e-01 -1.206875504592732906e-01 -2.319999999999999840e-02
7.498277961505666056e-01 2.614726807996404778e-01 6.077748870391352920e-01 5.469999999999999862e-02
6.172587051378644052e-01 5.429078266907094719e-02 -7.848848334938740567e-01 5.101999999999999869e-01
0.000000000000000000e+00 0.000000000000000000e+00 0.000000000000000000e+00 1.000000000000000000e+00
2.093538927406679573e-01 9.727943890867476462e-01 -9.920697634576969293e-02 1.540000000000000049e-02
-7.591065600960504867e-01 2.256373235074673467e-01 6.106103738551512672e-01 -5.539999999999999786e-02
6.163831422203805976e-01 -5.252499216304296059e-02 7.856926544042538429e-01 4.166000000000000258e-01
0.000000000000000000e+00 0.000000000000000000e+00 0.000000000000000000e+00 1.000000000000000000e+00
9.924468573319618070e-01 -1.144169966939588556e-01 -4.424913829044941488e-02 -1.160000000000000059e-01
-4.080680999414781213e-02 -6.480650708045749830e-01 7.604909389737412040e-01 1.930000000000000118e-02
-1.156894101895857563e-01 -7.529411762352989923e-01 -6.478391355108070737e-01 4.521999999999999909e-01
0.000000000000000000e+00 0.000000000000000000e+00 0.000000000000000000e+00 1.000000000000000000e+00
6.269387410211237910e-01 6.767240579757969332e-01 -3.859952905977200865e-01 -4.680000000000000132e-02
-7.600797283456368625e-01 6.400283894109197735e-01 -1.124387268964169295e-01 -3.839999999999999664e-02
1.709579526224830337e-01 3.638793895026678493e-01 9.156228308262603921e-01 3.981000000000000094e-01
0.000000000000000000e+00 0.000000000000000000e+00 0.000000000000000000e+00 1.000000000000000000e+00
7.511086987022487227e-01 -3.212311707338444400e-02 -6.593965635968268568e-01 -2.879999999999999921e-02
-4.262634317741296197e-01 -7.863024699135929829e-01 -4.472448015795432719e-01 -6.510000000000000508e-02
-5.041182494871183639e-01 6.170061030146077874e-01 -6.042915350861457480e-01 3.750999999999999890e-01
0.000000000000000000e+00 0.000000000000000000e+00 0.000000000000000000e+00 1.000000000000000000e+00
-7.169644046544509930e-01 -5.076832653992419120e-03 -6.970912911726068195e-01 8.649999999999999356e-02
-4.393597633148638160e-01 -7.730734499521254577e-01 4.575155072333891293e-01 1.241000000000000020e-01
-5.412254990652192177e-01 6.342961979622153690e-01 5.520355898058407762e-01 4.693999999999999839e-01
0.000000000000000000e+00 0.000000000000000000e+00 0.000000000000000000e+00 1.000000000000000000e+00
5.324581093871167958e-01 -7.008032878912773267e-03 8.464273443261773888e-01 1.335000000000000075e-01
5.458447075809815807e-01 -7.614328832547414549e-01 -3.496763067526927893e-01 8.809999999999999776e-02
6.469481563106349586e-01 6.482058714432774593e-01 -4.016058157854924815e-01 4.490999999999999992e-01
0.000000000000000000e+00 0.000000000000000000e+00 0.000000000000000000e+00 1.000000000000000000e+00
7.715270773377103097e-02 1.129462538101267399e-01 -9.906011323633773236e-01 1.223999999999999949e-01
-6.617134660688690495e-01 -7.373902537596459528e-01 -1.356130616253768406e-01 -3.710000000000000103e-02
-7.457766076463318017e-01 6.659570236963816559e-01 1.784640235414403087e-02 4.213000000000000078e-01
0.000000000000000000e+00 0.000000000000000000e+00 0.000000000000000000e+00 1.000000000000000000e+00
