0.000000000000000000e+00 0.000000000000000000e+00 0.000000000000000000e+00 0.000000000000000000e+00
0.000000000000000000e+00 0.000000000000000000e+00 0.000000000000000000e+00 0.000000000000000000e+00
0.000000000000000000e+00 0.000000000000000000e+00 0.000000000000000000e+00 0.000000000000000000e+00
0.000000000000000000e+00 0.000000000000000000e+00 0.000000000000000000e+00 0.000000000000000000e+00
-3.889129346415640676e-01 -9.085963052996237632e-01 1.523137658399902339e-01 7.199999999999999456e-02
-5.321943303825478200e-01 8.661902384053798976e-02 -8.421795173343884500e-01 -2.750000000000000014e-02
7.520079281345096733e-01 -4.085950302007907986e-01 -5.172370610446015426e-01 4.406999999999999806e-01
0.000000000000000000e+00 0.000000000000000000e+00 0.000000000000000000e+00 1.000000000000000000e+00
4.700687146618842682e-01 8.555053856374155163e-01 -2.171311553911620118e-01 7.000000000000000666e-02
6.596320134356652432e-01 -1.770554944713891299e-01 7.304361428135262013e-01 3.679999999999999938e-02
5.864477899582657416e-01 -4.865818400052233095e-01 -6.475469887430538307e-01 5.224999999999999645e-01
0.000000000000000000e+00 0.000000000000000000e+00 0.000000000000000000e+00 1.000000000000000000e+00
1.299207836502983548e-01 7.921680971250677494e-01 5.963139239301237238e-01 2.200000000000000133e-03
-8.726410161677273791e-01 -1.941891843174536891e-01 4.480939829945029818e-01 -6.110000000000000153e-02
4.707634723270787691e-01 -5.785847099529775051e-01 6.660491622479385310e-01 4.319000000000000061e-01
0.000000000000000000e+00 0.000000000000000000e+00 0.000000000000000000e+00 1.000000000000000000e+00
6.560915263612319137e-01 -7.543194864355421414e-01 -2.336710124531943267e-02 -4.370000000000000273e-02
-4.289683219562477889e-01 -3.982246622717164897e-01 8.108041052662587900e-01 5.390000000000000346e-02
-6.209106922859597422e-01 -5.219379567939063103e-01 -5.848509908196897200e-01 5.255999999999999561e-01
0.000000000000000000e+00 0.000000000000000000e+00 0.000000000000000000e+00 1.000000000000000000e+00
2.121835574800506885e-01 9.686465941951888370e-01 1.292358831330190638e-01 -4.569999999999999757e-02
-9.689754096725332611e-01 2.256958735047659426e-01 -1.007374217104399089e-01 -1.679999999999999896e-02
-1.267469659796886805e-01 -1.038515682933195544e-01 9.864836837869958019e-01 4.479000000000000203e-01
0.000000000000000000e+00 0.000000000000000000e+00 0.000000000000000000e+00 1.000000000000000000e+00
1.098222349969826261e-01 -5.995277945387350593e-02 -9.921414923971392241e-01 -5.580000000000000238e-02
-6.042938494739167332e-01 -7.965407086433944350e-01 -1.875747749231004846e-02 -4.410000000000000031e-02
-7.891565245173246534e-01 6.016049897645749933e-01 -1.237069767721399316e-01 4.210999999999999743e-01
0.000000000000000000e+00 0.000000000000000000e+00 0.000000000000000000e+00 1.000000000000000000e+00
-9.991696544268984237e-01 -2.556853234650155460e-02 -3.172147263413203910e-02 1.612999999999999989e-01
1.360125326547867095e-03 -7.990708096675245287e-01 6.012353875117322222e-01 6.019999999999999657e-02
-4.072040927505723995e-02 6.006930091909947755e-01 7.984420811665298157e-01 4.242000000000000215e-01
0.000000000000000000e+00 0.000000000000000000e+00 0.000000000000000000e+00 1.000000000000000000e+00
9.637828304536915081e-01 -1.468304654507074369e-02 2.662838032378728736e-01 1.696000000000000008e-01
1.518944828192924090e-01 -7.904819359922103938e-01 -5.933518138162769961e-01 1.209999999999999964e-02
2.192047486067092155e-01 6.123093311506542236e-01 -7.596226439319111456e-01 3.850000000000000089e-01
0.000000000000000000e+00 0.000000000000000000e+00 0.000000000000000000e+00 1.000000000000000000e+00
-6.151845931463497674e-01 9.356096828596885406e-02 -7.828117663709149854e-01 9.160000000000000087e-02
-4.914557494010619587e-01 -8.219102413519034922e-01 2.879840300112078699e-01 -9.009999999999999953e-02
-6.164569431322844961e-01 5.618806816168782081e-01 5.516075932125587000e-01 3.775999999999999912e-01
0.000000000000000000e+00 0.000000000000000000e+00 0.000000000000000000e+00 1.000000000000000000e+00
