0.000000000000000000e+00 0.000000000000000000e+00 0.000000000000000000e+00 0.000000000000000000e+00
0.000000000000000000e+00 0.000000000000000000e+00 0.000000000000000000e+00 0.000000000000000000e+00
0.000000000000000000e+00 0.000000000000000000e+00 0.000000000000000000e+00 0.000000000000000000e+00
0.000000000000000000e+00 0.000000000000000000e+00 0.000000000000000000e+00 0.000000000000000000e+00
3.538081003297804950e-01 9.350515415873597025e-01 -2.232583069303539780e-02 -6.339999999999999802e-02
-6.874698320599921253e-01 2.761640507101208453e-01 6.716536660383715107e-01 -2.129999999999999949e-02
6.341963876816378853e-01 -2.222881725834281452e-01 7.405288044236237877e-01 4.395000000000000018e-01
0.000000000000000000e+00 0.000000000000000000e+00 0.000000000000000000e+00 1.000000000000000000e+00
-5.854218596903093541e-01 -7.808316051310657535e-01 2.181358535985841451e-01 -7.570000000000000340e-02
-6.331834435789376325e-01 6.083921728787612393e-01 4.784743365713334251e-01 -1.127999999999999975e-01
-5.063200301926220614e-01 1.419893249800945612e-01 -8.505757218598701819e-01 3.915000000000000147e-01
0.000000000000000000e+00 0.000000000000000000e+00 0.000000000000000000e+00 1.000000000000000000e+00
-1.007708210942093174e-01 -7.070454657950328015e-01 -6.999513918228067455e-01 9.700000000000000289e-03
-2.908687924202842945e-01 6.937316250640601645e-01 -6.588867717460595852e-01 -1.510000000000000057e-02
9.514413209504645197e-01 1.371974550954338512e-01 -2.755653662987640473e-01 4.660000000000000253e-01
0.000000000000000000e+00 0.000000000000000000e+00 0.000000000000000000e+00 1.000000000000000000e+00
-5.468617829056086066e-01 8.371283536736853215e-01 1.258212513386053333e-02 3.509999999999999926e-02
7.603410179033289751e-01 4.902966674886650722e-01 4.260172700058520445e-01 -1.323999999999999899e-01
3.504621618534995986e-01 2.425392696556469274e-01 -9.046275342835174982e-01 3.674000000000000044e-01
0.000000000000000000e+00 0.000000000000000000e+00 0.000000000000000000e+00 1.000000000000000000e+00
-1.110805683504201280e-01 -9.686383570942356247e-01 -2.222629984966635885e-01 5.140000000000000124e-02
3.196765158969754328e-01 1.769349293628046382e-01 -9.308603310676367704e-01 -4.420000000000000318e-02
9.409931097085242335e-01 -1.744527556020812886e-01 2.899969026453936838e-01 4.223999999999999977e-01
0.000000000000000000e+00 0.000000000000000000e+00 0.000000000000000000e+00 1.000000000000000000e+00
2.723391012498443953e-02 6.704287426606020395e-02 9.973783470426104136e-01 6.669999999999999540e-02
8.906145904147264591e-01 -4.547159852629023558e-01 6.246926187909007666e-03 -1.439999999999999961e-02
4.539426896423307545e-01 8.881095798135123509e-01 -7.209305627973705555e-02 4.434000000000000163e-01
0.000000000000000000e+00 0.000000000000000000e+00 0.000000000000000000e+00 1.000000000000000000e+00
9.938846690401490491e-01 3.312524265480141367e-02 -1.053374717088549628e-01 -1.579000000000000126e-01
-7.933963576871860823e-02 -4.492656031311954568e-01 -8.898683273604305333e-01 -9.900000000000000813e-03
-7.680160703423047353e-02 8.927839246661107842e-01 -4.438900505921887785e-01 3.565999999999999726e-01
0.000000000000000000e+00 0.000000000000000000e+00 0.000000000000000000e+00 1.000000000000000000e+00
-9.910967702387141198e-01 2.033647661305189314e-02 -1.315812286815870036e-01 -1.577000000000000068e-01
-1.260724750166537511e-01 -4.611212197105971633e-01 8.783353299143705772e-01 3.769999999999999740e-02
-4.281265076545161252e-02 8.871040798303082564e-01 4.595796214834352300e-01 3.970000000000000195e-01
0.000000000000000000e+00 0.000000000000000000e+00 0.000000000000000000e+00 1.000000000000000000e+00
7.174324372985604326e-01 -7.877571337183086886e-02 6.921597249873806534e-01 -7.069999999999999896e-02
6.156047113986766739e-01 -3.933739859971139285e-01 -6.828526535384444873e-01 5.369999999999999774e-02
3.260698348752905096e-01 9.159974312865195589e-01 -2.337245572482684608e-01 4.904999999999999916e-01
0.000000000000000000e+00 0.000000000000000000e+00 0.000000000000000000e+00 1.000000000000000000e+00
