0.000000000000000000e+00 0.000000000000000000e+00 0.000000000000000000e+00 0.000000000000000000e+00
0.000000000000000000e+00 0.000000000000000000e+00 0.000000000000000000e+00 0.000000000000000000e+00
0.000000000000000000e+00 0.000000000000000000e+00 0.000000000000000000e+00 0.000000000000000000e+00
0.000000000000000000e+00 0.000000000000000000e+00 0.000000000000000000e+00 0.000000000000000000e+00
-4.484563197386066680e-01 -7.777160744658750957e-01 4.405049793179348638e-01 6.539999999999999980e-02
-4.349363809764881239e-01 -2.406750503213888059e-01 -8.677014836082006521e-01 -2.500000000000000052e-03
7.808439497041518296e-01 -5.807178554773277934e-01 -2.303247675353947699e-01 4.486999999999999877e-01
0.000000000000000000e+00 0.000000000000000000e+00 0.000000000000000000e+00 1.000000000000000000e+00
1.690074383451909412e-01 9.667890841606854302e-01 -1.917168551060114134e-01 3.039999999999999994e-02
8.702094510091866741e-01 -5.503537481262132935e-02 4.895984261550723748e-01 7.549999999999999767e-02
4.627872050503190060e-01 -2.495795950533158947e-01 -8.506103858845932564e-01 5.080999999999999961e-01
0.000000000000000000e+00 0.000000000000000000e+00 0.000000000000000000e+00 1.000000000000000000e+00
1.812718221693052634e-01 9.328535752295605832e-01 3.113273737865763224e-01 8.000000000000000167e-03
-6.847783840736598737e-01 -1.074851290077647459e-01 7.207811815992782867e-01 -5.380000000000000060e-02
7.058463651481725609e-01 -3.438475741133141250e-01 6.193139386316941497e-01 4.364000000000000101e-01
0.000000000000000000e+00 0.000000000000000000e+00 0.000000000000000000e+00 1.000000000000000000e+00
8.612416345678466367e-01 -5.066628348155420847e-01 -3.944133242655881166e-02 -8.160000000000000586e-02
-3.727579185784170024e-01 -6.825608619208953787e-01 6.286192837567825542e-01 6.339999999999999802e-02
-3.454191381843076947e-01 -5.266910304822769451e-01 -7.767124161396719018e-01 4.848000000000000087e-01
0.000000000000000000e+00 0.000000000000000000e+00 0.000000000000000000e+00 1.000000000000000000e+00
4.258879529945223119e-01 8.991023890496957494e-01 -1.011649420464659221e-01 -5.009999999999999870e-02
-8.858880177875166906e-01 4.371096197079172851e-01 1.553628021738289455e-01 -2.079999999999999905e-02
1.839072359496490838e-01 2.345366418982777756e-02 9.826637543948748554e-01 4.304000000000000048e-01
0.000000000000000000e+00 0.000000000000000000e+00 0.000000000000000000e+00 1.000000000000000000e+00
4.200128236471117882e-01 -4.640289418377091524e-02 -9.063310649996225710e-01 -4.780000000000000221e-02
-7.142773641248065797e-01 -6.329639472152628343e-01 -2.986042341035911596e-01 -5.510000000000000314e-02
-5.598187877080391672e-01 7.727893716511916589e-01 -2.989975116820500212e-01 4.104999999999999760e-01
0.000000000000000000e+00 0.000000000000000000e+00 0.000000000000000000e+00 1.000000000000000000e+00
-9.376031548803047677e-01 -1.320270474137294481e-02 -3.474564901480637347e-01 1.365000000000000102e-01
-2.630243121760549307e-01 -6.266450921348190040e-01 7.335762671376832023e-01 9.919999999999999651e-02
-2.274170951419715869e-01 7.791929267459095643e-01 5.840717830424022594e-01 4.260999999999999788e-01
0.000000000000000000e+00 0.000000000000000000e+00 0.000000000000000000e+00 1.000000000000000000e+00
8.292066603132235425e-01 -7.489810855815709489e-03 5.588919548763736644e-01 1.637000000000000122e-01
4.377228121378944348e-01 -6.131040729766557007e-01 -6.576489454363395604e-01 4.750000000000000056e-02
3.475846000994347595e-01 7.899666438735118978e-01 -5.051115197072191254e-01 4.037999999999999923e-01
0.000000000000000000e+00 0.000000000000000000e+00 0.000000000000000000e+00 1.000000000000000000e+00
-3.328699111201542937e-01 1.139390250459693665e-01 -9.360638444264550717e-01 1.120000000000000023e-01
-7.555476591869951797e-01 -6.261852723595326964e-01 1.924571104871682370e-01 -7.019999999999999851e-02
-5.642210178360185235e-01 7.713040277682932100e-01 2.945245996185976711e-01 4.098999999999999866e-01
0.000000000000000000e+00 0.000000000000000000e+00 0.000000000000000000e+00 1.000000000000000000e+00
