0.000000000000000000e+00 0.000000000000000000e+00 0.000000000000000000e+00 0.000000000000000000e+00
0.000000000000000000e+00 0.000000000000000000e+00 0.000000000000000000e+00 0.000000000000000000e+00
0.000000000000000000e+00 0.000000000000000000e+00 0.000000000000000000e+00 0.000000000000000000e+00
0.000000000000000000e+00 0.000000000000000000e+00 0.000000000000000000e+00 0.000000000000000000e+00
1.130622114342464402e-01 8.472420536484982501e-01 5.190354890323710668e-01 -5.050000000000000322e-02
-6.187075374460929700e-01 -3.487115593353471432e-01 7.039895109256255612e-01 2.580000000000000002e-02
7.774431937144917759e-01 -4.007257801981116696e-01 4.847689445824945320e-01 4.495000000000000107e-01
0.000000000000000000e+00 0.000000000000000000e+00 0.000000000000000000e+00 1.000000000000000000e+00
-9.356199462863756811e-01 -2.956574579287691296e-01 1.928781576077943094e-01 -1.195999999999999980e-01
-2.841187431369937566e-01 9.549588308374818979e-01 8.561641900806532535e-02 -5.070000000000000201e-02
-2.095038326841157650e-01 2.530412963545240757e-02 -9.774803553596653760e-01 4.349999999999999978e-01
0.000000000000000000e+00 0.000000000000000000e+00 0.000000000000000000e+00 1.000000000000000000e+00
2.506852816344506962e-02 -1.930404265165693578e-01 -9.808705126702605970e-01 1.959999999999999937e-02
1.977275009029755282e-02 9.810826669845248427e-01 -1.925768389407163661e-01 -4.799999999999999580e-03
9.994901736633459155e-01 -1.456688960735853799e-02 2.841123857880589743e-02 4.645000000000000240e-01
0.000000000000000000e+00 0.000000000000000000e+00 0.000000000000000000e+00 1.000000000000000000e+00
2.872694931906161209e-02 9.994520776966366871e-01 -1.644100881018308036e-02 -4.510000000000000120e-02
9.886625369261607954e-01 -2.598404808861398685e-02 1.478892062445964217e-01 -1.335000000000000075e-01
1.473809704865191583e-01 -2.050301521252573256e-02 -9.888672691042246221e-01 4.062999999999999945e-01
0.000000000000000000e+00 0.000000000000000000e+00 0.000000000000000000e+00 1.000000000000000000e+00
3.220630940474542570e-01 -7.522705718252998830e-01 -5.747733033276833936e-01 2.750000000000000014e-02
5.128669095195467209e-01 6.489540148672411357e-01 -5.619841810118482162e-01 -6.060000000000000109e-02
7.957656040395626462e-01 -1.137878436096095014e-01 5.948188212172049738e-01 4.280999999999999805e-01
0.000000000000000000e+00 0.000000000000000000e+00 0.000000000000000000e+00 1.000000000000000000e+00
5.935532002775774085e-01 6.299391100693207957e-02 8.023255982556564136e-01 6.090000000000000274e-02
7.925887692950072116e-01 -2.187249649215783354e-01 -5.691769781952540352e-01 -4.089999999999999886e-02
1.396339544225262408e-01 9.737510754274449898e-01 -1.797531693078673332e-01 4.365999999999999881e-01
0.000000000000000000e+00 0.000000000000000000e+00 0.000000000000000000e+00 1.000000000000000000e+00
7.550107078452547027e-01 3.916689042378013186e-02 -6.545416608081865428e-01 -1.444999999999999896e-01
-6.367357473051309391e-01 -1.946186745837124032e-01 -7.461173899642441487e-01 7.069999999999999896e-02
-1.566091285423174273e-01 9.800966922695999450e-01 -1.220002240137501026e-01 3.783000000000000251e-01
0.000000000000000000e+00 0.000000000000000000e+00 0.000000000000000000e+00 1.000000000000000000e+00
-8.885410344538904326e-01 2.133564762025369488e-02 4.583007966742306261e-01 -1.095000000000000001e-01
4.455561771778014379e-01 -1.981252443780998629e-01 8.730555999011870849e-01 1.173000000000000015e-01
1.094281639721407240e-01 9.799444768356737612e-01 1.665361799998538173e-01 4.011000000000000121e-01
0.000000000000000000e+00 0.000000000000000000e+00 0.000000000000000000e+00 1.000000000000000000e+00
9.868375425839446269e-01 -1.806522860098658256e-02 1.607025577347027112e-01 -5.000000000000000104e-03
1.587258970983656814e-01 -8.197113577865744460e-02 -9.839140320624946146e-01 1.005000000000000060e-01
3.094760309297629741e-02 9.964709631568553494e-01 -7.802477457864642751e-02 4.744999999999999774e-01
0.000000000000000000e+00 0.000000000000000000e+00 0.000000000000000000e+00 1.000000000000000000e+00
