0.000000000000000000e+00 0.000000000000000000e+00 0.000000000000000000e+00 0.000000000000000000e+00
0.000000000000000000e+00 0.000000000000000000e+00 0.000000000000000000e+00 0.000000000000000000e+00
0.000000000000000000e+00 0.000000000000000000e+00 0.000000000000000000e+00 0.000000000000000000e+00
0.000000000000000000e+00 0.000000000000000000e+00 0.000000000000000000e+00 0.000000000000000000e+00
-4.506920659074735713e-01 -5.349771226298896121e-01 7.146160787378760260e-01 5.059999999999999915e-02
-2.239562053329602065e-01 -7.071646027586924177e-01 -6.706428577849783412e-01 3.440000000000000002e-02
8.641297818157381849e-01 -4.622961203252582418e-01 1.989020294298166069e-01 4.516999999999999904e-01
0.000000000000000000e+00 0.000000000000000000e+00 0.000000000000000000e+00 1.000000000000000000e+00
-1.945078216312641217e-01 9.696083528875363289e-01 -1.484127667519840876e-01 -1.729999999999999941e-02
9.798756471688683245e-01 1.989837314830122939e-01 1.578577494099735190e-02 1.112999999999999962e-01
4.483774536762152180e-02 -1.423555991726879189e-01 -9.887995044368362851e-01 4.687000000000000055e-01
0.000000000000000000e+00 0.000000000000000000e+00 0.000000000000000000e+00 1.000000000000000000e+00
2.260399054494286464e-01 9.728437431509665556e-01 -4.980976366566758351e-02 1.480000000000000066e-02
-2.420207294405457565e-01 1.056162847009738393e-01 9.645056593545884294e-01 -3.450000000000000289e-02
9.435740181170101382e-01 -2.059617727103240648e-01 2.593218473567957538e-01 4.596999999999999975e-01
0.000000000000000000e+00 0.000000000000000000e+00 0.000000000000000000e+00 1.000000000000000000e+00
9.846640748512324182e-01 -1.628143997797728559e-01 -6.267480292524932328e-02 -1.134000000000000008e-01
-1.458073921386687233e-01 -9.652658267390101798e-01 2.167996497404376666e-01 5.220000000000000334e-02
-9.579595030629964314e-02 -2.043363769724036716e-01 -9.742021253059887087e-01 4.465999999999999970e-01
0.000000000000000000e+00 0.000000000000000000e+00 0.000000000000000000e+00 1.000000000000000000e+00
6.210844805879283115e-01 7.049305526089539864e-01 -3.425302672337995902e-01 -4.809999999999999692e-02
-5.297228001505998041e-01 6.996733508109047595e-01 4.794277392534230797e-01 -2.949999999999999845e-02
5.776225609976042286e-01 -1.163190361182354637e-01 8.079740459093309735e-01 4.364000000000000101e-01
0.000000000000000000e+00 0.000000000000000000e+00 0.000000000000000000e+00 1.000000000000000000e+00
7.179091315284316099e-01 -1.548900196963387543e-02 -6.959644888110871896e-01 -3.160000000000000309e-02
-6.762545298126040327e-01 -2.527474914193563738e-01 -6.919526837068823433e-01 -6.550000000000000266e-02
-1.651856221831275451e-01 9.674082883659864684e-01 -1.919242398051013154e-01 4.335999999999999854e-01
0.000000000000000000e+00 0.000000000000000000e+00 0.000000000000000000e+00 1.000000000000000000e+00
-7.504659817242291808e-01 1.241920640255550490e-02 -6.607923831181925500e-01 9.160000000000000087e-02
-6.448467906967405572e-01 -2.328461908931367397e-01 7.279802661574497069e-01 1.371999999999999886e-01
-1.448220521978726416e-01 9.724342726883334898e-01 1.827516306310532634e-01 3.911999999999999922e-01
0.000000000000000000e+00 0.000000000000000000e+00 0.000000000000000000e+00 1.000000000000000000e+00
5.729490239283274722e-01 1.152441831126554961e-02 8.195099778295342752e-01 1.368000000000000049e-01
8.017534459258708335e-01 -2.153557474176452935e-01 -5.575063353901718033e-01 9.420000000000000595e-02
1.700612475714803895e-01 9.764676593911209013e-01 -1.326276073736436523e-01 3.953999999999999737e-01
0.000000000000000000e+00 0.000000000000000000e+00 0.000000000000000000e+00 1.000000000000000000e+00
2.861901367220531789e-02 1.324235722459484177e-01 -9.907799703112956102e-01 1.221000000000000002e-01
-9.801855613509304899e-01 -1.906373535752794446e-01 -5.379279450795459994e-02 -2.179999999999999993e-02
-1.960031055253750321e-01 9.726877180963249270e-01 1.243438204695865856e-01 4.491999999999999882e-01
0.000000000000000000e+00 0.000000000000000000e+00 0.000000000000000000e+00 1.000000000000000000e+00
