0.000000000000000000e+00 0.000000000000000000e+00 0.000000000000000000e+00 0.000000000000000000e+00
0.000000000000000000e+00 0.000000000000000000e+00 0.000000000000000000e+00 0.000000000000000000e+00
0.000000000000000000e+00 0.000000000000000000e+00 0.000000000000000000e+00 0.000000000000000000e+00
0.000000000000000000e+00 0.000000000000000000e+00 0.000000000000000000e+00 0.000000000000000000e+00
-4.023542618365114620e-01 -8.860812772833168705e-01 2.301543352404257226e-01 6.990000000000000380e-02
-2.144047371187561279e-01 -1.532057986492105783e-01 -9.646546490642622373e-01 -1.030000000000000013e-02
8.900234023232386216e-01 -4.374790889953756312e-01 -1.283370172972049250e-01 4.464000000000000190e-01
0.000000000000000000e+00 0.000000000000000000e+00 0.000000000000000000e+00 1.000000000000000000e+00
3.966011375126472505e-01 8.914603574755475268e-01 -2.191026443775687116e-01 5.940000000000000141e-02
8.726339080860847641e-01 -2.920134874222564125e-01 3.914564926296388858e-01 8.100000000000000255e-02
2.849870175676096351e-01 -3.464484870988193688e-01 -8.937314169284071852e-01 4.951999999999999735e-01
0.000000000000000000e+00 0.000000000000000000e+00 0.000000000000000000e+00 1.000000000000000000e+00
1.507057293251408137e-01 8.347457453802060723e-01 5.296105396593063785e-01 2.700000000000000143e-03
-5.987500870682769261e-01 -3.492154404444733906e-01 7.207960248162466055e-01 -4.970000000000000112e-02
7.866295928734871046e-01 -4.257324473478816262e-01 4.471753200824873931e-01 4.496999999999999886e-01
0.000000000000000000e+00 0.000000000000000000e+00 0.000000000000000000e+00 1.000000000000000000e+00
7.149274580599424000e-01 -6.983541924276325252e-01 -3.435333507388305119e-02 -5.500000000000000028e-02
-5.907745384257953036e-01 -6.296144994392414151e-01 5.045503214186484175e-01 8.939999999999999336e-02
-3.739841901200340879e-01 -3.404218030835011732e-01 -8.626985693309334735e-01 4.874999999999999889e-01
0.000000000000000000e+00 0.000000000000000000e+00 0.000000000000000000e+00 1.000000000000000000e+00
2.735450142846144184e-01 9.588611107500096820e-01 7.588475111171996690e-02 -4.839999999999999858e-02
-9.196261300944873485e-01 2.375979848544090833e-01 3.127858347824608587e-01 -6.499999999999999702e-03
2.818881090210564322e-01 -1.553466056416476504e-01 9.467874767381281309e-01 4.449000000000000177e-01
0.000000000000000000e+00 0.000000000000000000e+00 0.000000000000000000e+00 1.000000000000000000e+00
1.904352627896184202e-01 -5.057442658089733589e-02 -9.803961638349381058e-01 -5.550000000000000072e-02
-8.594411788817126752e-01 -4.912334595326051101e-01 -1.415999586088949047e-01 -4.290000000000000063e-02
-4.744420625626075694e-01 8.695584601460917273e-01 -1.370139177590983248e-01 4.309999999999999942e-01
0.000000000000000000e+00 0.000000000000000000e+00 0.000000000000000000e+00 1.000000000000000000e+00
-9.934914682816775588e-01 -1.597710142387930715e-02 -1.127804711889775907e-01 1.547999999999999932e-01
-9.044219197284689149e-02 -4.912574303687202715e-01 8.663061508604616989e-01 6.990000000000000380e-02
-6.924530570849869726e-02 8.708678828258700211e-01 4.866150617271556289e-01 3.986999999999999988e-01
0.000000000000000000e+00 0.000000000000000000e+00 0.000000000000000000e+00 1.000000000000000000e+00
9.389757480775554610e-01 -6.247653649918277763e-03 3.439266074994283273e-01 1.681999999999999884e-01
2.993335810773689598e-01 -4.777805059710265034e-01 -8.259087088495120632e-01 1.099999999999999936e-02
1.694814201073184257e-01 8.784570307863330818e-01 -4.467541754706563228e-01 3.825000000000000067e-01
0.000000000000000000e+00 0.000000000000000000e+00 0.000000000000000000e+00 1.000000000000000000e+00
-5.488493671918275307e-01 1.063476502006669433e-01 -8.291287894108654299e-01 9.679999999999999716e-02
-7.421028530826022651e-01 -5.185429295786394555e-01 4.247311922035678089e-01 -9.120000000000000329e-02
-3.847697072013236408e-01 8.484122862622859307e-01 3.635228533935779272e-01 4.144999999999999796e-01
0.000000000000000000e+00 0.000000000000000000e+00 0.000000000000000000e+00 1.000000000000000000e+00
