0.000000000000000000e+00 0.000000000000000000e+00 0.000000000000000000e+00 0.000000000000000000e+00
0.000000000000000000e+00 0.000000000000000000e+00 0.000000000000000000e+00 0.000000000000000000e+00
0.000000000000000000e+00 0.000000000000000000e+00 0.000000000000000000e+00 0.000000000000000000e+00
0.000000000000000000e+00 0.000000000000000000e+00 0.000000000000000000e+00 0.000000000000000000e+00
-3.500433224928931608e-01 -9.356420022233966627e-01 4.520747784968676131e-02 7.099999999999999367e-02
-1.261325065261749145e-01 -7.423455812287649280e-04 -9.920131247722797641e-01 -2.110000000000000070e-02
9.282027058652442264e-01 -3.529497026467532939e-01 -1.177550178379147550e-01 4.441999999999999837e-01
0.000000000000000000e+00 0.000000000000000000e+00 0.000000000000000000e+00 1.000000000000000000e+00
5.674953647839915405e-01 7.909619666011220573e-01 -2.287535318616301105e-01 8.100000000000000255e-02
7.929958220474295771e-01 -4.502669467776720946e-01 4.103867722707866261e-01 7.130000000000000226e-02
2.216001741064431152e-01 -4.142931860772011698e-01 -8.827539401248774009e-01 4.909000000000000030e-01
0.000000000000000000e+00 0.000000000000000000e+00 0.000000000000000000e+00 1.000000000000000000e+00
1.156414442905167039e-01 7.181369054907215110e-01 6.862262318904849279e-01 -1.600000000000000077e-03
-6.037903784193862089e-01 -4.977475663868682343e-01 6.226431876156072187e-01 -4.800000000000000100e-02
7.887104888934707292e-01 -4.863401537279853359e-01 3.760439064541025722e-01 4.546000000000000041e-01
0.000000000000000000e+00 0.000000000000000000e+00 0.000000000000000000e+00 1.000000000000000000e+00
5.630602125936190472e-01 -8.260353363434153051e-01 -2.507628573072737121e-02 -3.030000000000000054e-02
-7.136942242228773159e-01 -5.013342784649528205e-01 4.891875872780603318e-01 9.969999999999999696e-02
-4.166578348056517722e-01 -2.575452665999614643e-01 -8.718180339652421562e-01 4.929999999999999938e-01
0.000000000000000000e+00 0.000000000000000000e+00 0.000000000000000000e+00 1.000000000000000000e+00
1.333919709472983772e-01 9.671516951032892440e-01 2.163889570787507488e-01 -4.449999999999999789e-02
-9.490716041153781646e-01 6.177551438774731007e-02 3.089447783730814301e-01 3.500000000000000073e-03
2.854289269654676775e-01 -2.465793675086452863e-01 9.261365683150504235e-01 4.530000000000000138e-01
0.000000000000000000e+00 0.000000000000000000e+00 0.000000000000000000e+00 1.000000000000000000e+00
-7.246770879945074739e-03 -5.529181638644359298e-02 -9.984439390133534875e-01 -5.909999999999999976e-02
-8.866953155546115628e-01 -4.612469892456967369e-01 3.197862231691184220e-02 -3.139999999999999736e-02
-4.622974169139614786e-01 8.855473053160219932e-01 -4.568444332823728971e-02 4.410000000000000031e-01
0.000000000000000000e+00 0.000000000000000000e+00 0.000000000000000000e+00 1.000000000000000000e+00
-9.961066835266125796e-01 -2.126349766234630900e-02 8.555313378699898330e-02 1.638999999999999901e-01
8.555313378699898330e-02 -4.672517306828405381e-01 8.799752732168751868e-01 4.209999999999999853e-02
2.126349766234630900e-02 8.838685896902626071e-01 4.672517306828406491e-01 3.866999999999999882e-01
0.000000000000000000e+00 0.000000000000000000e+00 0.000000000000000000e+00 1.000000000000000000e+00
9.883772770150105469e-01 -8.718482120182217965e-03 1.517707032002984791e-01 1.650999999999999968e-01
1.311803986059787708e-01 -4.556123248811694282e-01 -8.804596029562924420e-01 -1.859999999999999848e-02
7.682487423985509545e-02 8.901356062341826414e-01 -4.491731750807639312e-01 3.713000000000000189e-01
0.000000000000000000e+00 0.000000000000000000e+00 0.000000000000000000e+00 1.000000000000000000e+00
-7.031482479735846614e-01 9.176375257522262352e-02 -7.050971245757504668e-01 8.010000000000000453e-02
-6.391712246872169878e-01 -5.160208736849256628e-01 5.702478438830689278e-01 -1.059999999999999970e-01
-3.115167522036677017e-01 8.516465649756119749e-01 4.214919233647539398e-01 4.126000000000000223e-01
0.000000000000000000e+00 0.000000000000000000e+00 0.000000000000000000e+00 1.000000000000000000e+00
