0.000000000000000000e+00 0.000000000000000000e+00 0.000000000000000000e+00 0.000000000000000000e+00
0.000000000000000000e+00 0.000000000000000000e+00 0.000000000000000000e+00 0.000000000000000000e+00
0.000000000000000000e+00 0.000000000000000000e+00 0.000000000000000000e+00 0.000000000000000000e+00
0.000000000000000000e+00 0.000000000000000000e+00 0.000000000000000000e+00 0.000000000000000000e+00
-4.451215907804388916e-01 -3.845649636718158071e-01 8.086881711371735060e-01 4.059999999999999720e-02
-4.818180673597480812e-01 -6.583618145508403074e-01 -5.782828642688992993e-01 3.180000000000000188e-02
7.547967404452730067e-01 -6.470467601784433143e-01 1.077607106313402952e-01 4.532999999999999807e-01
0.000000000000000000e+00 0.000000000000000000e+00 0.000000000000000000e+00 1.000000000000000000e+00
-3.608875880151096727e-01 9.268689408946171326e-01 -1.033156097670002438e-01 -4.009999999999999676e-02
9.013185247327326621e-01 3.750878082300757033e-01 2.166426852925533164e-01 9.130000000000000615e-02
2.395518018931326598e-01 -1.493661682070929198e-02 -9.707686808337525619e-01 4.808999999999999941e-01
0.000000000000000000e+00 0.000000000000000000e+00 0.000000000000000000e+00 1.000000000000000000e+00
2.202673972255748680e-01 9.489437535466180851e-01 -2.258052840930132033e-01 1.679999999999999896e-02
-4.113377802962614460e-01 3.002640457369782911e-01 8.606060267849665602e-01 -4.170000000000000095e-02
8.844679215327233557e-01 -9.668120521858136751e-02 4.564747970447734504e-01 4.431999999999999829e-01
0.000000000000000000e+00 0.000000000000000000e+00 0.000000000000000000e+00 1.000000000000000000e+00
9.984621372172244325e-01 1.396337802356379700e-02 -5.365057891377801591e-02 -1.236000000000000015e-01
3.523726986501521385e-02 -9.069644521872637366e-01 4.197306484891424883e-01 2.460000000000000034e-02
-4.279831020113478157e-02 -4.209756602736399178e-01 -9.060616966305881093e-01 4.385000000000000009e-01
0.000000000000000000e+00 0.000000000000000000e+00 0.000000000000000000e+00 1.000000000000000000e+00
6.751394896589227868e-01 5.797564953392141396e-01 -4.561458929060757117e-01 -4.479999999999999954e-02
-5.433051299030841053e-01 8.090565225695628415e-01 2.241586025755855638e-01 -4.139999999999999930e-02
4.990052157283350609e-01 9.648807905455557277e-02 8.612106857652659375e-01 4.163999999999999924e-01
0.000000000000000000e+00 0.000000000000000000e+00 0.000000000000000000e+00 1.000000000000000000e+00
8.296250818413558603e-01 -1.655044862472818123e-02 -5.580755381039772534e-01 -2.230000000000000038e-02
-5.005721620011751583e-01 -4.647623226227295401e-01 -7.303584695885951827e-01 -7.280000000000000360e-02
-2.472847229595730167e-01 8.852807837746428099e-01 -3.938631737928302012e-01 4.073999999999999844e-01
0.000000000000000000e+00 0.000000000000000000e+00 0.000000000000000000e+00 1.000000000000000000e+00
-6.217412687112831016e-01 7.292168483474137375e-03 -7.831887505959805873e-01 6.619999999999999496e-02
-7.043713823004843499e-01 -4.424687938504581197e-01 5.550516392774872410e-01 1.509000000000000064e-01
-3.424890517628108588e-01 8.967542532641422648e-01 2.802375040484075264e-01 4.199999999999999845e-01
0.000000000000000000e+00 0.000000000000000000e+00 0.000000000000000000e+00 1.000000000000000000e+00
4.192580476650902277e-01 3.100090425304513619e-03 9.078618170775836216e-01 1.179999999999999938e-01
8.216314913918747465e-01 -4.266771869831644803e-01 -3.779791931592232923e-01 1.155999999999999944e-01
3.861921566024104635e-01 9.043986773251542211e-01 -1.814349763173868091e-01 4.186000000000000276e-01
0.000000000000000000e+00 0.000000000000000000e+00 0.000000000000000000e+00 1.000000000000000000e+00
2.046724232809247201e-01 1.182484821320989865e-01 -9.716617187178716586e-01 1.208000000000000046e-01
-8.933276858497090078e-01 -3.831870977508047282e-01 -2.348047993796516519e-01 -1.039999999999999952e-02
-4.000935451150359201e-01 9.160703818980120428e-01 2.720681103166711079e-02 4.446999999999999842e-01
0.000000000000000000e+00 0.000000000000000000e+00 0.000000000000000000e+00 1.000000000000000000e+00
