0.000000000000000000e+00 0.000000000000000000e+00 0.000000000000000000e+00 0.000000000000000000e+00
0.000000000000000000e+00 0.000000000000000000e+00 0.000000000000000000e+00 0.000000000000000000e+00
0.000000000000000000e+00 0.000000000000000000e+00 0.000000000000000000e+00 0.000000000000000000e+00
0.000000000000000000e+00 0.000000000000000000e+00 0.000000000000000000e+00 0.000000000000000000e+00
-2.699485550840150516e-01 2.383914916199865175e-01 9.328972474668635328e-01 -3.399999999999999811e-03
-8.071196369599260567e-01 -5.843486649230817953e-01 -8.422902965301831690e-02 3.350000000000000200e-02
5.250577770509923248e-01 -7.756971925473301610e-01 3.501545319319179228e-01 4.554000000000000270e-01
0.000000000000000000e+00 0.000000000000000000e+00 0.000000000000000000e+00 1.000000000000000000e+00
-8.545787094962087327e-01 5.172546111836308080e-01 4.629142993109528620e-02 -1.074999999999999983e-01
4.975498366429443875e-01 7.899527419251286542e-01 3.583557249180629456e-01 3.409999999999999837e-02
1.487931091562171293e-01 3.292754663412413296e-01 -9.324367420545933705e-01 4.565000000000000169e-01
0.000000000000000000e+00 0.000000000000000000e+00 0.000000000000000000e+00 1.000000000000000000e+00
1.777296079380084048e-01 5.980706805116697833e-01 -7.814880981656150416e-01 2.210000000000000159e-02
-4.373857008299332771e-01 7.593892902401432332e-01 4.816862615625233102e-01 -3.690000000000000224e-02
8.815361224429262288e-01 2.562018090897870137e-01 3.965535245681349741e-01 4.334999999999999964e-01
0.000000000000000000e+00 0.000000000000000000e+00 0.000000000000000000e+00 1.000000000000000000e+00
7.728211954966069941e-01 6.329026285625717341e-01 -4.670827067857138970e-02 -1.241000000000000020e-01
5.543303346545519483e-01 -6.373789122508342064e-01 5.352251884017754646e-01 -5.360000000000000181e-02
3.089745618541559491e-01 -4.395251812769447319e-01 -8.434170588448526296e-01 3.840000000000000080e-01
0.000000000000000000e+00 0.000000000000000000e+00 0.000000000000000000e+00 1.000000000000000000e+00
7.077763644679120336e-01 -2.924572461432775605e-02 -7.058309326548166673e-01 -1.940000000000000058e-02
-2.184141219364393871e-01 9.411298659906858211e-01 -2.580113305246262145e-01 -6.189999999999999669e-02
6.718242993814078634e-01 3.367777649016285846e-01 6.597217957810275202e-01 3.871999999999999886e-01
0.000000000000000000e+00 0.000000000000000000e+00 0.000000000000000000e+00 1.000000000000000000e+00
9.966864405825418549e-01 2.228777060633575086e-02 7.822655840763226287e-02 1.830000000000000029e-02
7.579384415192672031e-02 -6.035134365887384611e-01 -7.937422913298273208e-01 -7.399999999999999634e-02
2.952003298739330414e-02 7.970412706618461574e-01 -6.032029347691978405e-01 3.846999999999999864e-01
0.000000000000000000e+00 0.000000000000000000e+00 0.000000000000000000e+00 1.000000000000000000e+00
1.900904632385902460e-04 2.555049051030339191e-02 -9.996735148538740123e-01 -4.229999999999999732e-02
-8.174807418018548155e-01 -5.757639109850174464e-01 -1.487130089554145052e-02 1.526000000000000134e-01
-5.759559016528128517e-01 8.172166733748886802e-01 2.077758670720908363e-02 4.398000000000000242e-01
0.000000000000000000e+00 0.000000000000000000e+00 0.000000000000000000e+00 1.000000000000000000e+00
-2.364388621774653476e-01 1.114248707930076687e-02 9.715824769076030210e-01 1.849999999999999908e-02
7.990416987907252855e-01 -5.667024560106022069e-01 2.009494711244174114e-01 1.506000000000000116e-01
5.528372527659991542e-01 8.238471771713725689e-01 1.250871720877237969e-01 4.545000000000000151e-01
0.000000000000000000e+00 0.000000000000000000e+00 0.000000000000000000e+00 1.000000000000000000e+00
7.691212120712089817e-01 7.377750135971380963e-02 -6.348302461565862309e-01 8.550000000000000655e-02
-5.328494217097086150e-01 -4.744314940981391171e-01 -7.007041110136548179e-01 4.220000000000000140e-02
-3.528796606858256579e-01 8.771953247144700372e-01 -3.255830268508046466e-01 4.728999999999999870e-01
0.000000000000000000e+00 0.000000000000000000e+00 0.000000000000000000e+00 1.000000000000000000e+00
