0.000000000000000000e+00 0.000000000000000000e+00 0.000000000000000000e+00 0.000000000000000000e+00
0.000000000000000000e+00 0.000000000000000000e+00 0.000000000000000000e+00 0.000000000000000000e+00
0.000000000000000000e+00 0.000000000000000000e+00 0.000000000000000000e+00 0.000000000000000000e+00
0.000000000000000000e+00 0.000000000000000000e+00 0.000000000000000000e+00 0.000000000000000000e+00
-3.766136743497492390e-01 -9.185371376548915334e-01 1.202150865804286206e-01 7.119999999999999940e-02
-3.453818404798528752e-01 1.881347583105941190e-02 -9.382736473939272681e-01 -2.319999999999999840e-02
8.595775267883232207e-01 -3.948867937471612355e-01 -3.243314594123680727e-01 4.428000000000000269e-01
0.000000000000000000e+00 0.000000000000000000e+00 0.000000000000000000e+00 1.000000000000000000e+00
5.004551884634251824e-01 8.367829081557393023e-01 -2.221237694585192213e-01 7.299999999999999545e-02
7.592064329435838088e-01 -3.008573824488169901e-01 5.771398683188729839e-01 5.739999999999999963e-02
4.161132015655323313e-01 -4.574704362518632883e-01 -7.858566048831128192e-01 5.086000000000000520e-01
0.000000000000000000e+00 0.000000000000000000e+00 0.000000000000000000e+00 1.000000000000000000e+00
1.270740007955679651e-01 7.702907261965163954e-01 6.249035089175377644e-01 5.000000000000000104e-04
-7.521983407473655792e-01 -3.358373650029804480e-01 5.669311425956105044e-01 -5.600000000000000117e-02
6.465677493493763306e-01 -5.420935910002053770e-01 5.367352085505329162e-01 4.434000000000000163e-01
0.000000000000000000e+00 0.000000000000000000e+00 0.000000000000000000e+00 1.000000000000000000e+00
6.285817247433567179e-01 -7.773456963008389398e-01 -2.487335444267607665e-02 -4.019999999999999962e-02
-5.707710962856202830e-01 -4.827924126754850054e-01 6.641775680553324568e-01 7.779999999999999416e-02
-5.283042409100822123e-01 -4.032928894805219988e-01 -7.471609427231014067e-01 5.107000000000000428e-01
0.000000000000000000e+00 0.000000000000000000e+00 0.000000000000000000e+00 1.000000000000000000e+00
1.890904177558020427e-01 9.693410856767354922e-01 1.569161353461896169e-01 -4.599999999999999922e-02
-9.784594536439061851e-01 1.725147668390103473e-01 1.133832121495521456e-01 -8.099999999999999561e-03
8.283665546003601832e-02 -1.749757550105994763e-01 9.810818384164829986e-01 4.505000000000000115e-01
0.000000000000000000e+00 0.000000000000000000e+00 0.000000000000000000e+00 1.000000000000000000e+00
7.417197224722793525e-02 -5.757425872865895577e-02 -9.955821027242313104e-01 -5.750000000000000250e-02
-7.642842292042801855e-01 -6.445796601852546992e-01 -1.966414669089294742e-02 -4.030000000000000249e-02
-6.405998247912465526e-01 7.623662285327879040e-01 -9.181284262082933800e-02 4.304999999999999938e-01
0.000000000000000000e+00 0.000000000000000000e+00 0.000000000000000000e+00 1.000000000000000000e+00
-9.997277868657159505e-01 -2.294764722397855256e-02 4.213983324695416526e-03 1.615999999999999936e-01
1.808237247447189167e-02 -6.479349128595452978e-01 7.614810414602504185e-01 5.650000000000000161e-02
-1.474381138889951232e-02 7.613499551353353212e-01 6.481734843706208338e-01 4.052999999999999936e-01
0.000000000000000000e+00 0.000000000000000000e+00 0.000000000000000000e+00 1.000000000000000000e+00
9.727722862871864828e-01 -1.164391428817314333e-02 2.314702967804934397e-01 1.678999999999999937e-01
1.711830121476174971e-01 -6.371810452150683535e-01 -7.514630343341590635e-01 8.000000000000000383e-04
1.562384568013543695e-01 7.706261965951342052e-01 -6.178388218116830366e-01 3.774000000000000132e-01
0.000000000000000000e+00 0.000000000000000000e+00 0.000000000000000000e+00 1.000000000000000000e+00
-6.429656203591007646e-01 9.435287570185846295e-02 -7.600610145791104610e-01 8.770000000000000018e-02
-5.980922229909700905e-01 -6.817448092196496390e-01 4.213190096586952871e-01 -9.850000000000000422e-02
-4.784149912303717334e-01 7.254802202326772198e-01 4.947701953606236103e-01 3.945000000000000173e-01
0.000000000000000000e+00 0.000000000000000000e+00 0.000000000000000000e+00 1.000000000000000000e+00
