0.000000000000000000e+00 0.000000000000000000e+00 0.000000000000000000e+00 0.000000000000000000e+00
0.000000000000000000e+00 0.000000000000000000e+00 0.000000000000000000e+00 0.000000000000000000e+00
0.000000000000000000e+00 0.000000000000000000e+00 0.000000000000000000e+00 0.000000000000000000e+00
0.000000000000000000e+00 0.000000000000000000e+00 0.000000000000000000e+00 0.000000000000000000e+00
-4.201317672096029909e-01 -8.594704622803583938e-01 2.912040910580124820e-01 6.969999999999999807e-02
-4.246457313952631818e-01 -9.739406415784834792e-02 -9.001057710483801877e-01 -1.409999999999999969e-02
8.019758730717017059e-01 -5.018216024987405266e-01 -3.240521227773056623e-01 4.460999999999999965e-01
0.000000000000000000e+00 0.000000000000000000e+00 0.000000000000000000e+00 1.000000000000000000e+00
3.339195172232714004e-01 9.189113441254134207e-01 -2.099992801297262401e-01 5.210000000000000048e-02
8.072953281699358774e-01 -1.637915693329983213e-01 5.669625868877319341e-01 6.350000000000000089e-02
4.865922411345795506e-01 -3.588513110649861337e-01 -7.965260368717193007e-01 5.129000000000000226e-01
0.000000000000000000e+00 0.000000000000000000e+00 0.000000000000000000e+00 1.000000000000000000e+00
1.580936602930406165e-01 8.685540708806637200e-01 4.697022679653308219e-01 4.899999999999999842e-03
-7.487745650712710477e-01 -2.046432982748322971e-01 6.304425201186278915e-01 -5.659999999999999754e-02
6.436948386288935398e-01 -4.513700770186530042e-01 6.179983885858424397e-01 4.375000000000000000e-01
0.000000000000000000e+00 0.000000000000000000e+00 0.000000000000000000e+00 1.000000000000000000e+00
7.614079610037955970e-01 -6.474102323240805701e-01 -3.343513125624722471e-02 -6.230000000000000121e-02
-4.577327308875821510e-01 -5.734219410483416546e-01 6.794615696259416193e-01 6.769999999999999629e-02
-4.590628105109786361e-01 -5.020430943718199313e-01 -7.329488845747218484e-01 5.019000000000000128e-01
0.000000000000000000e+00 0.000000000000000000e+00 0.000000000000000000e+00 1.000000000000000000e+00
3.173635786079016530e-01 9.480056946083526004e-01 2.378154669741144867e-02 -4.850000000000000144e-02
-9.442470347014659815e-01 3.135892791174971217e-01 1.002960691156794260e-01 -1.600000000000000033e-02
8.762360658335667518e-02 -5.428597436450265795e-02 9.946733818478413758e-01 4.398000000000000242e-01
0.000000000000000000e+00 0.000000000000000000e+00 0.000000000000000000e+00 1.000000000000000000e+00
2.576050864894444681e-01 -5.214514781622064943e-02 -9.648422166209302819e-01 -5.290000000000000258e-02
-7.235546512857882195e-01 -6.722095218434633868e-01 -1.568535155668622227e-01 -4.889999999999999902e-02
-6.403969753344149751e-01 7.385223370367391960e-01 -2.108944562579249116e-01 4.181000000000000272e-01
0.000000000000000000e+00 0.000000000000000000e+00 0.000000000000000000e+00 1.000000000000000000e+00
-9.832966719137261613e-01 -1.758184222783570200e-02 -1.811588635073249076e-01 1.512999999999999901e-01
-1.227607918866635006e-01 -6.707825851490551994e-01 7.314236196870523843e-01 7.870000000000000606e-02
-1.343779854691585229e-01 7.414456165388166875e-01 6.574199226800361284e-01 4.209999999999999853e-01
0.000000000000000000e+00 0.000000000000000000e+00 0.000000000000000000e+00 1.000000000000000000e+00
9.130516132873662816e-01 -9.191395558038828462e-03 4.077404440585129519e-01 1.686999999999999889e-01
3.012185505321450241e-01 -6.588156912944254096e-01 -6.893687472750434919e-01 2.549999999999999836e-02
2.749620633626597144e-01 7.522482324020075550e-01 -5.987641109480466017e-01 3.931000000000000050e-01
0.000000000000000000e+00 0.000000000000000000e+00 0.000000000000000000e+00 1.000000000000000000e+00
-4.899306808706083149e-01 1.065802587497934883e-01 -8.652216920457375116e-01 1.023000000000000020e-01
-6.658663057339833102e-01 -6.863421134924132527e-01 2.925005404011153942e-01 -8.469999999999999751e-02
-5.626633014777483455e-01 7.194269606371408443e-01 4.072282621314076145e-01 3.986999999999999988e-01
0.000000000000000000e+00 0.000000000000000000e+00 0.000000000000000000e+00 1.000000000000000000e+00
