0.000000000000000000e+00 0.000000000000000000e+00 0.000000000000000000e+00 0.000000000000000000e+00
0.000000000000000000e+00 0.000000000000000000e+00 0.000000000000000000e+00 0.000000000000000000e+00
0.000000000000000000e+00 0.000000000000000000e+00 0.000000000000000000e+00 0.000000000000000000e+00
0.000000000000000000e+00 0.000000000000000000e+00 0.000000000000000000e+00 0.000000000000000000e+00
2.879695632221113133e-02 7.592577059433850417e-01 6.501526522841882816e-01 -4.390000000000000152e-02
-7.860055252978955798e-01 -3.846342367111792448e-01 4.839956798885580724e-01 2.479999999999999913e-02
6.175484187557731541e-01 -5.249611794363431283e-01 5.857044566819069598e-01 4.497999999999999776e-01
0.000000000000000000e+00 0.000000000000000000e+00 0.000000000000000000e+00 1.000000000000000000e+00
-9.773670846190933847e-01 -1.228546945667764456e-01 1.722216767020870731e-01 -1.257000000000000062e-01
-7.348407229710848809e-02 9.605590842357991654e-01 2.681908589246029262e-01 -3.409999999999999837e-02
-1.983776021172941328e-01 2.494653677667242608e-01 -9.478466950215131970e-01 4.242000000000000215e-01
0.000000000000000000e+00 0.000000000000000000e+00 0.000000000000000000e+00 1.000000000000000000e+00
6.150650110641331381e-02 -1.853054450275548604e-02 -9.979346517894236435e-01 2.040000000000000147e-02
-2.075851099770897601e-01 9.777272349776710003e-01 -3.094957348199978142e-02 -1.940000000000000058e-02
9.762814002312276696e-01 2.090599744172699226e-01 5.628991614138467714e-02 4.529000000000000248e-01
0.000000000000000000e+00 0.000000000000000000e+00 0.000000000000000000e+00 1.000000000000000000e+00
2.064124113804544081e-01 9.781896584488392055e-01 -2.321440354282902629e-02 -6.779999999999999916e-02
9.127302663816139194e-01 -1.839417600297379440e-01 3.648134999532092193e-01 -1.194999999999999951e-01
3.525866946710468630e-01 -9.649052295902182941e-02 -9.307911697690520736e-01 3.733000000000000207e-01
0.000000000000000000e+00 0.000000000000000000e+00 0.000000000000000000e+00 1.000000000000000000e+00
4.330885498641825482e-01 -6.302912565161725711e-01 -6.443347266256906902e-01 1.710000000000000062e-02
2.632169187520674303e-01 7.721330907869964344e-01 -5.783833882420787997e-01 -6.619999999999999496e-02
8.620621564940702530e-01 8.089142149192435349e-02 5.003053230476455226e-01 4.047999999999999932e-01
0.000000000000000000e+00 0.000000000000000000e+00 0.000000000000000000e+00 1.000000000000000000e+00
7.273920888051910172e-01 5.628139662321984815e-02 6.839101940589573658e-01 5.360000000000000181e-02
6.337392962696443144e-01 -4.373552320741267430e-01 -6.380398932206688967e-01 -5.460000000000000270e-02
2.632019253487272170e-01 8.975259357653829762e-01 -3.537964684973502472e-01 4.151000000000000245e-01
0.000000000000000000e+00 0.000000000000000000e+00 0.000000000000000000e+00 1.000000000000000000e+00
6.260978197478861418e-01 3.719158309509240645e-02 -7.788570512320116546e-01 -1.308999999999999886e-01
-7.006266095524491533e-01 -4.115723352253604084e-01 -5.828641066871279586e-01 9.919999999999999651e-02
-3.422336542392983016e-01 9.106179215368125357e-01 -2.316271289853415460e-01 3.966000000000000081e-01
0.000000000000000000e+00 0.000000000000000000e+00 0.000000000000000000e+00 1.000000000000000000e+00
-7.926315220813864304e-01 1.892627987905881604e-02 6.094071431587292365e-01 -8.740000000000000546e-02
5.492110138189462143e-01 -4.118871743170764432e-01 7.271287492136859765e-01 1.330999999999999961e-01
2.647688284200192532e-01 9.110382821610920612e-01 3.160802365445467554e-01 4.263000000000000123e-01
0.000000000000000000e+00 0.000000000000000000e+00 0.000000000000000000e+00 1.000000000000000000e+00
9.998596905470615859e-01 8.857334194188630147e-04 -1.672766258160374164e-02 1.490000000000000005e-02
-1.570581939355618697e-02 -2.976609548260258364e-01 -9.545424470442557263e-01 8.359999999999999376e-02
-5.824642161648708842e-03 9.546712373630875659e-01 -2.976052790111767266e-01 4.867000000000000215e-01
0.000000000000000000e+00 0.000000000000000000e+00 0.000000000000000000e+00 1.000000000000000000e+00
