0.000000000000000000e+00 0.000000000000000000e+00 0.000000000000000000e+00 0.000000000000000000e+00
0.000000000000000000e+00 0.000000000000000000e+00 0.000000000000000000e+00 0.000000000000000000e+00
0.000000000000000000e+00 0.000000000000000000e+00 0.000000000000000000e+00 0.000000000000000000e+00
0.000000000000000000e+00 0.000000000000000000e+00 0.000000000000000000e+00 0.000000000000000000e+00
-4.030895124766273874e-01 -1.418800391264375960e-01 9.040956251574474578e-01 2.450000000000000094e-02
-8.159985167075909374e-01 -3.915401329502830041e-01 -4.252560934546223415e-01 1.529999999999999936e-02
4.143250724520137762e-01 -9.091569604786380321e-01 4.205181982837513655e-02 4.560000000000000164e-01
0.000000000000000000e+00 0.000000000000000000e+00 0.000000000000000000e+00 1.000000000000000000e+00
-5.878642519899450747e-01 8.080225132614350381e-01 -3.892607474400877621e-02 -7.059999999999999609e-02
6.491564766544265508e-01 4.999030055946372952e-01 5.733174110517305078e-01 4.379999999999999866e-02
4.827126371350900502e-01 3.117636974699299346e-01 -8.184081542176646629e-01 4.872000000000000219e-01
0.000000000000000000e+00 0.000000000000000000e+00 0.000000000000000000e+00 1.000000000000000000e+00
2.076358767503108105e-01 8.563501713814505312e-01 -4.728125703289727810e-01 2.000000000000000042e-02
-6.927570685261210670e-01 4.699809020183927100e-01 5.469968882407587607e-01 -5.059999999999999915e-02
6.906337572789393864e-01 2.139680717138379151e-01 6.908275310045459694e-01 4.144999999999999796e-01
0.000000000000000000e+00 0.000000000000000000e+00 0.000000000000000000e+00 1.000000000000000000e+00
9.602183724974776569e-01 2.753677105196460362e-01 -4.640367573224865594e-02 -1.305000000000000049e-01
2.188869379186203223e-01 -6.390040250669664079e-01 7.374024439590805002e-01 -1.310000000000000053e-02
1.734046871537943957e-01 -7.182245331032512947e-01 -6.738577999264463436e-01 4.071000000000000174e-01
0.000000000000000000e+00 0.000000000000000000e+00 0.000000000000000000e+00 1.000000000000000000e+00
7.219599465740473843e-01 3.580179970271297196e-01 -5.921122776530485243e-01 -3.640000000000000180e-02
-5.763732256572361434e-01 7.846358599884232232e-01 -2.283428824502753141e-01 -4.970000000000000112e-02
3.828416647757548752e-01 5.061320786365053337e-01 7.728276513471932230e-01 3.781999999999999806e-01
0.000000000000000000e+00 0.000000000000000000e+00 0.000000000000000000e+00 1.000000000000000000e+00
9.469082643915917030e-01 -8.677761060931571402e-03 -3.213867378873510594e-01 -6.300000000000000044e-03
-2.070195915077941429e-01 -7.812795560850391841e-01 -5.888506975248568587e-01 -7.040000000000000424e-02
-2.459829822545648303e-01 6.241209431725023293e-01 -7.415965350071540563e-01 3.625999999999999779e-01
0.000000000000000000e+00 0.000000000000000000e+00 0.000000000000000000e+00 1.000000000000000000e+00
-3.950305121762220928e-01 7.942723340396418141e-03 -9.186336634348482022e-01 2.510000000000000078e-02
-5.971876964464395421e-01 -7.620762019144766697e-01 2.502133443455833994e-01 1.401000000000000023e-01
-6.980814778109982743e-01 6.474386269149720041e-01 3.057866490147480576e-01 4.756000000000000227e-01
0.000000000000000000e+00 0.000000000000000000e+00 0.000000000000000000e+00 1.000000000000000000e+00
1.669467214887166984e-01 -6.839107242322950420e-04 9.859656811726714709e-01 8.340000000000000191e-02
6.502473496784557661e-01 -7.516254953830576735e-01 -1.106232295963075485e-01 1.178000000000000019e-01
7.411525999551732413e-01 6.595897565580399746e-01 -1.250367011056854327e-01 4.713999999999999857e-01
0.000000000000000000e+00 0.000000000000000000e+00 0.000000000000000000e+00 1.000000000000000000e+00
4.538366477189064163e-01 9.882300381748843066e-02 -8.855881159454173090e-01 1.127999999999999975e-01
-6.029071143415247747e-01 -6.977552914448763577e-01 -3.868340273774418803e-01 -5.400000000000000286e-03
-6.561518945058688601e-01 7.094868336883811688e-01 -2.570858303353078522e-01 4.484000000000000208e-01
0.000000000000000000e+00 0.000000000000000000e+00 0.000000000000000000e+00 1.000000000000000000e+00
