0.000000000000000000e+00 0.000000000000000000e+00 0.000000000000000000e+00 0.000000000000000000e+00
0.000000000000000000e+00 0.000000000000000000e+00 0.000000000000000000e+00 0.000000000000000000e+00
0.000000000000000000e+00 0.000000000000000000e+00 0.000000000000000000e+00 0.000000000000000000e+00
0.000000000000000000e+00 0.000000000000000000e+00 0.000000000000000000e+00 0.000000000000000000e+00
-2.619705103225109522e-01 2.391284691492654435e-01 9.349807628842915497e-01 -2.599999999999999881e-03
-5.825478991911257065e-01 -8.115857050089458902e-01 4.434623516306712698e-02 5.000000000000000278e-02
7.694214689423274356e-01 -5.330536733458093313e-01 3.519153086513431283e-01 4.782000000000000139e-01
0.000000000000000000e+00 0.000000000000000000e+00 0.000000000000000000e+00 1.000000000000000000e+00
-8.572982395650745602e-01 5.132821139676391198e-01 3.976430459011115470e-02 -1.066000000000000003e-01
5.142858834436501159e-01 8.573679857822525952e-01 2.074046880538930882e-02 5.050000000000000322e-02
-2.344693005934548810e-02 3.823098791026231791e-02 -9.989938103082507403e-01 4.796000000000000263e-01
0.000000000000000000e+00 0.000000000000000000e+00 0.000000000000000000e+00 1.000000000000000000e+00
1.845454201612960476e-01 5.936957669338975840e-01 -7.832421874632787828e-01 2.340000000000000066e-02
-1.114422247578170377e-01 8.044310695785954479e-01 5.834991729537113425e-01 -2.340000000000000066e-02
9.764853395922127310e-01 -2.039584814142447744e-02 2.146168468225946313e-01 4.813000000000000056e-01
0.000000000000000000e+00 0.000000000000000000e+00 0.000000000000000000e+00 1.000000000000000000e+00
7.702722320507960907e-01 6.354292697708515680e-01 -5.394748974666947056e-02 -1.228999999999999954e-01
6.301919255459692559e-01 -7.455007855636310854e-01 2.169947365736624723e-01 -5.670000000000000040e-02
9.766691101979260714e-02 -2.011422925256945993e-01 -9.746809491568821926e-01 4.414000000000000146e-01
0.000000000000000000e+00 0.000000000000000000e+00 0.000000000000000000e+00 1.000000000000000000e+00
7.122199852149142529e-01 -3.425400859024404360e-02 -7.011200721388362034e-01 -1.810000000000000150e-02
2.606855761143053035e-02 9.994103683618921208e-01 -2.234604919905586184e-02 -6.289999999999999758e-02
7.014721113234132499e-01 -2.361886162918269694e-03 7.126929903746959116e-01 4.465000000000000080e-01
0.000000000000000000e+00 0.000000000000000000e+00 0.000000000000000000e+00 1.000000000000000000e+00
9.962607132370751017e-01 2.995597395585219980e-02 8.103845312387594757e-02 1.959999999999999937e-02
8.628561454892449967e-02 -2.971782879888604789e-01 -9.509152737599309013e-01 -7.489999999999999436e-02
-4.402724414355567439e-03 9.543519815939851547e-01 -2.986518227725474262e-01 4.480000000000000093e-01
0.000000000000000000e+00 0.000000000000000000e+00 0.000000000000000000e+00 1.000000000000000000e+00
3.407009840292740677e-03 3.314713781112088586e-02 -9.994446755768319202e-01 -4.220000000000000140e-02
-9.643768932957672568e-01 -2.642573820396623141e-01 -1.205171003420729692e-02 1.565000000000000002e-01
-2.645101131547765716e-01 9.638824115484598831e-01 3.106600628295619337e-02 4.233000000000000096e-01
0.000000000000000000e+00 0.000000000000000000e+00 0.000000000000000000e+00 1.000000000000000000e+00
-2.394961772748684936e-01 1.884247639215358427e-02 9.707144493382879880e-01 1.859999999999999848e-02
9.379959746766814987e-01 -2.535824788523921569e-01 2.363460977241171324e-01 1.598999999999999866e-01
2.506095220877824215e-01 9.671302329585642621e-01 4.305786730025285003e-02 4.374000000000000110e-01
0.000000000000000000e+00 0.000000000000000000e+00 0.000000000000000000e+00 1.000000000000000000e+00
7.713309701363842974e-01 8.087134373315590929e-02 -6.312751858510343705e-01 8.630000000000000171e-02
-6.169853239875457973e-01 -1.483192369284325185e-01 -7.728716024935516904e-01 6.450000000000000178e-02
-1.561334188841309867e-01 9.856273280098116762e-01 -6.450678869538672977e-02 4.910999999999999810e-01
0.000000000000000000e+00 0.000000000000000000e+00 0.000000000000000000e+00 1.000000000000000000e+00
