0.000000000000000000e+00 0.000000000000000000e+00 0.000000000000000000e+00 0.000000000000000000e+00
0.000000000000000000e+00 0.000000000000000000e+00 0.000000000000000000e+00 0.000000000000000000e+00
0.000000000000000000e+00 0.000000000000000000e+00 0.000000000000000000e+00 0.000000000000000000e+00
0.000000000000000000e+00 0.000000000000000000e+00 0.000000000000000000e+00 0.000000000000000000e+00
-4.555935296536706147e-01 -7.557058319864902174e-01 4.704712863069501205e-01 6.479999999999999649e-02
-6.086922435592154734e-01 -1.211833318958674965e-01 -7.840971576925047648e-01 -1.050000000000000065e-02
6.495600729482674529e-01 -6.436018144569065624e-01 -4.047819364290097255e-01 4.484000000000000208e-01
0.000000000000000000e+00 0.000000000000000000e+00 0.000000000000000000e+00 1.000000000000000000e+00
1.326987311442691109e-01 9.739348834861525361e-01 -1.839616522037009205e-01 2.620000000000000107e-02
7.476830533125076172e-01 2.347981968758561244e-02 6.636405275875822962e-01 5.129999999999999838e-02
6.506620463358738782e-01 -2.256092657588622263e-01 -7.250788651324491241e-01 5.224999999999999645e-01
0.000000000000000000e+00 0.000000000000000000e+00 0.000000000000000000e+00 1.000000000000000000e+00
1.826083232925144184e-01 9.438991571152131055e-01 2.751519243281551064e-01 9.199999999999999845e-03
-8.215122276585948846e-01 -7.269211015525911534e-03 5.701445591940912383e-01 -5.909999999999999976e-02
5.401591062563968482e-01 -3.301538122881545467e-01 7.740972808115842430e-01 4.232000000000000206e-01
0.000000000000000000e+00 0.000000000000000000e+00 0.000000000000000000e+00 1.000000000000000000e+00
8.798427043474860154e-01 -4.737811596389956970e-01 -3.752636909735437842e-02 -8.480000000000000038e-02
-2.670064172015917947e-01 -5.580773028731695895e-01 7.856572389986477001e-01 4.229999999999999732e-02
-3.931722126240254633e-01 -6.812350084874801981e-01 -6.175228533677041831e-01 4.938000000000000167e-01
0.000000000000000000e+00 0.000000000000000000e+00 0.000000000000000000e+00 1.000000000000000000e+00
4.460206379055725590e-01 8.854905550583513918e-01 -1.302768876844959678e-01 -4.970000000000000112e-02
-8.950038060944653928e-01 4.403159714948490233e-01 -7.134446245482348181e-02 -2.690000000000000030e-02
-5.811853295337142400e-03 1.484194129788956318e-01 9.889074275240699041e-01 4.228999999999999981e-01
0.000000000000000000e+00 0.000000000000000000e+00 0.000000000000000000e+00 1.000000000000000000e+00
4.538811782103246983e-01 -4.819854600804213129e-02 -8.897577064735757713e-01 -4.569999999999999757e-02
-5.613473594543405554e-01 -7.909445411741753418e-01 -2.435074430493082698e-01 -5.569999999999999951e-02
-6.920122962058163907e-01 6.099865842372956815e-01 -3.860509667783120769e-01 3.958999999999999742e-01
0.000000000000000000e+00 0.000000000000000000e+00 0.000000000000000000e+00 1.000000000000000000e+00
-9.238069762464158341e-01 -1.502073324492265993e-02 -3.825637831933904609e-01 1.335999999999999965e-01
-2.258349863456289297e-01 -7.855009523052913778e-01 5.761829682225518834e-01 9.529999999999999583e-02
-3.091589066818618559e-01 6.186781323921717313e-01 7.222590525005625484e-01 4.512999999999999790e-01
0.000000000000000000e+00 0.000000000000000000e+00 0.000000000000000000e+00 1.000000000000000000e+00
8.075320307638045314e-01 -1.010007560037423646e-02 5.897372362021516823e-01 1.628999999999999893e-01
3.666509754192188719e-01 -7.746017700991059129e-01 -5.153243250453707347e-01 5.040000000000000036e-02
4.620163216972114073e-01 6.323686316004284436e-01 -6.218125378706835793e-01 4.188999999999999946e-01
0.000000000000000000e+00 0.000000000000000000e+00 0.000000000000000000e+00 1.000000000000000000e+00
-2.971524924379334021e-01 1.120760451274860903e-01 -9.482295905246290735e-01 1.144000000000000017e-01
-6.168131916491255140e-01 -7.805985503594592423e-01 1.010316276436735716e-01 -6.679999999999999827e-02
-7.288634185123733511e-01 6.149023201170185082e-01 3.010867879352472354e-01 3.968999999999999750e-01
0.000000000000000000e+00 0.000000000000000000e+00 0.000000000000000000e+00 1.000000000000000000e+00
