0.000000000000000000e+00 0.000000000000000000e+00 0.000000000000000000e+00 0.000000000000000000e+00
0.000000000000000000e+00 0.000000000000000000e+00 0.000000000000000000e+00 0.000000000000000000e+00
0.000000000000000000e+00 0.000000000000000000e+00 0.000000000000000000e+00 0.000000000000000000e+00
0.000000000000000000e+00 0.000000000000000000e+00 0.000000000000000000e+00 0.000000000000000000e+00
2.422739582789379398e-03 7.311607045457384491e-01 6.822009633979516652e-01 -4.240000000000000019e-02
-9.074162366681148839e-01 -2.850728576338323883e-01 3.087543348222923090e-01 1.499999999999999944e-02
4.202260150966258268e-01 -6.197882622062633740e-01 6.627764376223331810e-01 4.494000000000000217e-01
0.000000000000000000e+00 0.000000000000000000e+00 0.000000000000000000e+00 1.000000000000000000e+00
-9.830297592534775752e-01 -7.290330077684750720e-02 1.683377591566741216e-01 -1.272999999999999965e-01
1.534554323223042208e-02 8.817452137805678047e-01 4.714762902606752792e-01 -3.289999999999999869e-02
-1.828031912329696473e-01 4.660584584694298371e-01 -8.656630444717743345e-01 4.132000000000000117e-01
0.000000000000000000e+00 0.000000000000000000e+00 0.000000000000000000e+00 1.000000000000000000e+00
6.847178097722395052e-02 3.107040082803153025e-02 -9.971691157482729384e-01 1.969999999999999876e-02
-4.287617959968443859e-01 9.034166549548523495e-01 -1.292224340264908067e-03 -3.130000000000000143e-02
9.008190370453810214e-01 4.276365018828147679e-01 7.518034819061358842e-02 4.405999999999999917e-01
0.000000000000000000e+00 0.000000000000000000e+00 0.000000000000000000e+00 1.000000000000000000e+00
2.551344682787070051e-01 9.666502412748591011e-01 -2.221967910205757679e-02 -7.430000000000000493e-02
7.977160398691020005e-01 -1.974491429189491054e-01 5.697920284596214024e-01 -1.066000000000000003e-01
5.464023451923489816e-01 -1.630985806309470654e-01 -8.214884844990051338e-01 3.426000000000000156e-01
0.000000000000000000e+00 0.000000000000000000e+00 0.000000000000000000e+00 1.000000000000000000e+00
4.597678343883435659e-01 -5.917977804281098209e-01 -6.621094513312851815e-01 1.349999999999999985e-02
3.943503261035008478e-02 7.584563600933078575e-01 -6.505296519275898248e-01 -6.560000000000000553e-02
8.871631285535223066e-01 2.729823014672807524e-01 3.720514029280811430e-01 3.831999999999999851e-01
0.000000000000000000e+00 0.000000000000000000e+00 0.000000000000000000e+00 1.000000000000000000e+00
7.609641075158699586e-01 5.094980688757055898e-02 6.467903402577180882e-01 5.059999999999999915e-02
5.250427387425613546e-01 -6.339971911519317604e-01 -5.677831312263263985e-01 -5.829999999999999766e-02
3.811348180975938638e-01 7.716551553573529620e-01 -5.091999328791529944e-01 3.947999999999999843e-01
0.000000000000000000e+00 0.000000000000000000e+00 0.000000000000000000e+00 1.000000000000000000e+00
5.864724401320293712e-01 3.335870410175906242e-02 -8.092819495245365813e-01 -1.267000000000000071e-01
-6.287969534119457471e-01 -6.110503812104779442e-01 -4.808657016282042451e-01 1.033000000000000029e-01
-5.105531004170268394e-01 7.908885057220018666e-01 -3.373883566031590231e-01 4.169999999999999818e-01
0.000000000000000000e+00 0.000000000000000000e+00 0.000000000000000000e+00 1.000000000000000000e+00
-7.611787868188755191e-01 1.519836665898560701e-02 6.483639904774507468e-01 -8.119999999999999440e-02
5.063438744756945109e-01 -6.107554250191546963e-01 6.087640689056915688e-01 1.277000000000000079e-01
4.052440440992153836e-01 7.916734304374314357e-01 4.571984735993139815e-01 4.526000000000000023e-01
0.000000000000000000e+00 0.000000000000000000e+00 0.000000000000000000e+00 1.000000000000000000e+00
9.977560536174431283e-01 3.402178061131289760e-03 -6.686765028163026148e-02 1.969999999999999876e-02
-5.583323063761780336e-02 -5.089202878455911794e-01 -8.590010424765079922e-01 6.130000000000000032e-02
-3.695277833008807356e-02 8.608069271350000662e-01 -5.075883434143129147e-01 4.971999999999999753e-01
0.000000000000000000e+00 0.000000000000000000e+00 0.000000000000000000e+00 1.000000000000000000e+00
