0.000000000000000000e+00 0.000000000000000000e+00 0.000000000000000000e+00 0.000000000000000000e+00
0.000000000000000000e+00 0.000000000000000000e+00 0.000000000000000000e+00 0.000000000000000000e+00
0.000000000000000000e+00 0.000000000000000000e+00 0.000000000000000000e+00 0.000000000000000000e+00
0.000000000000000000e+00 0.000000000000000000e+00 0.000000000000000000e+00 0.000000000000000000e+00
-4.545131539411102484e-01 -7.020065345422612513e-01 5.482742182106228324e-01 6.090000000000000274e-02
-3.356723204291152118e-01 -4.351574917966716249e-01 -8.354412311054340012e-01 1.179999999999999973e-02
8.250708370753616627e-01 -5.637595079403936449e-01 -3.785935834859488480e-02 4.510000000000000120e-01
0.000000000000000000e+00 0.000000000000000000e+00 0.000000000000000000e+00 1.000000000000000000e+00
3.875308987668746319e-02 9.827783768741538140e-01 -1.806788863525925215e-01 1.340000000000000045e-02
9.541411600672007332e-01 1.731925068319528638e-02 2.988556344146600652e-01 9.450000000000000067e-02
2.968380782356362380e-01 -1.839747414847383578e-01 -9.370381261213429624e-01 4.924999999999999933e-01
0.000000000000000000e+00 0.000000000000000000e+00 0.000000000000000000e+00 1.000000000000000000e+00
2.022060884236409617e-01 9.617670707872036928e-01 1.847073343259884037e-01 1.050000000000000065e-02
-5.169355467352507727e-01 -5.537236542342105494e-02 8.542315503825308465e-01 -4.750000000000000056e-02
8.317994579981029535e-01 -2.682126072667295191e-01 4.859749571503094723e-01 4.456999999999999851e-01
0.000000000000000000e+00 0.000000000000000000e+00 0.000000000000000000e+00 1.000000000000000000e+00
9.197264677660708099e-01 -3.892795764962557747e-01 -5.064223349579323463e-02 -9.470000000000000639e-02
-3.229333044439938183e-01 -8.236251226618647170e-01 4.662142621167982837e-01 6.500000000000000222e-02
-2.231979062881851439e-01 -4.124355327116271397e-01 -8.832211648196879317e-01 4.662999999999999923e-01
0.000000000000000000e+00 0.000000000000000000e+00 0.000000000000000000e+00 1.000000000000000000e+00
5.051643070789471057e-01 8.419687671399684881e-01 -1.894666672907110161e-01 -5.029999999999999749e-02
-7.792393083300361845e-01 5.393547373347296059e-01 3.191904880598913641e-01 -2.340000000000000066e-02
3.709381662848595385e-01 -1.360376695575521433e-02 9.285579218970884119e-01 4.305999999999999828e-01
0.000000000000000000e+00 0.000000000000000000e+00 0.000000000000000000e+00 1.000000000000000000e+00
5.351412788613121307e-01 -3.407602010488519628e-02 -8.440750182966504367e-01 -4.270000000000000184e-02
-7.487993351305348710e-01 -4.816736393573157748e-01 -4.552911824935201301e-01 -6.010000000000000064e-02
-3.910541744653140972e-01 8.756879181546872726e-01 -2.832795485578891714e-01 4.178000000000000047e-01
0.000000000000000000e+00 0.000000000000000000e+00 0.000000000000000000e+00 1.000000000000000000e+00
-8.841299212378350703e-01 -2.079203632789516920e-03 -4.672365132181266478e-01 1.219999999999999973e-01
-4.114613052840137564e-01 -4.703561786439969250e-01 7.806821757062165634e-01 1.155000000000000054e-01
-2.213907780960058247e-01 8.824742161240008986e-01 4.150004593375473672e-01 4.131000000000000227e-01
0.000000000000000000e+00 0.000000000000000000e+00 0.000000000000000000e+00 1.000000000000000000e+00
7.489477374605464366e-01 1.391550460803525624e-03 6.626276104570677505e-01 1.562000000000000055e-01
5.907256101682780702e-01 -4.544462217145071037e-01 -6.667247445990922561e-01 6.429999999999999605e-02
3.002008328503505963e-01 8.907730884780502567e-01 -3.411784940456119575e-01 4.025000000000000244e-01
0.000000000000000000e+00 0.000000000000000000e+00 0.000000000000000000e+00 1.000000000000000000e+00
-2.062182485970405210e-01 1.245278162512963305e-01 -9.705497704524237434e-01 1.174000000000000044e-01
-8.806015895240746350e-01 -4.560764623439581555e-01 1.285888837477528468e-01 -5.569999999999999951e-02
-4.266320129493827440e-01 8.811850449681402075e-01 2.037106822217584767e-01 4.282000000000000250e-01
0.000000000000000000e+00 0.000000000000000000e+00 0.000000000000000000e+00 1.000000000000000000e+00
