0.000000000000000000e+00 0.000000000000000000e+00 0.000000000000000000e+00 0.000000000000000000e+00
0.000000000000000000e+00 0.000000000000000000e+00 0.000000000000000000e+00 0.000000000000000000e+00
0.000000000000000000e+00 0.000000000000000000e+00 0.000000000000000000e+00 0.000000000000000000e+00
0.000000000000000000e+00 0.000000000000000000e+00 0.000000000000000000e+00 0.000000000000000000e+00
-6.448875110871741256e-01 2.974707528046667271e-01 -7.040108303638620280e-01 -2.730000000000000135e-02
9.506087844749128157e-03 -9.179523458830161076e-01 -3.965767579949127097e-01 -9.769999999999999518e-02
-7.642183800051379761e-01 -2.624397872154535238e-01 5.891482205257263516e-01 3.775999999999999912e-01
0.000000000000000000e+00 0.000000000000000000e+00 0.000000000000000000e+00 1.000000000000000000e+00
3.356799685249538534e-01 9.390231281769032545e-01 7.452867555477654671e-02 7.670000000000000429e-02
6.798019957682406300e-01 -2.962618412795960943e-01 6.708935593304948819e-01 3.400000000000000244e-02
6.520645714042458962e-01 -1.745407864955540456e-01 -7.377989621630751671e-01 4.894000000000000017e-01
0.000000000000000000e+00 0.000000000000000000e+00 0.000000000000000000e+00 1.000000000000000000e+00
2.433380366740585110e-01 9.487999281649780459e-01 -2.014082824060292043e-01 -5.100000000000000366e-03
3.476647068358161841e-01 -2.791728933184929318e-01 -8.950931500447018019e-01 1.220000000000000077e-02
-9.054920494009763843e-01 1.477876583152787360e-01 -3.977976326240588723e-01 4.708999999999999853e-01
0.000000000000000000e+00 0.000000000000000000e+00 0.000000000000000000e+00 1.000000000000000000e+00
-8.170583369814627961e-01 4.997121329535159084e-01 -2.875820894077627532e-01 1.537999999999999923e-01
-4.897305153649124110e-01 -3.382862891826730056e-01 8.035710353611773549e-01 -2.399999999999999790e-03
3.042691181988473881e-01 7.974021386540575129e-01 5.211239132686497078e-01 4.394000000000000128e-01
0.000000000000000000e+00 0.000000000000000000e+00 0.000000000000000000e+00 1.000000000000000000e+00
2.270269258381818478e-02 9.384703598160730742e-01 3.446127848704035324e-01 4.540000000000000285e-02
-7.721358070168982124e-01 2.354193072201622439e-01 -5.902406672793245601e-01 -3.300000000000000155e-02
-6.350518744731079579e-01 -2.526878183345395157e-01 7.299712207981370327e-01 4.319999999999999951e-01
0.000000000000000000e+00 0.000000000000000000e+00 0.000000000000000000e+00 1.000000000000000000e+00
9.689992467780678131e-01 -1.443970621724778303e-01 2.004743080284722700e-01 -6.260000000000000286e-02
2.225691113571120483e-01 8.624396522999727699e-01 -4.545996445339652303e-01 -5.850000000000000339e-02
-1.072541393757959760e-01 4.851261017268187481e-01 8.678416992805183527e-01 4.353000000000000203e-01
0.000000000000000000e+00 0.000000000000000000e+00 0.000000000000000000e+00 1.000000000000000000e+00
1.305544383809142950e-03 -9.999351627620665095e-01 1.131219810036099283e-02 6.930000000000000049e-02
7.439709068393687286e-01 -6.587719363155164487e-03 -6.681795355517856638e-01 8.260000000000000675e-02
6.682107342227221469e-01 9.288284319088069285e-03 7.439140692606494021e-01 5.338000000000000522e-01
0.000000000000000000e+00 0.000000000000000000e+00 0.000000000000000000e+00 1.000000000000000000e+00
-9.648082372873045820e-02 -9.875739079356302685e-01 -1.240533232822610410e-01 7.610000000000000098e-02
7.697547164175544410e-01 4.981086690388103477e-03 -6.383203469483903492e-01 -1.499000000000000055e-01
6.310064399081487529e-01 -1.570763035601817903e-01 7.597090940974140505e-01 3.546000000000000263e-01
0.000000000000000000e+00 0.000000000000000000e+00 0.000000000000000000e+00 1.000000000000000000e+00
4.568043371367580541e-02 -9.417646272530724727e-02 9.945069591733781689e-01 6.710000000000000686e-02
-5.442627110812724434e-01 -8.371571919474893875e-01 -5.427648935826276388e-02 -6.800000000000000488e-02
8.376702210907307489e-01 -5.387936802145539827e-01 -8.949844053760425133e-02 3.995000000000000218e-01
0.000000000000000000e+00 0.000000000000000000e+00 0.000000000000000000e+00 1.000000000000000000e+00
