0.000000000000000000e+00 0.000000000000000000e+00 0.000000000000000000e+00 0.000000000000000000e+00
0.000000000000000000e+00 0.000000000000000000e+00 0.000000000000000000e+00 0.000000000000000000e+00
0.000000000000000000e+00 0.000000000000000000e+00 0.000000000000000000e+00 0.000000000000000000e+00
0.000000000000000000e+00 0.000000000000000000e+00 0.000000000000000000e+00 0.000000000000000000e+00
-4.098144022019292176e-01 6.127717349184600426e-01 -6.756944254860295374e-01 1.220000000000000077e-02
1.895706151536452611e-02 -7.348743599597475917e-01 -6.779382751345830460e-01 -9.070000000000000284e-02
-9.119719214792623152e-01 -2.906380497436139021e-01 2.895457450467038285e-01 3.467999999999999972e-01
0.000000000000000000e+00 0.000000000000000000e+00 0.000000000000000000e+00 1.000000000000000000e+00
-5.340753429503464211e-02 9.973255297542601427e-01 4.989411769847085232e-02 4.139999999999999930e-02
5.799196499917503855e-01 -9.698403416913636832e-03 8.146159466427159712e-01 3.450000000000000289e-02
8.129211738132856579e-01 7.244120837994749706e-02 -5.778507043298317658e-01 5.020999999999999908e-01
0.000000000000000000e+00 0.000000000000000000e+00 0.000000000000000000e+00 1.000000000000000000e+00
3.435227537033878065e-01 9.219160200783205195e-01 1.790613571125584391e-01 -2.299999999999999961e-02
5.882914328352417677e-01 -6.261793733434473097e-02 -8.062209275233744865e-01 -2.099999999999999870e-03
-7.320555359675245954e-01 3.822954954572989617e-01 -5.638659826699590205e-01 4.571999999999999953e-01
0.000000000000000000e+00 0.000000000000000000e+00 0.000000000000000000e+00 1.000000000000000000e+00
-6.822933320399933166e-01 3.656254195334526225e-01 -6.330828236848243806e-01 1.355999999999999983e-01
-7.305953356255120434e-01 -3.724802055210791885e-01 5.722665043991481681e-01 3.020000000000000115e-02
-2.657563952210739711e-02 8.529809781501354049e-01 5.212649866411798172e-01 4.727000000000000091e-01
0.000000000000000000e+00 0.000000000000000000e+00 0.000000000000000000e+00 1.000000000000000000e+00
4.076510103774823035e-01 8.572968697919159942e-01 3.144244436795593511e-01 4.649999999999999967e-02
-5.824996206938476417e-01 5.093176002545087844e-01 -6.334743672497822331e-01 -2.369999999999999885e-02
-7.032174952528851275e-01 7.508434667739261048e-02 7.069989358225990950e-01 4.290999999999999814e-01
0.000000000000000000e+00 0.000000000000000000e+00 0.000000000000000000e+00 1.000000000000000000e+00
8.536219844327123107e-01 -5.097503278139954297e-01 1.071639444341354330e-01 -4.619999999999999801e-02
4.724594947809836465e-01 6.710568514429904319e-01 -5.713709197384112537e-01 -7.499999999999999722e-02
2.193434144998566426e-01 5.383654014003357302e-01 8.136652635393744060e-01 3.963999999999999746e-01
0.000000000000000000e+00 0.000000000000000000e+00 0.000000000000000000e+00 1.000000000000000000e+00
-3.848822371409881260e-01 -9.225746948010981052e-01 2.686253982795638873e-02 9.100000000000000450e-03
5.546687774764319512e-01 -2.544648404980565104e-01 -7.922059026813035310e-01 6.880000000000000004e-02
7.377046907985256308e-01 -2.900061679739916465e-01 6.096623751806343749e-01 5.487999999999999545e-01
0.000000000000000000e+00 0.000000000000000000e+00 0.000000000000000000e+00 1.000000000000000000e+00
-4.738420238237319726e-01 -8.736023820251570537e-01 -1.108720640134459035e-01 1.287999999999999978e-01
5.632341110201126710e-01 -2.038718989439414209e-01 -8.007518872936704168e-01 -1.093999999999999972e-01
6.769350579206350194e-01 -4.418768232674837870e-01 5.886457342213764488e-01 3.483999999999999875e-01
0.000000000000000000e+00 0.000000000000000000e+00 0.000000000000000000e+00 1.000000000000000000e+00
-1.401148371881655308e-03 2.951113722411307094e-01 9.554618332289346316e-01 8.490000000000000324e-02
-6.875160338986326947e-01 -6.941113079530403240e-01 2.133804004683019784e-01 -4.420000000000000318e-02
7.261678455533084886e-01 -6.565963525223663666e-01 2.038663531306487142e-01 3.996999999999999997e-01
0.000000000000000000e+00 0.000000000000000000e+00 0.000000000000000000e+00 1.000000000000000000e+00
