0.000000000000000000e+00 0.000000000000000000e+00 0.000000000000000000e+00 0.000000000000000000e+00
0.000000000000000000e+00 0.000000000000000000e+00 0.000000000000000000e+00 0.000000000000000000e+00
0.000000000000000000e+00 0.000000000000000000e+00 0.000000000000000000e+00 0.000000000000000000e+00
0.000000000000000000e+00 0.000000000000000000e+00 0.000000000000000000e+00 0.000000000000000000e+00
5.871334096174080086e-01 -3.750583379349440305e-01 7.173601623009980832e-01 2.869999999999999982e-02
6.789715633514444848e-01 7.106971487862794312e-01 -1.841390204903579353e-01 7.920000000000000651e-02
-4.407629470260997495e-01 5.951813218276682527e-01 6.719279862279419202e-01 4.682000000000000051e-01
0.000000000000000000e+00 0.000000000000000000e+00 0.000000000000000000e+00 1.000000000000000000e+00
-2.424162899128001758e-01 -9.665415683276801229e-01 -8.385546541270691434e-02 -5.800000000000000294e-02
-9.527259175029447746e-01 2.208481478559631839e-01 2.086610210527174991e-01 -9.729999999999999760e-02
-1.831602263131525132e-01 1.304741057959741268e-01 -9.743863911270804756e-01 4.237000000000000210e-01
0.000000000000000000e+00 0.000000000000000000e+00 0.000000000000000000e+00 1.000000000000000000e+00
-2.851412557049495256e-01 -9.517778340213605137e-01 1.131963734428441115e-01 2.060000000000000026e-02
5.139731988495070958e-01 -5.214873068509651155e-02 8.562196334774963002e-01 -6.180000000000000077e-02
-8.090278210045742657e-01 3.023234436055869945e-01 5.040580524969816567e-01 4.319000000000000061e-01
0.000000000000000000e+00 0.000000000000000000e+00 0.000000000000000000e+00 1.000000000000000000e+00
8.032518228852119080e-01 -4.615422691006648703e-01 3.765172544054170567e-01 -1.408000000000000085e-01
1.122368448670109098e-01 -5.035170248232621049e-01 -8.566641677853868986e-01 -4.320000000000000229e-02
5.849695715897389459e-01 7.303761630465087640e-01 -3.526489199864042412e-01 4.238000000000000100e-01
0.000000000000000000e+00 0.000000000000000000e+00 0.000000000000000000e+00 1.000000000000000000e+00
-1.190785450023008618e-01 -9.369260633006478711e-01 -3.286180944928095427e-01 -3.540000000000000091e-02
9.571206474247259122e-01 -2.028874050658946437e-02 -2.889782574553485528e-01 -9.100000000000000450e-03
2.640840138921862756e-01 -3.489382737915208699e-01 8.991672339948699744e-01 4.459000000000000186e-01
0.000000000000000000e+00 0.000000000000000000e+00 0.000000000000000000e+00 1.000000000000000000e+00
-9.576308291920225813e-01 2.352493030525845130e-01 -1.661353676803121182e-01 7.069999999999999896e-02
-1.341626274903565119e-01 -8.748446683472712593e-01 -4.654537524279258598e-01 1.319999999999999993e-02
-2.548403115009144071e-01 -4.234437054410259416e-01 8.693398897764271771e-01 4.697000000000000064e-01
0.000000000000000000e+00 0.000000000000000000e+00 0.000000000000000000e+00 1.000000000000000000e+00
9.562917320976538349e-02 9.954166758921577651e-01 -8.382046427792416710e-04 -4.429999999999999910e-02
-9.702651363211601820e-01 9.302471449629434730e-02 -2.234546211931247028e-01 -1.605000000000000038e-01
-2.223524824932175403e-01 2.218206141659105624e-02 9.747139732662161160e-01 4.097999999999999976e-01
0.000000000000000000e+00 0.000000000000000000e+00 0.000000000000000000e+00 1.000000000000000000e+00
1.921500453830143895e-01 9.717527806708015081e-01 1.370215067712753920e-01 -7.929999999999999549e-02
-9.451422376086933141e-01 2.208291867808168663e-01 -2.407085809724190395e-01 1.179000000000000048e-01
-2.641675808030539141e-01 -8.325264875238658213e-02 9.608769357874991091e-01 4.963000000000000189e-01
0.000000000000000000e+00 0.000000000000000000e+00 0.000000000000000000e+00 1.000000000000000000e+00
-2.016258049798991259e-02 -2.765943823679339886e-05 -9.997967141287360526e-01 -6.160000000000000198e-02
-3.743521369080993755e-01 9.272560974286612190e-01 7.523787191882097547e-03 3.529999999999999805e-02
9.270673912612834577e-01 3.744277353726945812e-01 -1.870623007646710079e-02 4.554000000000000270e-01
0.000000000000000000e+00 0.000000000000000000e+00 0.000000000000000000e+00 1.000000000000000000e+00
