0.000000000000000000e+00 0.000000000000000000e+00 0.000000000000000000e+00 0.000000000000000000e+00
0.000000000000000000e+00 0.000000000000000000e+00 0.000000000000000000e+00 0.000000000000000000e+00
0.000000000000000000e+00 0.000000000000000000e+00 0.000000000000000000e+00 0.000000000000000000e+00
0.000000000000000000e+00 0.000000000000000000e+00 0.000000000000000000e+00 0.000000000000000000e+00
1.873052628300962974e-01 9.228584525213241463e-01 -3.365249101123058972e-01 7.720000000000000473e-02
-7.809116329873005968e-02 -3.275144951191224507e-01 -9.416135224716760677e-01 -6.890000000000000291e-02
-9.791927842518038938e-01 2.026487900206007664e-01 1.072190152850249767e-02 3.575999999999999734e-01
0.000000000000000000e+00 0.000000000000000000e+00 0.000000000000000000e+00 1.000000000000000000e+00
-7.332604994646709784e-01 6.797151959066899396e-01 -1.778461071688874906e-02 -4.109999999999999765e-02
3.977454434290091934e-01 4.499986574901325698e-01 7.995622367824402055e-01 3.819999999999999785e-02
5.514776533607521625e-01 5.792136572203805400e-01 -6.003198623509882204e-01 4.808999999999999941e-01
0.000000000000000000e+00 0.000000000000000000e+00 0.000000000000000000e+00 1.000000000000000000e+00
3.762098088790036821e-01 4.831550353409584386e-01 7.905867387756393416e-01 -4.680000000000000132e-02
7.543542579969706452e-01 3.357124198433509843e-01 -5.641336939101951886e-01 -1.930000000000000118e-02
-5.379738219886387451e-01 8.086151018795030287e-01 -2.381717528745537216e-01 4.163999999999999924e-01
0.000000000000000000e+00 0.000000000000000000e+00 0.000000000000000000e+00 1.000000000000000000e+00
-1.480540173658961844e-01 -2.934522285065316316e-02 -9.885438107831461263e-01 4.399999999999999745e-02
-9.574013049280969412e-01 -2.463162878102305164e-01 1.507017839355761502e-01 8.160000000000000586e-02
-2.479168192434637041e-01 9.687451389582470984e-01 8.372961302337555978e-03 5.059000000000000163e-01
0.000000000000000000e+00 0.000000000000000000e+00 0.000000000000000000e+00 1.000000000000000000e+00
9.291222413457659313e-01 3.466443831075434745e-01 1.287226953439485067e-01 2.769999999999999893e-02
-2.462697631040123292e-01 8.397685827317384888e-01 -4.838800793971798075e-01 -2.700000000000000143e-03
-2.758315870550615001e-01 4.178832362236106768e-01 8.656156979087012981e-01 4.325999999999999845e-01
0.000000000000000000e+00 0.000000000000000000e+00 0.000000000000000000e+00 1.000000000000000000e+00
2.828679589730438426e-01 -9.534293311595010145e-01 -1.046815564995629277e-01 1.699999999999999905e-03
7.903901308749454735e-01 2.935333915257527515e-01 -5.377002781056339220e-01 -8.759999999999999731e-02
5.433867488280434976e-01 6.935891106509622928e-02 8.366123251864945320e-01 3.662000000000000255e-01
0.000000000000000000e+00 0.000000000000000000e+00 0.000000000000000000e+00 1.000000000000000000e+00
-9.190553148530129501e-01 -3.914502515584305509e-01 4.586969364700826945e-02 -1.044999999999999957e-01
2.284242515435896403e-01 -6.238781886880939709e-01 -7.473943851715864062e-01 4.830000000000000265e-02
3.211848214769493781e-01 -6.764190315433947776e-01 6.627952958634482084e-01 4.973000000000000198e-01
0.000000000000000000e+00 0.000000000000000000e+00 0.000000000000000000e+00 1.000000000000000000e+00
-9.539293164671629466e-01 -2.976480735800480226e-01 -3.774233006291721759e-02 1.681999999999999884e-01
2.009893371977533594e-01 -5.405585064431450704e-01 -8.169454005285571307e-01 -3.080000000000000099e-02
2.227602871189109934e-01 -7.868939734208434400e-01 5.754786955888614441e-01 4.225999999999999757e-01
0.000000000000000000e+00 0.000000000000000000e+00 0.000000000000000000e+00 1.000000000000000000e+00
-8.362783363940851089e-02 8.734408047034822875e-01 4.796952638078813003e-01 8.010000000000000453e-02
-6.809549739880200736e-01 -4.015428248721490956e-01 6.124244305991306536e-01 4.000000000000000192e-04
7.275346787897840617e-01 -2.754351474896185037e-01 6.283540170044414896e-01 4.315999999999999837e-01
0.000000000000000000e+00 0.000000000000000000e+00 0.000000000000000000e+00 1.000000000000000000e+00
