0.000000000000000000e+00 0.000000000000000000e+00 0.000000000000000000e+00 0.000000000000000000e+00
0.000000000000000000e+00 0.000000000000000000e+00 0.000000000000000000e+00 0.000000000000000000e+00
0.000000000000000000e+00 0.000000000000000000e+00 0.000000000000000000e+00 0.000000000000000000e+00
0.000000000000000000e+00 0.000000000000000000e+00 0.000000000000000000e+00 0.000000000000000000e+00
-6.255953726366327849e-01 3.275484090938319826e-01 -7.080554140995832801e-01 -2.290000000000000022e-02
1.637043315968800816e-01 -8.322693784131567352e-01 -5.296494818011217021e-01 -8.790000000000000591e-02
-7.627786845160603457e-01 -4.472580032328965505e-01 4.670427785461102044e-01 3.578000000000000069e-01
0.000000000000000000e+00 0.000000000000000000e+00 0.000000000000000000e+00 1.000000000000000000e+00
3.016586075778087128e-01 9.504044554687676172e-01 7.571958464844358305e-02 7.489999999999999436e-02
5.273194057133603341e-01 -2.324818156616839104e-01 8.172432011003549768e-01 1.820000000000000090e-02
7.943150060475541174e-01 -2.066000397186842918e-01 -5.712968534447848690e-01 4.985999999999999877e-01
0.000000000000000000e+00 0.000000000000000000e+00 0.000000000000000000e+00 1.000000000000000000e+00
2.571171596117171054e-01 9.516040817542629204e-01 -1.683461844587776923e-01 -5.799999999999999600e-03
5.418182562656029821e-01 -2.862001793126334181e-01 -7.902673184048026878e-01 -6.999999999999999929e-04
-8.002023140497058762e-01 1.119782521297888467e-01 -5.891834414165537659e-01 4.733999999999999875e-01
0.000000000000000000e+00 0.000000000000000000e+00 0.000000000000000000e+00 1.000000000000000000e+00
-8.117062824519560849e-01 4.878830629362801985e-01 -3.210966021743898446e-01 1.540999999999999870e-01
-5.601698026799449837e-01 -4.946513059823058889e-01 6.644771460746490277e-01 -4.899999999999999842e-03
1.653562916660149817e-01 7.192288942957676401e-01 6.748089317848061652e-01 4.444000000000000172e-01
0.000000000000000000e+00 0.000000000000000000e+00 0.000000000000000000e+00 1.000000000000000000e+00
5.851707951649776085e-02 9.381287521774077653e-01 3.413066007901396359e-01 4.669999999999999846e-02
-6.138656817228627105e-01 3.034278676858477297e-01 -7.287663918667933727e-01 -3.529999999999999805e-02
-7.872386399356835485e-01 -1.668711282687317388e-01 5.936407586600971342e-01 4.272000000000000242e-01
0.000000000000000000e+00 0.000000000000000000e+00 0.000000000000000000e+00 1.000000000000000000e+00
9.653763769456833455e-01 -1.786188226609695950e-01 1.901151414970282116e-01 -6.060000000000000109e-02
2.594717129199651251e-01 7.326157624522127154e-01 -6.292444475725965658e-01 -6.289999999999999758e-02
-2.688644695018624353e-02 6.567872264270767646e-01 7.535964823250057565e-01 4.215999999999999748e-01
0.000000000000000000e+00 0.000000000000000000e+00 0.000000000000000000e+00 1.000000000000000000e+00
-3.453429981506905833e-02 -9.993550182050539021e-01 9.845289465491680048e-03 6.510000000000000508e-02
5.797535273782477017e-01 -2.805658308562164471e-02 -8.143087102800994348e-01 5.580000000000000238e-02
8.140597211683933132e-01 -2.241373984715649970e-02 5.803485113595981959e-01 5.523000000000000131e-01
0.000000000000000000e+00 0.000000000000000000e+00 0.000000000000000000e+00 1.000000000000000000e+00
-1.321544194630726032e-01 -9.831120199100785717e-01 -1.265937033375035825e-01 8.240000000000000102e-02
6.112757900366933006e-01 1.970744657820056034e-02 -7.911722474053195509e-01 -1.318000000000000005e-01
7.803057848891004067e-01 -1.819405750724476523e-01 5.983481505034606851e-01 3.270000000000000129e-01
0.000000000000000000e+00 0.000000000000000000e+00 0.000000000000000000e+00 1.000000000000000000e+00
3.874290661546553327e-02 -5.929778980492561580e-02 9.974882251491675733e-01 7.009999999999999565e-02
-7.132440210276872472e-01 -7.007768436649999266e-01 -1.395642687712894681e-02 -6.180000000000000077e-02
6.998442352804240540e-01 -7.109118000899770085e-01 -6.944392585091363479e-02 3.884000000000000230e-01
0.000000000000000000e+00 0.000000000000000000e+00 0.000000000000000000e+00 1.000000000000000000e+00
