0.000000000000000000e+00 0.000000000000000000e+00 0.000000000000000000e+00 0.000000000000000000e+00
0.000000000000000000e+00 0.000000000000000000e+00 0.000000000000000000e+00 0.000000000000000000e+00
0.000000000000000000e+00 0.000000000000000000e+00 0.000000000000000000e+00 0.000000000000000000e+00
0.000000000000000000e+00 0.000000000000000000e+00 0.000000000000000000e+00 0.000000000000000000e+00
5.996986692585689616e-01 7.951527301765464184e-01 8.996466963361726688e-02 1.005000000000000060e-01
-6.629932360995288709e-02 1.614080714671536354e-01 -9.846582321567809437e-01 -3.020000000000000115e-02
-7.974747054160177262e-01 5.845336347534149102e-01 1.495142938437563629e-01 4.066000000000000170e-01
0.000000000000000000e+00 0.000000000000000000e+00 0.000000000000000000e+00 1.000000000000000000e+00
-9.885867630809186402e-01 1.319613866298410265e-01 -7.268015065973564004e-02 -9.039999999999999425e-02
5.479969016962395884e-02 7.643696247624446327e-01 6.424453834356916859e-01 1.930000000000000118e-02
1.403324831195738587e-01 6.311301523293347815e-01 -7.628771362429509484e-01 4.484000000000000208e-01
0.000000000000000000e+00 0.000000000000000000e+00 0.000000000000000000e+00 1.000000000000000000e+00
2.397807001466036869e-01 -8.128875141317604136e-02 9.674178800967510039e-01 -4.499999999999999833e-02
7.926268119756979535e-01 5.917875667060819023e-01 -1.467317717106156882e-01 -3.950000000000000039e-02
-5.605782307354132410e-01 8.019847971038986945e-01 2.063308809649500031e-01 4.038999999999999813e-01
0.000000000000000000e+00 0.000000000000000000e+00 0.000000000000000000e+00 1.000000000000000000e+00
3.598494041644724195e-01 -3.392345127675884808e-01 -8.691538135852658886e-01 -4.850000000000000144e-02
-9.328826356459123392e-01 -1.462362155633636362e-01 -3.291579520048720786e-01 9.950000000000000511e-02
-1.544002696922436302e-02 9.292657933040698870e-01 -3.690890014104284411e-01 4.882000000000000228e-01
0.000000000000000000e+00 0.000000000000000000e+00 0.000000000000000000e+00 1.000000000000000000e+00
9.717795965047207885e-01 -2.242514002732671208e-01 -7.318282102106343778e-02 2.399999999999999790e-03
1.944141602199722096e-01 9.370957071034219377e-01 -2.899220068126954208e-01 1.129999999999999928e-02
1.335947234103392611e-01 2.675125141069415458e-01 9.542481357975494127e-01 4.395000000000000018e-01
0.000000000000000000e+00 0.000000000000000000e+00 0.000000000000000000e+00 1.000000000000000000e+00
-3.101456232110781919e-01 -9.223531198027011824e-01 -2.303788505771217077e-01 4.279999999999999777e-02
8.748064923185797648e-01 -1.820144245880963574e-01 -4.489814586807864827e-01 -8.129999999999999727e-02
3.721871752227291497e-01 -3.407865484905295284e-01 8.633314745609808050e-01 3.936000000000000054e-01
0.000000000000000000e+00 0.000000000000000000e+00 0.000000000000000000e+00 1.000000000000000000e+00
-9.758816112228796413e-01 2.128205732849813570e-01 4.860539541746192183e-02 -1.529999999999999971e-01
-2.012566128954609013e-01 -7.908561648897505236e-01 -5.779639281319572941e-01 -1.000000000000000048e-04
-8.456273791027912878e-02 -5.738065266642822237e-01 8.146135361719628598e-01 4.390000000000000013e-01
0.000000000000000000e+00 0.000000000000000000e+00 0.000000000000000000e+00 1.000000000000000000e+00
-9.517817113454458688e-01 3.034794226893715030e-01 4.485324907362323033e-02 1.322000000000000119e-01
-2.501546602732487856e-01 -6.831383915623554515e-01 -6.861082887687435239e-01 5.140000000000000124e-02
-1.775787709494302258e-01 -6.642455705367735774e-01 7.261154192897751880e-01 4.858000000000000096e-01
0.000000000000000000e+00 0.000000000000000000e+00 0.000000000000000000e+00 1.000000000000000000e+00
-1.108286061464760497e-01 9.870496148485874421e-01 -1.159744708411499792e-01 4.429999999999999910e-02
-5.745755411069322083e-01 3.157835415083398711e-02 8.178421333673149274e-01 3.849999999999999950e-02
8.109130456598325765e-01 1.572763980271036366e-01 5.636347815760792690e-01 4.554000000000000270e-01
0.000000000000000000e+00 0.000000000000000000e+00 0.000000000000000000e+00 1.000000000000000000e+00
