0.000000000000000000e+00 0.000000000000000000e+00 0.000000000000000000e+00 0.000000000000000000e+00
0.000000000000000000e+00 0.000000000000000000e+00 0.000000000000000000e+00 0.000000000000000000e+00
0.000000000000000000e+00 0.000000000000000000e+00 0.000000000000000000e+00 0.000000000000000000e+00
0.000000000000000000e+00 0.000000000000000000e+00 0.000000000000000000e+00 0.000000000000000000e+00
-2.761726936350261674e-02 8.754041165582066020e-01 -4.826022369880285101e-01 5.759999999999999842e-02
-4.810034955494165709e-01 -4.348569613106789689e-01 -7.612720016320608796e-01 -9.289999999999999647e-02
-8.762835863475624265e-01 2.111091090232441458e-01 4.330820019179577596e-01 3.925000000000000155e-01
0.000000000000000000e+00 0.000000000000000000e+00 0.000000000000000000e+00 1.000000000000000000e+00
-5.302304310658836339e-01 8.478528298836487398e-01 -1.126423533088644069e-03 -1.389999999999999916e-02
7.358021459042247692e-01 4.608154157677936125e-01 4.962301428505662138e-01 7.710000000000000187e-02
4.212492042181507079e-01 2.622874976986970808e-01 -8.681902881837200159e-01 4.741000000000000214e-01
0.000000000000000000e+00 0.000000000000000000e+00 0.000000000000000000e+00 1.000000000000000000e+00
3.838712719059056422e-01 6.844166097103315805e-01 6.198522008978897269e-01 -4.200000000000000261e-02
3.864437845697420437e-01 4.905905121024115578e-01 -7.810135407292938536e-01 2.700000000000000143e-03
-8.386322483501078562e-01 5.393466916443533377e-01 -7.616494101313020515e-02 4.398000000000000242e-01
0.000000000000000000e+00 0.000000000000000000e+00 0.000000000000000000e+00 1.000000000000000000e+00
-3.551323726280006809e-01 1.227692911570247292e-01 -9.267193205390770183e-01 8.069999999999999396e-02
-9.166392571837985725e-01 1.488082382181030727e-01 3.709832616546981932e-01 1.053999999999999937e-01
1.834488214765658265e-01 9.812154755135213957e-01 5.968852914616895600e-02 4.691000000000000170e-01
0.000000000000000000e+00 0.000000000000000000e+00 0.000000000000000000e+00 1.000000000000000000e+00
8.000578912453831792e-01 5.602489475560000765e-01 2.145425072529566213e-01 3.599999999999999728e-02
-5.425264740341343428e-01 8.283121151771768442e-01 -1.398716012019634025e-01 6.100000000000000387e-03
-2.560710753444838117e-01 -4.489611687631206438e-03 9.666475302605463948e-01 4.391999999999999793e-01
0.000000000000000000e+00 0.000000000000000000e+00 0.000000000000000000e+00 1.000000000000000000e+00
5.154087083903410305e-01 -8.565572643373979833e-01 -2.575880871145052459e-02 -1.669999999999999957e-02
8.460024215474721831e-01 5.133858651991907163e-01 -1.439265651278162639e-01 -8.890000000000000679e-02
1.365055531881891326e-01 5.238899048952082305e-02 9.892530655116896776e-01 4.166000000000000258e-01
0.000000000000000000e+00 0.000000000000000000e+00 0.000000000000000000e+00 1.000000000000000000e+00
-7.841912256946921289e-01 -6.185509973382388171e-01 4.938405851412866476e-02 -7.009999999999999565e-02
5.414636494138664879e-01 -7.209854523775707236e-01 -4.324316059486486008e-01 1.072000000000000036e-01
3.030861889081623017e-01 -3.123693985520668015e-01 9.003133459753586143e-01 4.920999999999999819e-01
0.000000000000000000e+00 0.000000000000000000e+00 0.000000000000000000e+00 1.000000000000000000e+00
-8.421398891779772189e-01 -5.358457735886105189e-01 -6.057816423867025402e-02 1.648999999999999910e-01
4.880425286096753412e-01 -7.095494707514304888e-01 -5.082853911186497875e-01 -5.580000000000000238e-02
2.293793742331207142e-01 -4.576121234010175343e-01 8.590554389518955114e-01 4.254000000000000004e-01
0.000000000000000000e+00 0.000000000000000000e+00 0.000000000000000000e+00 1.000000000000000000e+00
-5.159685169393024573e-02 7.200078672551493142e-01 6.920451112362298041e-01 8.690000000000000502e-02
-3.187010540943892578e-01 -6.686057969266361312e-01 6.718600497389485282e-01 -3.799999999999999992e-03
9.464498946137611668e-01 -1.858896430863979932e-01 2.639652203961951882e-01 4.309000000000000052e-01
0.000000000000000000e+00 0.000000000000000000e+00 0.000000000000000000e+00 1.000000000000000000e+00
