0.000000000000000000e+00 0.000000000000000000e+00 0.000000000000000000e+00 0.000000000000000000e+00
0.000000000000000000e+00 0.000000000000000000e+00 0.000000000000000000e+00 0.000000000000000000e+00
0.000000000000000000e+00 0.000000000000000000e+00 0.000000000000000000e+00 0.000000000000000000e+00
0.000000000000000000e+00 0.000000000000000000e+00 0.000000000000000000e+00 0.000000000000000000e+00
6.975531987171255111e-01 6.757668245576100574e-01 2.382409154340005275e-01 1.008000000000000007e-01
1.599491064661151540e-02 3.177230215659710977e-01 -9.480486508615452168e-01 -1.170000000000000033e-02
-7.163544498311664732e-01 6.651250111026599798e-01 2.108198800226700476e-01 4.218999999999999972e-01
0.000000000000000000e+00 0.000000000000000000e+00 0.000000000000000000e+00 1.000000000000000000e+00
-9.929733763057362328e-01 -8.174035210844264598e-02 -8.557095760347019353e-02 -9.950000000000000511e-02
-1.167446809810735314e-01 7.949075744615246020e-01 5.953928346279648842e-01 4.499999999999999660e-03
1.935338240759083839e-02 6.011991873754352067e-01 -7.988648093942440909e-01 4.381999999999999784e-01
0.000000000000000000e+00 0.000000000000000000e+00 0.000000000000000000e+00 1.000000000000000000e+00
1.684010245716831555e-01 -2.815880417060350749e-01 9.446424030771471969e-01 -3.950000000000000039e-02
8.046843574486530759e-01 5.927711584627279873e-01 3.324813637188872573e-02 -4.669999999999999846e-02
-5.693190492163913152e-01 7.545399449087606403e-01 3.264127628271122905e-01 4.026000000000000134e-01
0.000000000000000000e+00 0.000000000000000000e+00 0.000000000000000000e+00 1.000000000000000000e+00
5.138505520716691866e-01 -4.229193235089808711e-01 -7.463892120993890211e-01 -7.739999999999999658e-02
-8.544720700875240160e-01 -1.748423780653700632e-01 -4.891907851470506108e-01 9.199999999999999845e-02
7.638777111542283116e-02 8.891396901697462551e-01 -4.512156023331479471e-01 4.784999999999999809e-01
0.000000000000000000e+00 0.000000000000000000e+00 0.000000000000000000e+00 1.000000000000000000e+00
8.993447406807268951e-01 -4.137480359070146441e-01 -1.413916553160183276e-01 -6.400000000000000307e-03
3.674307108794126475e-01 8.904374458696323602e-01 -2.685439027343853868e-01 1.280000000000000061e-02
2.370099367380311683e-01 1.895619101408647089e-01 9.528339688063084401e-01 4.406999999999999806e-01
0.000000000000000000e+00 0.000000000000000000e+00 0.000000000000000000e+00 1.000000000000000000e+00
-5.000256304475076963e-01 -8.271894427276701434e-01 -2.563825164387370514e-01 5.480000000000000149e-02
8.173103102380169238e-01 -3.528727611584099311e-01 -4.555048531147353752e-01 -7.270000000000000073e-02
2.863183991192486677e-01 -4.373081754007424604e-01 8.525158849273508643e-01 4.048999999999999821e-01
0.000000000000000000e+00 0.000000000000000000e+00 0.000000000000000000e+00 1.000000000000000000e+00
-9.084103866311745712e-01 4.157196397982566571e-01 4.435933437967271020e-02 -1.562999999999999945e-01
-3.731056933337731918e-01 -7.582415426265018965e-01 -5.346605508519464145e-01 -2.589999999999999941e-02
-1.886338014845807820e-01 -5.022419179254058452e-01 8.439018573365539844e-01 4.224999999999999867e-01
0.000000000000000000e+00 0.000000000000000000e+00 0.000000000000000000e+00 1.000000000000000000e+00
-8.647649114844968565e-01 4.971804890035042002e-01 7.066264373378126906e-02 1.078000000000000069e-01
-4.200465288863953761e-01 -6.390205730013380769e-01 -6.443707169413679381e-01 7.670000000000000429e-02
-2.752136650598975276e-01 -5.869107842213143744e-01 7.614415078842368123e-01 4.999000000000000110e-01
0.000000000000000000e+00 0.000000000000000000e+00 0.000000000000000000e+00 1.000000000000000000e+00
-1.111423902173123146e-01 9.393486541373410326e-01 -3.244556596318646235e-01 2.790000000000000119e-02
-5.596916501043798231e-01 2.106166148876345012e-01 8.014897992717751052e-01 4.739999999999999769e-02
8.212141169635474025e-01 2.706746155509223706e-01 5.023371642593661424e-01 4.601000000000000090e-01
0.000000000000000000e+00 0.000000000000000000e+00 0.000000000000000000e+00 1.000000000000000000e+00
