0.000000000000000000e+00 0.000000000000000000e+00 0.000000000000000000e+00 0.000000000000000000e+00
0.000000000000000000e+00 0.000000000000000000e+00 0.000000000000000000e+00 0.000000000000000000e+00
0.000000000000000000e+00 0.000000000000000000e+00 0.000000000000000000e+00 0.000000000000000000e+00
0.000000000000000000e+00 0.000000000000000000e+00 0.000000000000000000e+00 0.000000000000000000e+00
4.779527169462548519e-01 8.762409612685249094e-01 -6.134311826851224225e-02 9.589999999999999913e-02
7.407898945641144817e-03 -7.385471735976034680e-02 -9.972414972096386165e-01 -4.580000000000000043e-02
-8.783543267935238763e-01 4.761798594217541702e-01 -4.179016731450402311e-02 3.810000000000000053e-01
0.000000000000000000e+00 0.000000000000000000e+00 0.000000000000000000e+00 1.000000000000000000e+00
-9.403216041983368800e-01 3.358523977600290089e-01 -5.475808247835078912e-02 -7.739999999999999658e-02
1.675035849139883681e-01 5.969055134048214528e-01 7.846313510865398078e-01 2.139999999999999888e-02
2.962057219549090181e-01 7.286336356398638303e-01 -6.175396305464173619e-01 4.593999999999999750e-01
0.000000000000000000e+00 0.000000000000000000e+00 0.000000000000000000e+00 1.000000000000000000e+00
3.008433558289084209e-01 1.189570359025362567e-01 9.462253953804471429e-01 -4.839999999999999858e-02
8.451631663889503931e-01 4.263932448019349675e-01 -3.223166501542860107e-01 -3.339999999999999913e-02
-4.418059499746512242e-01 8.966816739493228550e-01 2.773946954135986243e-02 3.988999999999999768e-01
0.000000000000000000e+00 0.000000000000000000e+00 0.000000000000000000e+00 1.000000000000000000e+00
1.914930890247523720e-01 -2.434642308335326355e-01 -9.508183660197117026e-01 -1.789999999999999925e-02
-9.531554347486985712e-01 -2.772357378892946755e-01 -1.209754638180708386e-01 8.519999999999999796e-02
-2.341476330539719042e-01 9.294436582932901203e-01 -2.851479826223706215e-01 5.059000000000000163e-01
0.000000000000000000e+00 0.000000000000000000e+00 0.000000000000000000e+00 1.000000000000000000e+00
9.996139941365709269e-01 -2.742609660240738836e-02 -4.435307372318984115e-03 1.099999999999999936e-02
2.231545897182178259e-02 8.877114943375989942e-01 -4.598590252585936233e-01 2.000000000000000042e-03
1.654941138555894586e-02 4.595825410587986437e-01 8.879808584292395723e-01 4.351999999999999758e-01
0.000000000000000000e+00 0.000000000000000000e+00 0.000000000000000000e+00 1.000000000000000000e+00
-1.090802844810510042e-01 -9.744354649713402594e-01 -1.964103259597633766e-01 2.910000000000000087e-02
8.189695644888714821e-01 2.388703968759398055e-02 -5.733395693442685515e-01 -8.450000000000000566e-02
5.633740710917045647e-01 -2.233941224407008097e-01 7.954273832855568438e-01 3.682000000000000273e-01
0.000000000000000000e+00 0.000000000000000000e+00 0.000000000000000000e+00 1.000000000000000000e+00
-9.988200392198853805e-01 3.632168658266345801e-03 4.842867542711974671e-02 -1.429999999999999882e-01
-3.782810971239090880e-02 -6.835514359313041854e-01 -7.289214419619168828e-01 1.340000000000000045e-02
3.045592501262636698e-02 -7.298933084958997286e-01 6.828822701202124090e-01 4.563999999999999724e-01
0.000000000000000000e+00 0.000000000000000000e+00 0.000000000000000000e+00 1.000000000000000000e+00
-9.948608491729702408e-01 1.000192737405754539e-01 1.574914801646769974e-02 1.504000000000000059e-01
-7.065646896392774323e-02 -5.743836287963566267e-01 -8.155311829502776000e-01 1.310000000000000053e-02
-7.252278384332946914e-02 -8.124528243849837850e-01 5.784987934062406634e-01 4.677000000000000046e-01
0.000000000000000000e+00 0.000000000000000000e+00 0.000000000000000000e+00 1.000000000000000000e+00
-1.070573907888572318e-01 9.897845527861774961e-01 9.415547856258116299e-02 5.850000000000000339e-02
-7.020546697230072297e-01 -1.423116839427516211e-01 6.977582857505152392e-01 1.919999999999999832e-02
7.040297975211000647e-01 8.597888068891279545e-03 7.101183848649136321e-01 4.491999999999999882e-01
0.000000000000000000e+00 0.000000000000000000e+00 0.000000000000000000e+00 1.000000000000000000e+00
