0.000000000000000000e+00 0.000000000000000000e+00 0.000000000000000000e+00 0.000000000000000000e+00
0.000000000000000000e+00 0.000000000000000000e+00 0.000000000000000000e+00 0.000000000000000000e+00
0.000000000000000000e+00 0.000000000000000000e+00 0.000000000000000000e+00 0.000000000000000000e+00
0.000000000000000000e+00 0.000000000000000000e+00 0.000000000000000000e+00 0.000000000000000000e+00
7.144270123652820548e-01 -1.418561088365222767e-01 6.851794570684223151e-01 4.959999999999999826e-02
6.629719007955363619e-01 4.503642422799052358e-01 -5.980303571150885622e-01 3.939999999999999752e-02
-2.237460675819145373e-01 8.815037683761809406e-01 4.157989942029943764e-01 4.843999999999999972e-01
0.000000000000000000e+00 0.000000000000000000e+00 0.000000000000000000e+00 1.000000000000000000e+00
-4.909726686105986282e-01 -8.668727885899270014e-01 -8.647200170986446555e-02 -8.229999999999999816e-02
-7.099268823339728307e-01 3.405917233424617940e-01 6.164422922952133010e-01 -7.889999999999999791e-02
-5.049254008434834740e-01 3.640451158756777272e-01 -7.826375234999352060e-01 3.882999999999999785e-01
0.000000000000000000e+00 0.000000000000000000e+00 0.000000000000000000e+00 1.000000000000000000e+00
-1.915277988519152874e-01 -9.126994740835311370e-01 3.609664420338631885e-01 3.200000000000000153e-03
8.566965668425535751e-01 2.400679716172393618e-02 5.152617451841523533e-01 -6.759999999999999343e-02
-4.789447720010343579e-01 4.079256595234992400e-01 7.773085369884956686e-01 3.970000000000000195e-01
0.000000000000000000e+00 0.000000000000000000e+00 0.000000000000000000e+00 1.000000000000000000e+00
8.390790562405185948e-01 -5.305018772787695180e-01 1.204744602902291795e-01 -1.481000000000000094e-01
-3.180146857708935348e-01 -6.580024046593260234e-01 -6.825683080077659115e-01 -1.400000000000000029e-02
4.413762533401184851e-01 5.344161240702286486e-01 -7.208234245092159931e-01 4.233999999999999986e-01
0.000000000000000000e+00 0.000000000000000000e+00 0.000000000000000000e+00 1.000000000000000000e+00
1.482622950262312278e-01 -9.298784678239049306e-01 -3.366664921714391245e-01 -3.640000000000000180e-02
7.546884992695448435e-01 3.263878232930330636e-01 -5.691364141190737858e-01 -1.549999999999999989e-02
6.391115402993727823e-01 -1.696968587909120363e-01 7.501595931351278113e-01 4.395999999999999908e-01
0.000000000000000000e+00 0.000000000000000000e+00 0.000000000000000000e+00 1.000000000000000000e+00
-9.734823484043932940e-01 -2.485438327014709292e-02 -2.274079527574354442e-01 7.309999999999999831e-02
1.904053626033251345e-01 -6.390330527328880184e-01 -7.452399314360323990e-01 -2.809999999999999998e-02
-1.267987193821910885e-01 -7.687776122827371106e-01 6.268198047412747442e-01 4.526999999999999913e-01
0.000000000000000000e+00 0.000000000000000000e+00 0.000000000000000000e+00 1.000000000000000000e+00
-1.719889137548922253e-01 9.850984307938951412e-01 9.461462982687796064e-04 -8.619999999999999885e-02
-7.792335237018858107e-01 -1.354591149463257871e-01 -6.119198834137528076e-01 -1.315000000000000058e-01
-6.026731527822979384e-01 -1.059807049672890633e-01 7.909191874585427273e-01 3.482000000000000095e-01
0.000000000000000000e+00 0.000000000000000000e+00 0.000000000000000000e+00 1.000000000000000000e+00
-7.497315500802859134e-02 9.888728279578061775e-01 1.284895176848025455e-01 -4.279999999999999777e-02
-7.596511537633677813e-01 2.683467130182071170e-02 -6.497769040233021265e-01 8.400000000000000522e-02
-6.459946985959919008e-01 -1.463230349017347609e-01 7.491865047122907573e-01 5.429000000000000492e-01
0.000000000000000000e+00 0.000000000000000000e+00 0.000000000000000000e+00 1.000000000000000000e+00
-5.954365766349978273e-02 2.623881387291502332e-01 -9.631235733208404204e-01 -4.959999999999999826e-02
-7.202107141526822298e-01 6.567829242738514317e-01 2.234562990877002608e-01 2.510000000000000078e-02
6.911953993276688246e-01 7.069573219343162629e-01 1.498674911771197271e-01 4.701000000000000179e-01
0.000000000000000000e+00 0.000000000000000000e+00 0.000000000000000000e+00 1.000000000000000000e+00
