0.000000000000000000e+00 0.000000000000000000e+00 0.000000000000000000e+00 0.000000000000000000e+00
0.000000000000000000e+00 0.000000000000000000e+00 0.000000000000000000e+00 0.000000000000000000e+00
0.000000000000000000e+00 0.000000000000000000e+00 0.000000000000000000e+00 0.000000000000000000e+00
0.000000000000000000e+00 0.000000000000000000e+00 0.000000000000000000e+00 0.000000000000000000e+00
7.943062037248955765e-01 3.490397129622571093e-01 4.972413232016922313e-01 8.870000000000000107e-02
5.991563294451041077e-02 7.694827124013938757e-01 -6.358509827343609144e-01 3.729999999999999982e-02
-6.045558465956667460e-01 5.348529088362695694e-01 5.902919567945830170e-01 4.471999999999999864e-01
0.000000000000000000e+00 0.000000000000000000e+00 0.000000000000000000e+00 1.000000000000000000e+00
-8.659253588828297321e-01 -4.901766916227919824e-01 -9.949916498834079914e-02 -1.026999999999999996e-01
-4.999344161530765440e-01 8.420668972836968802e-01 2.024572054649832753e-01 -2.570000000000000062e-02
-1.545485002597057206e-02 2.250558852568451951e-01 -9.742232783720232714e-01 4.395999999999999908e-01
0.000000000000000000e+00 0.000000000000000000e+00 0.000000000000000000e+00 1.000000000000000000e+00
5.347582780945048242e-03 -6.372943339890080328e-01 7.706019304569042827e-01 -2.210000000000000159e-02
5.612415566285005042e-01 6.397079501094671272e-01 5.251491727880386318e-01 -5.650000000000000161e-02
-8.276347735998159649e-01 4.296855483167315581e-01 3.610969552573534136e-01 4.324000000000000066e-01
0.000000000000000000e+00 0.000000000000000000e+00 0.000000000000000000e+00 1.000000000000000000e+00
7.462230321491976071e-01 -5.297523214442767525e-01 -4.031298354307918386e-01 -1.223999999999999949e-01
-4.883969660838163307e-01 -2.417796020301254956e-02 -8.722865525505624218e-01 7.109999999999999654e-02
4.523489690605928537e-01 8.478077047095179397e-01 -2.767715773431178583e-01 4.430999999999999939e-01
0.000000000000000000e+00 0.000000000000000000e+00 0.000000000000000000e+00 1.000000000000000000e+00
6.340972065221379683e-01 -7.294887794824249649e-01 -2.564504889643670071e-01 -2.160000000000000114e-02
7.600560793398067894e-01 6.490110671803173137e-01 3.315706464792771146e-02 2.040000000000000147e-02
1.422514989004413366e-01 -2.159415552567581220e-01 9.659884863567838043e-01 4.460999999999999965e-01
0.000000000000000000e+00 0.000000000000000000e+00 0.000000000000000000e+00 1.000000000000000000e+00
-8.049179921465976495e-01 -5.271720956643403122e-01 -2.723905421844841079e-01 7.199999999999999456e-02
5.839760140832869206e-01 -7.851866541822434264e-01 -2.060435222701519076e-01 -3.899999999999999994e-02
-1.052570230155042003e-01 -3.249176813393839236e-01 9.398667243066711752e-01 4.524000000000000243e-01
0.000000000000000000e+00 0.000000000000000000e+00 0.000000000000000000e+00 1.000000000000000000e+00
-6.515977111552033740e-01 7.579506891378182676e-01 3.051517086313075555e-02 -1.398999999999999966e-01
-7.524560169548146771e-01 -6.407322757885551834e-01 -1.525519364390829080e-01 -8.000000000000000167e-02
-9.607479048010116041e-02 -1.223638165403675149e-01 9.878242409638872124e-01 4.329000000000000070e-01
0.000000000000000000e+00 0.000000000000000000e+00 0.000000000000000000e+00 1.000000000000000000e+00
-5.753868252390241800e-01 8.102527933235073032e-01 1.114469032894625233e-01 4.619999999999999801e-02
-8.034170270739191544e-01 -5.344256909188114246e-01 -2.625076408290945018e-01 1.413000000000000089e-01
-1.531374609593048330e-01 -2.405817777750531850e-01 9.584723920142573794e-01 4.838000000000000078e-01
0.000000000000000000e+00 0.000000000000000000e+00 0.000000000000000000e+00 1.000000000000000000e+00
-9.696241000494199014e-02 7.170335681239852210e-01 -6.902616556273568627e-01 -6.899999999999999883e-03
-2.453188349408307878e-01 6.549148936763848905e-01 7.147762945594398065e-01 7.040000000000000424e-02
9.645812357024716732e-01 2.386406172977178219e-01 1.123997131066502009e-01 4.526999999999999913e-01
0.000000000000000000e+00 0.000000000000000000e+00 0.000000000000000000e+00 1.000000000000000000e+00
