0.000000000000000000e+00 0.000000000000000000e+00 0.000000000000000000e+00 0.000000000000000000e+00
0.000000000000000000e+00 0.000000000000000000e+00 0.000000000000000000e+00 0.000000000000000000e+00
0.000000000000000000e+00 0.000000000000000000e+00 0.000000000000000000e+00 0.000000000000000000e+00
0.000000000000000000e+00 0.000000000000000000e+00 0.000000000000000000e+00 0.000000000000000000e+00
-2.151223487047093652e-01 7.830165093047100067e-01 -5.836159021514379930e-01 3.769999999999999740e-02
-4.820803380025225904e-01 -6.048639465442708918e-01 -6.338281737839234209e-01 -1.028000000000000025e-01
-8.493061419765803866e-01 1.449991459531982663e-01 5.075966162945728666e-01 3.952999999999999847e-01
0.000000000000000000e+00 0.000000000000000000e+00 0.000000000000000000e+00 1.000000000000000000e+00
-3.206164180985846546e-01 9.471088780215548564e-01 1.377989907019877558e-02 1.159999999999999920e-02
8.392779280090667537e-01 2.773090695330339139e-01 4.676668039443581115e-01 8.010000000000000453e-02
4.391100909822515663e-01 1.615068206840636345e-01 -8.837974173248550613e-01 4.762000000000000122e-01
0.000000000000000000e+00 0.000000000000000000e+00 0.000000000000000000e+00 1.000000000000000000e+00
3.687177199237297032e-01 8.223239868079803561e-01 4.333941667056381286e-01 -3.450000000000000289e-02
2.801695415157143820e-01 3.462476586291003411e-01 -8.953309929298440828e-01 1.260000000000000009e-02
-8.863138671041542738e-01 4.515482472716449980e-01 -1.027224871427145914e-01 4.479000000000000203e-01
0.000000000000000000e+00 0.000000000000000000e+00 0.000000000000000000e+00 1.000000000000000000e+00
-5.169381667166979000e-01 2.496378908712216793e-01 -8.188136877415688186e-01 1.091000000000000025e-01
-8.175878145201612712e-01 1.394196175337554244e-01 5.586701493680216180e-01 8.770000000000000018e-02
2.536239289572766453e-01 9.582500162734718385e-01 1.320295761265820600e-01 4.611999999999999988e-01
0.000000000000000000e+00 0.000000000000000000e+00 0.000000000000000000e+00 1.000000000000000000e+00
6.399295909227411538e-01 7.164747620638596270e-01 2.777661498220923009e-01 4.200000000000000261e-02
-7.037816078586003332e-01 6.915852812548031192e-01 -1.624846060144720106e-01 -5.000000000000000104e-04
-3.085151002810342935e-01 -9.150800007240110501e-02 9.468076461569862046e-01 4.396999999999999797e-01
0.000000000000000000e+00 0.000000000000000000e+00 0.000000000000000000e+00 1.000000000000000000e+00
6.907549357198278228e-01 -7.216602705753925040e-01 4.543206633808104244e-02 -3.130000000000000143e-02
7.211875117997177398e-01 6.830238416154893466e-01 -1.156157628048652408e-01 -8.269999999999999574e-02
5.240411818577359049e-02 1.126271976827539212e-01 9.922544647111956051e-01 4.262000000000000233e-01
0.000000000000000000e+00 0.000000000000000000e+00 0.000000000000000000e+00 1.000000000000000000e+00
-6.199918936738184616e-01 -7.830426672995344228e-01 4.954021565539820648e-02 -3.490000000000000047e-02
7.002574537113203101e-01 -5.807144441745715202e-01 -4.152231121322085272e-01 1.215999999999999998e-01
3.539061320470311411e-01 -2.227440583168254218e-01 9.083697122780239885e-01 4.983000000000000207e-01
0.000000000000000000e+00 0.000000000000000000e+00 0.000000000000000000e+00 1.000000000000000000e+00
-6.949927531213335730e-01 -7.148675975978757702e-01 -7.713229552833797409e-02 1.531000000000000139e-01
6.587493403133541925e-01 -5.900727131724561314e-01 -4.667585026606553278e-01 -8.840000000000000635e-02
2.881568665597782353e-01 -3.752046256030674432e-01 8.810148177984932216e-01 4.163999999999999924e-01
0.000000000000000000e+00 0.000000000000000000e+00 0.000000000000000000e+00 1.000000000000000000e+00
-2.029528965175186883e-02 5.431642827382781036e-01 8.393811191439580766e-01 8.859999999999999820e-02
-2.815518864646611163e-01 -8.086814528398309498e-01 5.164908934928580386e-01 -2.110000000000000070e-02
9.593313486205597984e-01 -2.258470052718702104e-01 1.693413527865705870e-01 4.270999999999999797e-01
0.000000000000000000e+00 0.000000000000000000e+00 0.000000000000000000e+00 1.000000000000000000e+00
