0.000000000000000000e+00 0.000000000000000000e+00 0.000000000000000000e+00 0.000000000000000000e+00
0.000000000000000000e+00 0.000000000000000000e+00 0.000000000000000000e+00 0.000000000000000000e+00
0.000000000000000000e+00 0.000000000000000000e+00 0.000000000000000000e+00 0.000000000000000000e+00
0.000000000000000000e+00 0.000000000000000000e+00 0.000000000000000000e+00 0.000000000000000000e+00
3.160186295635442066e-01 9.249428795221056321e-01 -2.112176493338923100e-01 8.759999999999999731e-02
-4.347874523204328101e-01 -5.668496472018280663e-02 -8.987472871054349444e-01 -6.400000000000000133e-02
-8.432627686987531623e-01 3.758556696340064618e-01 3.842400532616111475e-01 4.038999999999999813e-01
0.000000000000000000e+00 0.000000000000000000e+00 0.000000000000000000e+00 1.000000000000000000e+00
-8.412142846020886910e-01 5.387361771908496522e-01 -4.606363823218169451e-02 -5.800000000000000294e-02
4.566881904791753599e-01 7.535332041783910917e-01 4.728885776559882403e-01 6.210000000000000242e-02
2.894726654768154939e-01 3.767639069582390254e-01 -8.799173451838024906e-01 4.635000000000000231e-01
0.000000000000000000e+00 0.000000000000000000e+00 0.000000000000000000e+00 1.000000000000000000e+00
3.396255358962351201e-01 3.315742046595359094e-01 8.801778468989045479e-01 -4.800000000000000100e-02
5.239547804629215433e-01 7.104566804438912087e-01 -4.698113379248082255e-01 -1.660000000000000017e-02
-7.811055520204979175e-01 6.207333179530826195e-01 6.755934121726192565e-02 4.289000000000000035e-01
0.000000000000000000e+00 0.000000000000000000e+00 0.000000000000000000e+00 1.000000000000000000e+00
8.441857470039892952e-03 -1.176165521713595230e-01 -9.930232030007041244e-01 1.720000000000000001e-02
-9.858380987781434346e-01 1.653516658622938840e-01 -2.796550721978874332e-02 1.255999999999999894e-01
1.674872473949921003e-01 9.791961873148232742e-01 -1.145550029818103166e-01 4.731000000000000205e-01
0.000000000000000000e+00 0.000000000000000000e+00 0.000000000000000000e+00 1.000000000000000000e+00
9.801748494860136329e-01 1.806609474265440107e-01 8.135653944222308309e-02 2.110000000000000070e-02
-1.758344509964319957e-01 9.823964811683951748e-01 -6.308248275661225424e-02 1.739999999999999880e-02
-9.132091916890590355e-02 4.752658059337360602e-02 9.946867415720628269e-01 4.410999999999999921e-01
0.000000000000000000e+00 0.000000000000000000e+00 0.000000000000000000e+00 1.000000000000000000e+00
1.087178259200767272e-01 -9.845158183408680985e-01 -1.375101369493266501e-01 1.480000000000000066e-02
9.779863314968751942e-01 1.307151247068887301e-01 -1.626539012078920543e-01 -9.020000000000000240e-02
1.781099933538151381e-01 -1.167996558619639053e-01 9.770540776528342519e-01 4.148000000000000020e-01
0.000000000000000000e+00 0.000000000000000000e+00 0.000000000000000000e+00 1.000000000000000000e+00
-9.735823212166039298e-01 -2.205943823238084578e-01 5.895406942414837398e-02 -1.236000000000000015e-01
1.800675630307525532e-01 -9.005019725940770492e-01 -3.958179759666588526e-01 6.710000000000000686e-02
1.404034777299189019e-01 -3.747456682089253532e-01 9.164346935815941286e-01 4.704999999999999738e-01
0.000000000000000000e+00 0.000000000000000000e+00 0.000000000000000000e+00 1.000000000000000000e+00
-9.921143211344676249e-01 -1.252905999286470784e-01 -3.382213685435966899e-03 1.642000000000000126e-01
1.096224377333436528e-01 -8.543314816201050821e-01 -5.080360623599423642e-01 1.190000000000000085e-02
6.076261140943042816e-02 -5.044006196291949129e-01 8.613291589005859228e-01 4.522999999999999798e-01
0.000000000000000000e+00 0.000000000000000000e+00 0.000000000000000000e+00 1.000000000000000000e+00
-8.507581167468591943e-02 9.453357140461544628e-01 3.148054860016594736e-01 7.240000000000000602e-02
-3.319488862042617172e-01 -3.247928484059894316e-01 8.856181697391232177e-01 2.869999999999999982e-02
9.394530553548930962e-01 -2.915464582483662248e-02 3.414351525710039859e-01 4.420000000000000040e-01
0.000000000000000000e+00 0.000000000000000000e+00 0.000000000000000000e+00 1.000000000000000000e+00
