0.000000000000000000e+00 0.000000000000000000e+00 0.000000000000000000e+00 0.000000000000000000e+00
0.000000000000000000e+00 0.000000000000000000e+00 0.000000000000000000e+00 0.000000000000000000e+00
0.000000000000000000e+00 0.000000000000000000e+00 0.000000000000000000e+00 0.000000000000000000e+00
0.000000000000000000e+00 0.000000000000000000e+00 0.000000000000000000e+00 0.000000000000000000e+00
7.414768418652366577e-01 -5.781535009583313456e-02 6.684829678240509221e-01 5.809999999999999887e-02
5.154789207523441386e-01 6.868529840886195004e-01 -5.123616501149914626e-01 5.639999999999999875e-02
-4.295271530852889375e-01 7.244931770153910655e-01 5.390881757380623363e-01 4.675000000000000266e-01
0.000000000000000000e+00 0.000000000000000000e+00 0.000000000000000000e+00 1.000000000000000000e+00
-5.665210533874496246e-01 -8.187381765083178164e-01 -9.339001229580136398e-02 -8.690000000000000502e-02
-7.802517442384518942e-01 4.965015834186655708e-01 3.803858478908114793e-01 -7.290000000000000646e-02
-2.650681264913392066e-01 2.883643112290300015e-01 -9.201004903421035053e-01 4.138999999999999901e-01
0.000000000000000000e+00 0.000000000000000000e+00 0.000000000000000000e+00 1.000000000000000000e+00
-1.638331914308039927e-01 -8.825697607151827828e-01 4.407145366977841539e-01 -5.999999999999999474e-04
7.030676998324221216e-01 2.089195827940628636e-01 6.797414342067885640e-01 -6.660000000000000642e-02
-6.919931320742601644e-01 4.212163641126728253e-01 5.862783296061313543e-01 4.153999999999999915e-01
0.000000000000000000e+00 0.000000000000000000e+00 0.000000000000000000e+00 1.000000000000000000e+00
8.418497198147988358e-01 -5.388242436284534920e-01 3.094323392875619749e-02 -1.461000000000000076e-01
-2.496852956980470661e-01 -4.396503371087183698e-01 -8.627658049507810345e-01 4.199999999999999740e-03
4.784833355091100415e-01 7.185930806502490720e-01 -5.046560037111034180e-01 4.319000000000000061e-01
0.000000000000000000e+00 0.000000000000000000e+00 0.000000000000000000e+00 1.000000000000000000e+00
2.362213307231564308e-01 -9.150891661361173490e-01 -3.268199824546941246e-01 -3.389999999999999958e-02
8.879015727478476450e-01 3.399125947051627739e-01 -3.099842335872945998e-01 -1.699999999999999905e-03
3.947534420664117194e-01 -2.169590882657583264e-01 8.928037152675895038e-01 4.434000000000000163e-01
0.000000000000000000e+00 0.000000000000000000e+00 0.000000000000000000e+00 1.000000000000000000e+00
-9.647630283339152513e-01 -1.138454839712623734e-01 -2.372161565731169541e-01 7.499999999999999722e-02
2.253661882094741831e-01 -8.228450000505018735e-01 -5.216667395031245880e-01 -1.890000000000000013e-02
-1.358027259369426476e-01 -5.567452843726995448e-01 8.195073568656094931e-01 4.550000000000000155e-01
0.000000000000000000e+00 0.000000000000000000e+00 0.000000000000000000e+00 1.000000000000000000e+00
-2.591086963534812160e-01 9.658073247652543269e-01 8.882280325552688316e-03 -9.679999999999999716e-02
-8.994387434518951174e-01 -2.379316402096463001e-01 -3.666039843820890765e-01 -1.340999999999999970e-01
-3.519554378776879044e-01 -1.029793475262377467e-01 9.303346837194641505e-01 3.902999999999999803e-01
0.000000000000000000e+00 0.000000000000000000e+00 0.000000000000000000e+00 1.000000000000000000e+00
-1.640881084843519577e-01 9.777070070700949467e-01 1.310118352671427733e-01 -2.740000000000000074e-02
-9.003176001459104461e-01 -9.416019389503604842e-02 -4.249259662025346440e-01 1.227000000000000035e-01
-4.031169948309497597e-01 -1.876775591584849134e-01 8.956973943619448431e-01 5.147000000000000464e-01
0.000000000000000000e+00 0.000000000000000000e+00 0.000000000000000000e+00 1.000000000000000000e+00
-6.454207297677760913e-02 3.475920179343588989e-01 -9.354218887134194693e-01 -4.259999999999999898e-02
-4.933136635891777200e-01 8.037160657165178801e-01 3.326892168757286106e-01 4.669999999999999846e-02
8.674537164207000162e-01 4.829288506369051603e-01 1.195983908354696368e-01 4.617999999999999883e-01
0.000000000000000000e+00 0.000000000000000000e+00 0.000000000000000000e+00 1.000000000000000000e+00
