0.000000000000000000e+00 0.000000000000000000e+00 0.000000000000000000e+00 0.000000000000000000e+00
0.000000000000000000e+00 0.000000000000000000e+00 0.000000000000000000e+00 0.000000000000000000e+00
0.000000000000000000e+00 0.000000000000000000e+00 0.000000000000000000e+00 0.000000000000000000e+00
0.000000000000000000e+00 0.000000000000000000e+00 0.000000000000000000e+00 0.000000000000000000e+00
6.351604081945173563e-01 -3.072679898156663869e-01 7.086308194658299531e-01 3.379999999999999671e-02
7.545199787755217935e-01 4.429948637446841087e-01 -4.842056921644094514e-01 4.769999999999999934e-02
-1.651389036258876231e-01 8.422243959482936804e-01 5.132126356382619159e-01 4.925999999999999823e-01
0.000000000000000000e+00 0.000000000000000000e+00 0.000000000000000000e+00 1.000000000000000000e+00
-3.227280561571321815e-01 -9.431689580831826847e-01 -7.923962567631320786e-02 -6.790000000000000202e-02
-7.835100523450134746e-01 2.192499005564034764e-01 5.814133460631270012e-01 -9.039999999999999425e-02
-5.309977397723582015e-01 2.497234422602145343e-01 -8.097404539371586552e-01 3.865000000000000102e-01
0.000000000000000000e+00 0.000000000000000000e+00 0.000000000000000000e+00 1.000000000000000000e+00
-2.525381133891737573e-01 -9.487029214935759347e-01 1.902295141017577573e-01 1.340000000000000045e-02
8.102113447374620359e-01 -9.986127221850815694e-02 5.775684402472269774e-01 -6.669999999999999540e-02
-5.289443053333220401e-01 2.999841546823014404e-01 7.938686470663736117e-01 4.043999999999999817e-01
0.000000000000000000e+00 0.000000000000000000e+00 0.000000000000000000e+00 1.000000000000000000e+00
8.175768852275372423e-01 -4.916682065376036803e-01 2.997172190944902836e-01 -1.459999999999999909e-01
-1.846491091312450206e-01 -7.168772061413739571e-01 -6.723033376475052725e-01 -3.509999999999999926e-02
5.454106189273142391e-01 4.943171512248328847e-01 -6.768883296130090432e-01 4.113999999999999879e-01
0.000000000000000000e+00 0.000000000000000000e+00 0.000000000000000000e+00 1.000000000000000000e+00
-3.623769523587072605e-02 -9.399980291937326538e-01 -3.392499588148689682e-01 -3.780000000000000027e-02
7.810241636568402424e-01 1.851437087569940410e-01 -5.964252366322523313e-01 -1.990000000000000102e-02
6.234485425663652824e-01 -2.865754913100623247e-01 7.274519932973386727e-01 4.401999999999999802e-01
0.000000000000000000e+00 0.000000000000000000e+00 0.000000000000000000e+00 1.000000000000000000e+00
-9.687571240841528208e-01 1.565171870650698960e-01 -1.923850427903340543e-01 7.000000000000000666e-02
4.520528328356364367e-02 -6.512808067588293781e-01 -7.574891372889916985e-01 -1.640000000000000138e-02
-2.438567548776402194e-01 -7.425198185239273441e-01 6.238575175468676903e-01 4.662000000000000033e-01
0.000000000000000000e+00 0.000000000000000000e+00 0.000000000000000000e+00 1.000000000000000000e+00
1.247918569103489972e-02 9.999020032534919888e-01 -6.344589359633223680e-03 -5.970000000000000306e-02
-8.079381364538698040e-01 6.344589359633112657e-03 -5.892331574591724852e-01 -1.438000000000000111e-01
-5.891351607126644740e-01 1.247918569103501074e-02 8.079381364538696930e-01 3.482000000000000095e-01
0.000000000000000000e+00 0.000000000000000000e+00 0.000000000000000000e+00 1.000000000000000000e+00
1.098647076728003213e-01 9.854793550524241219e-01 1.294611400128558021e-01 -7.040000000000000424e-02
-7.753999680703178576e-01 1.664654493998745100e-01 -6.091339291753888885e-01 7.960000000000000409e-02
-6.218397185163713203e-01 -3.346184276987707040e-02 7.824293383775458022e-01 5.384999999999999787e-01
0.000000000000000000e+00 0.000000000000000000e+00 0.000000000000000000e+00 1.000000000000000000e+00
-3.864053843412107447e-02 8.155520458603776612e-02 -9.959195034712648997e-01 -6.019999999999999657e-02
-7.071795066534130036e-01 7.019161006788973145e-01 8.491721249056288778e-02 1.880000000000000074e-02
7.059773751041578116e-01 7.075751099442812997e-01 3.055175327836101573e-02 4.676000000000000156e-01
0.000000000000000000e+00 0.000000000000000000e+00 0.000000000000000000e+00 1.000000000000000000e+00
