0.000000000000000000e+00 0.000000000000000000e+00 0.000000000000000000e+00 0.000000000000000000e+00
0.000000000000000000e+00 0.000000000000000000e+00 0.000000000000000000e+00 0.000000000000000000e+00
0.000000000000000000e+00 0.000000000000000000e+00 0.000000000000000000e+00 0.000000000000000000e+00
0.000000000000000000e+00 0.000000000000000000e+00 0.000000000000000000e+00 0.000000000000000000e+00
1.406218294658789780e-02 8.881079787477145215e-01 -4.594197134379693903e-01 6.169999999999999790e-02
-2.692678018193471745e-01 -4.391280550510483494e-01 -8.571239129615160213e-01 -8.580000000000000127e-02
-9.629626710907093212e-01 1.357599696218765306e-01 2.329637841685132660e-01 3.680999999999999828e-01
0.000000000000000000e+00 0.000000000000000000e+00 0.000000000000000000e+00 1.000000000000000000e+00
-5.714996496130344550e-01 8.206000137550957252e-01 -1.941112391271426763e-03 -1.890000000000000013e-02
6.003009762138236116e-01 4.196847699232253426e-01 6.808108634938337955e-01 5.850000000000000339e-02
5.594880592549844600e-01 3.879179182760524869e-01 -7.324566882973113646e-01 4.834999999999999853e-01
0.000000000000000000e+00 0.000000000000000000e+00 0.000000000000000000e+00 1.000000000000000000e+00
3.866633758734552284e-01 6.496584175445809795e-01 6.545497492716760846e-01 -4.290000000000000063e-02
5.812685295860102741e-01 3.793409876607455322e-01 -7.198800675067255073e-01 -7.199999999999999803e-03
-7.159736938401164430e-01 6.588204274262000615e-01 -2.309487262032381416e-01 4.324000000000000066e-01
0.000000000000000000e+00 0.000000000000000000e+00 0.000000000000000000e+00 1.000000000000000000e+00
-3.193874459434822288e-01 9.297081601754347835e-02 -9.430525365761609491e-01 7.439999999999999392e-02
-9.467388387858053367e-01 -7.431468580270372826e-02 3.133095890785186910e-01 9.049999999999999711e-02
-4.095400478834909652e-02 9.928916128375129269e-01 1.117542600920357065e-01 4.884000000000000008e-01
0.000000000000000000e+00 0.000000000000000000e+00 0.000000000000000000e+00 1.000000000000000000e+00
8.286383128036255430e-01 5.238618037547456696e-01 1.973001700982164319e-01 3.479999999999999760e-02
-4.401074285155159860e-01 8.274806296588220755e-01 -3.486850425597566305e-01 -8.000000000000000383e-04
-3.459248443223191805e-01 2.021005148589771760e-01 9.162376241861690529e-01 4.351999999999999758e-01
0.000000000000000000e+00 0.000000000000000000e+00 0.000000000000000000e+00 1.000000000000000000e+00
4.750797595293159148e-01 -8.789039424123792354e-01 -4.274438088854071172e-02 -1.319999999999999993e-02
8.108120336634474512e-01 4.561126339700510846e-01 -3.668039138278743616e-01 -9.009999999999999953e-02
3.418816581101008500e-01 1.396034567798357662e-01 9.293157734069774634e-01 3.900000000000000133e-01
0.000000000000000000e+00 0.000000000000000000e+00 0.000000000000000000e+00 1.000000000000000000e+00
-8.138738236311187091e-01 -5.791607418533861740e-01 4.671439075806921304e-02 -7.679999999999999327e-02
4.287202389315094009e-01 -6.528367637003102963e-01 -6.245022951853854698e-01 8.150000000000000300e-02
3.921840842494399015e-01 -4.882386660815999924e-01 7.796246847068710739e-01 5.060999999999999943e-01
0.000000000000000000e+00 0.000000000000000000e+00 0.000000000000000000e+00 1.000000000000000000e+00
-8.676091503568377217e-01 -4.937343859162582893e-01 -5.899761334988022632e-02 1.665000000000000091e-01
3.917305890447062566e-01 -6.055942323585470355e-01 -6.926779708787845768e-01 -5.340000000000000302e-02
3.062703182219493891e-01 -6.240849156148208232e-01 7.188299592242020086e-01 4.119999999999999774e-01
0.000000000000000000e+00 0.000000000000000000e+00 0.000000000000000000e+00 1.000000000000000000e+00
-6.004188271090882267e-02 7.525280007688314177e-01 6.558174901444724370e-01 8.630000000000000171e-02
-5.276842959034876435e-01 -5.816238293334281551e-01 6.190823895156116752e-01 -6.700000000000000226e-03
8.473159128550400432e-01 -3.088937183083929061e-01 4.320189979760673538e-01 4.265999999999999792e-01
0.000000000000000000e+00 0.000000000000000000e+00 0.000000000000000000e+00 1.000000000000000000e+00
