0.000000000000000000e+00 0.000000000000000000e+00 0.000000000000000000e+00 0.000000000000000000e+00
0.000000000000000000e+00 0.000000000000000000e+00 0.000000000000000000e+00 0.000000000000000000e+00
0.000000000000000000e+00 0.000000000000000000e+00 0.000000000000000000e+00 0.000000000000000000e+00
0.000000000000000000e+00 0.000000000000000000e+00 0.000000000000000000e+00 0.000000000000000000e+00
4.740894869947757106e-01 8.790125188160040626e-01 -5.075578869226832213e-02 9.719999999999999474e-02
-4.756139074675442280e-01 2.071548531538413007e-01 -8.549141932605075489e-01 -4.370000000000000273e-02
-7.409659704362168142e-01 4.294459902939531393e-01 5.162805168471508166e-01 4.500000000000000111e-01
0.000000000000000000e+00 0.000000000000000000e+00 0.000000000000000000e+00 1.000000000000000000e+00
-9.407386648424425069e-01 3.326349411993880234e-01 -6.606633305806085266e-02 -7.630000000000000671e-02
2.970192025800498237e-01 9.021554280498254030e-01 3.128820495633259924e-01 5.449999999999999983e-02
1.636776031385182018e-01 2.747172719970769617e-01 -9.474914578492588113e-01 4.799999999999999822e-01
0.000000000000000000e+00 0.000000000000000000e+00 0.000000000000000000e+00 1.000000000000000000e+00
2.899396580314461680e-01 1.182787460519710010e-01 9.497079198011256773e-01 -4.700000000000000011e-02
4.625870535307604614e-01 8.513964353598204582e-01 -2.472596363386482532e-01 -2.440000000000000155e-02
-8.378234972870702846e-01 5.110129627406378994e-01 1.921393746859242357e-01 4.595000000000000195e-01
0.000000000000000000e+00 0.000000000000000000e+00 0.000000000000000000e+00 1.000000000000000000e+00
2.005643019802725302e-01 -2.362056227336008507e-01 -9.507790829420879053e-01 -1.739999999999999880e-02
-9.226676547390837424e-01 2.807008786741145290e-01 -2.643698462568276897e-01 1.338000000000000023e-01
3.293301681738929898e-01 9.302762603122857188e-01 -1.616407121672733815e-01 4.829999999999999849e-01
0.000000000000000000e+00 0.000000000000000000e+00 0.000000000000000000e+00 1.000000000000000000e+00
9.993821837576110090e-01 -3.487725692308451392e-02 4.339094074783227291e-03 1.209999999999999964e-02
3.421383948183998741e-02 9.936767537618563795e-01 1.069388714229297238e-01 2.560000000000000123e-02
-8.041391408180123546e-03 -1.067243457830506642e-01 9.942561289936312496e-01 4.696000000000000174e-01
0.000000000000000000e+00 0.000000000000000000e+00 0.000000000000000000e+00 1.000000000000000000e+00
-1.155020217704885166e-01 -9.756115922228107973e-01 -1.866582548064824876e-01 3.080000000000000099e-02
9.931352164790645531e-01 -1.099275377072688187e-01 -3.997972289422126180e-02 -8.340000000000000191e-02
1.848579876584538484e-02 -1.899946251189468249e-01 9.816110826951270907e-01 4.612999999999999878e-01
0.000000000000000000e+00 0.000000000000000000e+00 0.000000000000000000e+00 1.000000000000000000e+00
-9.982115068671109093e-01 7.754903344344563770e-03 5.927604096269043638e-02 -1.418999999999999984e-01
-2.123344869139705618e-02 -9.728898567396577768e-01 -2.302921347110170602e-01 4.580000000000000043e-02
5.588316575463928709e-02 -2.311388935839385761e-01 9.713145132540912385e-01 4.824999999999999845e-01
0.000000000000000000e+00 0.000000000000000000e+00 0.000000000000000000e+00 1.000000000000000000e+00
-9.943726197656848065e-01 1.024108320779353876e-01 2.711299565585174529e-02 1.514999999999999958e-01
-1.052797435712098106e-01 -9.267629349323387444e-01 -3.605920659542836693e-01 5.360000000000000181e-02
-1.180121408625503174e-02 -3.614173265197769269e-01 9.323294736504833535e-01 4.892000000000000237e-01
0.000000000000000000e+00 0.000000000000000000e+00 0.000000000000000000e+00 1.000000000000000000e+00
-9.636267790089680929e-02 9.912743264475457616e-01 8.994133662411674113e-02 5.949999999999999734e-02
-1.972781419954067195e-01 -1.075902079237893716e-01 9.744258216251024951e-01 4.789999999999999813e-02
9.756001071128520552e-01 7.615482180978710991e-02 2.059244378807705278e-01 4.713999999999999857e-01
0.000000000000000000e+00 0.000000000000000000e+00 0.000000000000000000e+00 1.000000000000000000e+00
