0.000000000000000000e+00 0.000000000000000000e+00 0.000000000000000000e+00 0.000000000000000000e+00
0.000000000000000000e+00 0.000000000000000000e+00 0.000000000000000000e+00 0.000000000000000000e+00
0.000000000000000000e+00 0.000000000000000000e+00 0.000000000000000000e+00 0.000000000000000000e+00
0.000000000000000000e+00 0.000000000000000000e+00 0.000000000000000000e+00 0.000000000000000000e+00
-3.495851293985994257e-01 6.790721812186193418e-01 -6.454852515730710172e-01 2.050000000000000086e-02
-3.838847217950260848e-01 -7.322868666273052440e-01 -5.624841911889778556e-01 -1.067000000000000032e-01
-8.546477389402721281e-01 5.115581746145536624e-02 5.166820343926528114e-01 3.887999999999999790e-01
0.000000000000000000e+00 0.000000000000000000e+00 0.000000000000000000e+00 1.000000000000000000e+00
-1.457065612238723773e-01 9.888072033908897884e-01 3.209225044463687171e-02 3.090000000000000038e-02
8.496520757800080093e-01 1.084518739746602733e-01 5.160712558882809553e-01 7.240000000000000602e-02
5.068145105845305309e-01 1.024622152487040805e-01 -8.559442425224266238e-01 4.812000000000000166e-01
0.000000000000000000e+00 0.000000000000000000e+00 0.000000000000000000e+00 1.000000000000000000e+00
3.495640183216937036e-01 8.972384008679421541e-01 2.697559065205585860e-01 -2.779999999999999832e-02
2.739236569034588786e-01 1.774659037264382233e-01 -9.452363107727054237e-01 1.529999999999999936e-02
-8.959747916562310621e-01 4.043131274426990940e-01 -1.837391294582535473e-01 4.529000000000000248e-01
0.000000000000000000e+00 0.000000000000000000e+00 0.000000000000000000e+00 1.000000000000000000e+00
-6.276802183821661441e-01 3.336994629415745428e-01 -7.033222674451737877e-01 1.270000000000000018e-01
-7.376272307388629379e-01 3.385555377455762294e-02 6.743588584360213911e-01 6.500000000000000222e-02
2.488445537363275228e-01 9.420713719836319999e-01 2.248953493619761934e-01 4.591000000000000081e-01
0.000000000000000000e+00 0.000000000000000000e+00 0.000000000000000000e+00 1.000000000000000000e+00
4.912207340719968451e-01 8.140063716231961122e-01 3.099932537566064128e-01 4.479999999999999954e-02
-7.766805846642946820e-01 5.704348468139972539e-01 -2.671541782301387613e-01 -9.599999999999999159e-03
-3.942961575051143197e-01 -1.095340700290582808e-01 9.124323688249839082e-01 4.380999999999999894e-01
0.000000000000000000e+00 0.000000000000000000e+00 0.000000000000000000e+00 1.000000000000000000e+00
8.034875741628870749e-01 -5.881193923844371119e-01 9.232171178655466937e-02 -4.189999999999999974e-02
5.941586557170447369e-01 7.825283332496902888e-01 -1.860776706055187191e-01 -7.770000000000000517e-02
3.719153132573820020e-02 2.043648403293047422e-01 9.781880197767831575e-01 4.259000000000000008e-01
0.000000000000000000e+00 0.000000000000000000e+00 0.000000000000000000e+00 1.000000000000000000e+00
-4.690565336541085983e-01 -8.822259109964430968e-01 4.078492617239984352e-02 -6.400000000000000307e-03
7.669909689926278640e-01 -4.298142253917500710e-01 -4.764289927519519963e-01 1.194000000000000061e-01
4.378479436061584185e-01 -1.921904618272873289e-01 8.782664770230458329e-01 5.089000000000000190e-01
0.000000000000000000e+00 0.000000000000000000e+00 0.000000000000000000e+00 1.000000000000000000e+00
-5.540174718986201619e-01 -8.271422659517012610e-01 -9.434146865162895690e-02 1.378999999999999948e-01
7.427427285687805414e-01 -4.399122989120081151e-01 -5.047874883791737544e-01 -1.126999999999999946e-01
3.760290946047446514e-01 -3.497325280013810489e-01 8.580730032278717223e-01 4.017000000000000015e-01
0.000000000000000000e+00 0.000000000000000000e+00 0.000000000000000000e+00 1.000000000000000000e+00
-2.051406144566225720e-03 3.840333423424041603e-01 9.233169465043689073e-01 8.640000000000000457e-02
-3.365921689803698102e-01 -8.697086546071117752e-01 3.609883209780860858e-01 -3.660000000000000059e-02
9.416482907720482576e-01 -3.100407200204665648e-01 1.310467413378543222e-01 4.208000000000000074e-01
0.000000000000000000e+00 0.000000000000000000e+00 0.000000000000000000e+00 1.000000000000000000e+00
