0.000000000000000000e+00 0.000000000000000000e+00 0.000000000000000000e+00 0.000000000000000000e+00
0.000000000000000000e+00 0.000000000000000000e+00 0.000000000000000000e+00 0.000000000000000000e+00
0.000000000000000000e+00 0.000000000000000000e+00 0.000000000000000000e+00 0.000000000000000000e+00
0.000000000000000000e+00 0.000000000000000000e+00 0.000000000000000000e+00 0.000000000000000000e+00
7.883969800744006218e-01 1.402272018790915176e-01 5.989712294115014934e-01 7.389999999999999347e-02
3.756311273023983377e-01 6.613401576058981490e-01 -6.492537655950368913e-01 4.259999999999999898e-02
-4.871667661192566334e-01 7.368619462226057015e-01 4.687248811381141689e-01 4.596000000000000085e-01
0.000000000000000000e+00 0.000000000000000000e+00 0.000000000000000000e+00 1.000000000000000000e+00
-7.291009997896098493e-01 -6.776991120317148454e-01 -9.558057154681705303e-02 -9.769999999999999518e-02
-6.466117116497087647e-01 6.363215216308600874e-01 4.206996737184625079e-01 -5.439999999999999697e-02
-2.242878205860163177e-01 3.685360696876385234e-01 -9.021508404230207390e-01 4.174999999999999822e-01
0.000000000000000000e+00 0.000000000000000000e+00 0.000000000000000000e+00 1.000000000000000000e+00
-8.149619704495214556e-02 -7.849403986177058146e-01 6.141880334922582563e-01 -1.200000000000000025e-02
7.434278508116861639e-01 3.625691160329294060e-01 5.620130485465772985e-01 -6.500000000000000222e-02
-6.638323587357937150e-01 5.024064158795915613e-01 5.539985494369956687e-01 4.113999999999999879e-01
0.000000000000000000e+00 0.000000000000000000e+00 0.000000000000000000e+00 1.000000000000000000e+00
8.145470808331427559e-01 -5.507636541114352413e-01 -1.821330569007858502e-01 -1.388999999999999957e-01
-4.232889581823380265e-01 -3.496213600816497902e-01 -8.358177806529172305e-01 3.209999999999999659e-02
3.966604479742295020e-01 7.579078452453678061e-01 -5.179152316049477900e-01 4.420000000000000040e-01
0.000000000000000000e+00 0.000000000000000000e+00 0.000000000000000000e+00 1.000000000000000000e+00
4.386566830244738036e-01 -8.458927598920239488e-01 -3.033904303042881390e-01 -2.939999999999999905e-02
8.120960097455424131e-01 5.176969115778287112e-01 -2.692396306232527348e-01 4.199999999999999740e-03
3.848121429910107416e-01 -1.282783945371649137e-01 9.140373450257015531e-01 4.430000000000000049e-01
0.000000000000000000e+00 0.000000000000000000e+00 0.000000000000000000e+00 1.000000000000000000e+00
-9.099692115511133217e-01 -3.202592673591142525e-01 -2.634198847840623636e-01 7.459999999999999964e-02
4.122887400315534689e-01 -7.667974343259258418e-01 -4.919752936422437939e-01 -3.420000000000000123e-02
-4.443004470219984181e-02 -5.562874224551380697e-01 8.298013465558966573e-01 4.445999999999999952e-01
0.000000000000000000e+00 0.000000000000000000e+00 0.000000000000000000e+00 1.000000000000000000e+00
-4.596333390993037060e-01 8.879507204152684574e-01 1.675445321193239079e-02 -1.213999999999999940e-01
-8.202297912096817578e-01 -4.171940189349823136e-01 -3.913722526917310929e-01 -1.116999999999999937e-01
-3.405294160576248785e-01 -1.936302369953723512e-01 9.200799139860456055e-01 3.940000000000000169e-01
0.000000000000000000e+00 0.000000000000000000e+00 0.000000000000000000e+00 1.000000000000000000e+00
-3.712302060362426825e-01 9.205213688899017699e-01 1.217725073378647382e-01 7.300000000000000065e-03
-8.379977860624178154e-01 -2.756521498856805419e-01 -4.709305711226323687e-01 1.226000000000000006e-01
-3.999348005372566073e-01 -2.768687444990203250e-01 8.737252735492782030e-01 5.154999999999999583e-01
0.000000000000000000e+00 0.000000000000000000e+00 0.000000000000000000e+00 1.000000000000000000e+00
-8.525974650731260596e-02 5.385980937102061716e-01 -8.382379549252353401e-01 -2.690000000000000030e-02
-4.991083807747057066e-01 7.050476261440024039e-01 5.037843478207302272e-01 5.269999999999999685e-02
8.623349696411252152e-01 4.613241141761821318e-01 2.087066405594240059e-01 4.630000000000000226e-01
0.000000000000000000e+00 0.000000000000000000e+00 0.000000000000000000e+00 1.000000000000000000e+00
