0.000000000000000000e+00 0.000000000000000000e+00 0.000000000000000000e+00 0.000000000000000000e+00
0.000000000000000000e+00 0.000000000000000000e+00 0.000000000000000000e+00 0.000000000000000000e+00
0.000000000000000000e+00 0.000000000000000000e+00 0.000000000000000000e+00 0.000000000000000000e+00
0.000000000000000000e+00 0.000000000000000000e+00 0.000000000000000000e+00 0.000000000000000000e+00
7.135052729729178811e-01 6.465958547843067006e-01 2.698592707608792884e-01 1.001999999999999974e-01
-1.169542906285171990e-01 4.896637095390951044e-01 -8.640319122949063901e-01 -2.200000000000000133e-03
-6.908197444655315156e-01 5.849301258579217011e-01 4.249997982592619294e-01 4.321999999999999731e-01
0.000000000000000000e+00 0.000000000000000000e+00 0.000000000000000000e+00 1.000000000000000000e+00
-9.878382108086789515e-01 -1.271317408405011062e-01 -8.951642160615883026e-02 -1.009000000000000036e-01
-1.523441697328102862e-01 9.065221880953346911e-01 3.937115396318315863e-01 8.600000000000000006e-03
3.109538896249091841e-02 4.025606078116812370e-01 -9.148650358514971437e-01 4.415000000000000036e-01
0.000000000000000000e+00 0.000000000000000000e+00 0.000000000000000000e+00 1.000000000000000000e+00
1.507846055510116967e-01 -3.227112466708404459e-01 9.344096820993337271e-01 -3.810000000000000192e-02
6.607047601167275186e-01 7.359975515736008056e-01 1.475697260171022207e-01 -4.680000000000000132e-02
-7.353456484456297737e-01 5.951176819334280665e-01 3.241939573191634505e-01 4.193000000000000060e-01
0.000000000000000000e+00 0.000000000000000000e+00 0.000000000000000000e+00 1.000000000000000000e+00
5.448382148753335708e-01 -4.373650058852200928e-01 -7.154461344073927975e-01 -8.319999999999999618e-02
-7.914579147882609966e-01 1.365440872576484388e-02 -6.110711302633823339e-01 1.038000000000000034e-01
2.770301224243992833e-01 8.991804094559506799e-01 -3.387165518839478917e-01 4.608999999999999764e-01
0.000000000000000000e+00 0.000000000000000000e+00 0.000000000000000000e+00 1.000000000000000000e+00
8.783060481894049421e-01 -4.526635026239196335e-01 -1.538643529416587885e-01 -8.300000000000000086e-03
4.504928105073178202e-01 8.913376205202601099e-01 -5.072941874788823580e-02 2.120000000000000009e-02
1.601084426104022462e-01 -2.475882948617454116e-02 9.867888765928333195e-01 4.433000000000000274e-01
0.000000000000000000e+00 0.000000000000000000e+00 0.000000000000000000e+00 1.000000000000000000e+00
-5.383248877223592022e-01 -8.020268066433138276e-01 -2.587649834970683904e-01 5.700000000000000205e-02
8.384360991855581702e-01 -4.787216270353360503e-01 -2.604813071818122827e-01 -6.740000000000000158e-02
8.503659706981657462e-02 -3.571814738115197674e-01 9.301559933283320980e-01 4.289999999999999925e-01
0.000000000000000000e+00 0.000000000000000000e+00 0.000000000000000000e+00 1.000000000000000000e+00
-8.882923387430219364e-01 4.570706581343090269e-01 4.497926636931285499e-02 -1.559999999999999998e-01
-4.455108058284671380e-01 -8.337227794914394696e-01 -3.262306681584953294e-01 -2.709999999999999909e-02
-1.116102272218894575e-01 -3.098269523939743975e-01 9.442194748837475782e-01 4.323000000000000176e-01
0.000000000000000000e+00 0.000000000000000000e+00 0.000000000000000000e+00 1.000000000000000000e+00
-8.406412727309036104e-01 5.360212753027451260e-01 7.748188823321941476e-02 1.019000000000000045e-01
-5.091331621352419567e-01 -7.333473042250708840e-01 -4.505387381790720291e-01 1.019000000000000045e-01
-1.846772151499360415e-01 -4.181900570418189411e-01 8.893882180441926577e-01 4.880999999999999783e-01
0.000000000000000000e+00 0.000000000000000000e+00 0.000000000000000000e+00 1.000000000000000000e+00
-1.088328737233537069e-01 9.235763149135135519e-01 -3.676441161339192853e-01 2.419999999999999929e-02
-3.627272450359632083e-01 3.074432456293320071e-01 8.797201807538135299e-01 6.079999999999999988e-02
9.255184229963964171e-01 2.290970127428041958e-01 3.015463603603709686e-01 4.549000000000000266e-01
0.000000000000000000e+00 0.000000000000000000e+00 0.000000000000000000e+00 1.000000000000000000e+00
