0.000000000000000000e+00 0.000000000000000000e+00 0.000000000000000000e+00 0.000000000000000000e+00
0.000000000000000000e+00 0.000000000000000000e+00 0.000000000000000000e+00 0.000000000000000000e+00
0.000000000000000000e+00 0.000000000000000000e+00 0.000000000000000000e+00 0.000000000000000000e+00
0.000000000000000000e+00 0.000000000000000000e+00 0.000000000000000000e+00 0.000000000000000000e+00
-1.751532408513878369e-01 8.111505432015830852e-01 -5.579929555854914458e-01 4.270000000000000184e-02
-6.472328063801242592e-01 -5.219417454407055956e-01 -5.555776351794751156e-01 -1.015999999999999959e-01
-7.418969177483918376e-01 2.638401232377026728e-01 6.164230307226927774e-01 4.202000000000000179e-01
0.000000000000000000e+00 0.000000000000000000e+00 0.000000000000000000e+00 1.000000000000000000e+00
-3.717710266294829147e-01 9.283140007601767829e-01 4.406784711709327285e-03 5.599999999999999943e-03
8.890492861869142560e-01 3.546721115661749524e-01 2.894806729433406778e-01 9.170000000000000373e-02
2.671659980038613158e-01 1.115383757718638319e-01 -9.571737147669572288e-01 4.641000000000000125e-01
0.000000000000000000e+00 0.000000000000000000e+00 0.000000000000000000e+00 1.000000000000000000e+00
3.685456119426796517e-01 7.951183687918578213e-01 4.816232049305465557e-01 -3.649999999999999772e-02
1.246918391007670879e-01 4.711275886437943372e-01 -8.732071578270257373e-01 1.750000000000000167e-02
-9.212090301226233402e-01 3.818711495104847309e-01 7.448723375234744815e-02 4.490000000000000102e-01
0.000000000000000000e+00 0.000000000000000000e+00 0.000000000000000000e+00 1.000000000000000000e+00
-4.774235500508630103e-01 2.256643944355588016e-01 -8.492009979627105354e-01 1.026999999999999996e-01
-7.808500938138664971e-01 3.342047036296879048e-01 5.278071116067576396e-01 1.015999999999999959e-01
4.029142400656832157e-01 9.150862238914018176e-01 1.665286751487338179e-02 4.486999999999999877e-01
0.000000000000000000e+00 0.000000000000000000e+00 0.000000000000000000e+00 1.000000000000000000e+00
6.813737716543628586e-01 6.804445137487478146e-01 2.696758183648255147e-01 4.080000000000000293e-02
-7.135695084923399101e-01 6.995640979098602941e-01 3.779721505036799656e-02 7.300000000000000065e-03
-1.629366129864879831e-01 -2.181864721397583917e-01 9.622090851388267474e-01 4.440000000000000058e-01
0.000000000000000000e+00 0.000000000000000000e+00 0.000000000000000000e+00 1.000000000000000000e+00
6.508341683654532694e-01 -7.584395572216124926e-01 3.441399903430814033e-02 -2.779999999999999832e-02
7.546801803399405539e-01 6.512270925032672686e-01 7.975650062418804254e-02 -7.979999999999999594e-02
-8.290181355147716036e-02 -2.593669275805197613e-02 9.962201449873669956e-01 4.460999999999999965e-01
0.000000000000000000e+00 0.000000000000000000e+00 0.000000000000000000e+00 1.000000000000000000e+00
-6.619910809574272026e-01 -7.474324599424551074e-01 5.579002202175077640e-02 -4.349999999999999700e-02
7.200008584175718873e-01 -6.548433346430602153e-01 -2.297367427111233207e-01 1.340999999999999970e-01
2.082464228042748555e-01 -1.119148108961790372e-01 9.716524597258505702e-01 4.774999999999999800e-01
0.000000000000000000e+00 0.000000000000000000e+00 0.000000000000000000e+00 1.000000000000000000e+00
-7.335200892181665822e-01 -6.763107938417159959e-01 -6.746842851705200927e-02 1.567000000000000060e-01
6.626210958626673753e-01 -6.894978906009410213e-01 -2.924481871624620144e-01 -7.720000000000000473e-02
1.512665264727477143e-01 -2.592226243792012941e-01 9.538983535884885123e-01 4.388000000000000234e-01
0.000000000000000000e+00 0.000000000000000000e+00 0.000000000000000000e+00 1.000000000000000000e+00
-2.180813123769653750e-02 5.889040066835471432e-01 8.079087054389154643e-01 8.870000000000000107e-02
-9.279828119304048273e-02 -8.058045832005815701e-01 5.848653286873437551e-01 -1.269999999999999948e-02
9.954460730845929861e-01 -6.221771938123377144e-02 7.222237171030343461e-02 4.359000000000000097e-01
0.000000000000000000e+00 0.000000000000000000e+00 0.000000000000000000e+00 1.000000000000000000e+00
