0.000000000000000000e+00 0.000000000000000000e+00 0.000000000000000000e+00 0.000000000000000000e+00
0.000000000000000000e+00 0.000000000000000000e+00 0.000000000000000000e+00 0.000000000000000000e+00
0.000000000000000000e+00 0.000000000000000000e+00 0.000000000000000000e+00 0.000000000000000000e+00
0.000000000000000000e+00 0.000000000000000000e+00 0.000000000000000000e+00 0.000000000000000000e+00
4.740074126395942278e-01 8.789719268149576159e-01 -5.220464188094875446e-02 9.690000000000000002e-02
-3.893198809214892253e-01 1.560341503102127270e-01 -9.077903801298223829e-01 -4.420000000000000318e-02
-7.897765526286500970e-01 4.506236742650908678e-01 4.161625897528927753e-01 4.154999999999999805e-01
0.000000000000000000e+00 0.000000000000000000e+00 0.000000000000000000e+00 1.000000000000000000e+00
-9.404571592733457219e-01 3.336258873139831826e-01 -6.506995378411167819e-02 -7.660000000000000142e-02
2.778635964790034385e-01 8.648279199445978449e-01 4.181680172323725686e-01 5.020000000000000157e-02
1.957859885774836939e-01 3.751885342041487159e-01 -9.060360977789352344e-01 4.563999999999999724e-01
0.000000000000000000e+00 0.000000000000000000e+00 0.000000000000000000e+00 1.000000000000000000e+00
2.910132937538602027e-01 1.190487906828975595e-01 9.492832287023033055e-01 -4.739999999999999769e-02
5.541815734756466716e-01 7.878370038466668834e-01 -2.686924617289502271e-01 -2.589999999999999941e-02
-7.798679673371552434e-01 6.042683516508593478e-01 1.632963952895700732e-01 4.270999999999999797e-01
0.000000000000000000e+00 0.000000000000000000e+00 0.000000000000000000e+00 1.000000000000000000e+00
1.992154572699691428e-01 -2.366056500657994222e-01 -9.509631790672326002e-01 -1.760000000000000106e-02
-9.543187329103854921e-01 1.736763441704927136e-01 -2.431301780772783250e-01 1.285000000000000031e-01
2.226857822157345956e-01 9.559572656936674573e-01 -1.911981918493306232e-01 4.683999999999999830e-01
0.000000000000000000e+00 0.000000000000000000e+00 0.000000000000000000e+00 1.000000000000000000e+00
9.994290950238216009e-01 -3.358152341277347713e-02 3.710162414546486036e-03 1.179999999999999973e-02
3.360528112300536357e-02 9.994137964982935385e-01 -6.538229845407499650e-03 2.249999999999999917e-02
-3.488423785715532612e-03 6.659178188406201203e-03 9.999717427234363631e-01 4.428000000000000269e-01
0.000000000000000000e+00 0.000000000000000000e+00 0.000000000000000000e+00 1.000000000000000000e+00
-1.140398749044957416e-01 -9.756648354865320449e-01 -1.872779638046220829e-01 3.039999999999999994e-02
9.848020931982406356e-01 -8.616173107346503102e-02 -1.508011715166282241e-01 -8.490000000000000324e-02
1.309952066456274156e-01 -2.016290774999038582e-01 9.706626452802266103e-01 4.223000000000000087e-01
0.000000000000000000e+00 0.000000000000000000e+00 0.000000000000000000e+00 1.000000000000000000e+00
-9.982717798354747707e-01 6.620847389467676009e-03 5.839193406591978303e-02 -1.421999999999999931e-01
-2.606711915290352635e-02 -9.404200733173100346e-01 -3.390141457239410627e-01 4.130000000000000338e-02
5.266838599370284729e-02 -3.399503641441065094e-01 9.389674068012732189e-01 4.576999999999999957e-01
0.000000000000000000e+00 0.000000000000000000e+00 0.000000000000000000e+00 1.000000000000000000e+00
-9.945084567208721804e-01 1.013660804105595697e-01 2.603549985825730564e-02 1.512000000000000011e-01
-1.018444388842604659e-01 -8.800856097682161483e-01 -4.637639806488398908e-01 4.800000000000000100e-02
-2.409646818559680811e-02 -4.638687715519415611e-01 8.855761531341463932e-01 4.655000000000000249e-01
0.000000000000000000e+00 0.000000000000000000e+00 0.000000000000000000e+00 1.000000000000000000e+00
-9.724744156446885057e-02 9.910782448120503130e-01 9.114191006025129660e-02 5.929999999999999855e-02
-3.064286739909469204e-01 -1.169429464291269483e-01 9.446829177224622676e-01 4.449999999999999789e-02
9.469130915059287279e-01 6.393950219340188701e-02 3.150671947282748242e-01 4.470999999999999974e-01
0.000000000000000000e+00 0.000000000000000000e+00 0.000000000000000000e+00 1.000000000000000000e+00
