0.000000000000000000e+00 0.000000000000000000e+00 0.000000000000000000e+00 0.000000000000000000e+00
0.000000000000000000e+00 0.000000000000000000e+00 0.000000000000000000e+00 0.000000000000000000e+00
0.000000000000000000e+00 0.000000000000000000e+00 0.000000000000000000e+00 0.000000000000000000e+00
0.000000000000000000e+00 0.000000000000000000e+00 0.000000000000000000e+00 0.000000000000000000e+00
-5.874106996562962202e-01 3.999296402216332980e-01 -7.035658837674662047e-01 -1.629999999999999852e-02
-2.031174201801264068e-01 -9.143920696649807667e-01 -3.501863169131017584e-01 -1.058000000000000052e-01
-7.833849523374002422e-01 -6.279670219038813173e-02 6.183563621774590402e-01 3.920000000000000151e-01
0.000000000000000000e+00 0.000000000000000000e+00 0.000000000000000000e+00 1.000000000000000000e+00
2.238222859174490154e-01 9.725772482812065078e-01 6.322246794015898286e-02 6.669999999999999540e-02
8.224275017785538378e-01 -2.232798076437041424e-01 5.232199650404001368e-01 5.489999999999999741e-02
5.229881343252202885e-01 -6.511239224869047604e-02 -8.498492735365950068e-01 4.809999999999999831e-01
0.000000000000000000e+00 0.000000000000000000e+00 0.000000000000000000e+00 1.000000000000000000e+00
2.731841446567042642e-01 9.579149486637965616e-01 -8.814405388125018392e-02 -1.119999999999999989e-02
1.939543599633966053e-01 -1.445963918927115621e-01 -9.702956197483313394e-01 2.149999999999999828e-02
-9.422059909379552067e-01 2.479734553899776150e-01 -2.252932224071124701e-01 4.630000000000000226e-01
0.000000000000000000e+00 0.000000000000000000e+00 0.000000000000000000e+00 1.000000000000000000e+00
-7.872403764178266261e-01 4.713087209380288356e-01 -3.976439101825630096e-01 1.502000000000000002e-01
-5.067154063642351769e-01 -1.269431641665186294e-01 8.527162072017397954e-01 1.799999999999999864e-02
3.514144087692577245e-01 8.727849234714997184e-01 3.387541743952411366e-01 4.431999999999999829e-01
0.000000000000000000e+00 0.000000000000000000e+00 0.000000000000000000e+00 1.000000000000000000e+00
1.398431876459111933e-01 9.277706313840369257e-01 3.459559775611570354e-01 4.590000000000000330e-02
-8.714176980365980762e-01 2.812231916475183002e-01 -4.019262519768760367e-01 -2.469999999999999973e-02
-4.701862167456916097e-01 -2.452655133133244403e-01 8.478028954665848271e-01 4.364000000000000101e-01
0.000000000000000000e+00 0.000000000000000000e+00 0.000000000000000000e+00 1.000000000000000000e+00
9.491326677352397434e-01 -2.582011250818530557e-01 1.802203041953160667e-01 -5.920000000000000262e-02
2.989863222911892104e-01 9.185437698282375996e-01 -2.586204206796492988e-01 -6.029999999999999943e-02
-9.876415402652979902e-02 2.993484957640424327e-01 9.490185034883297233e-01 4.390000000000000013e-01
0.000000000000000000e+00 0.000000000000000000e+00 0.000000000000000000e+00 1.000000000000000000e+00
-1.153988093025106743e-01 -9.930926594267157625e-01 2.121519748519556936e-02 5.170000000000000290e-02
8.528262321189536976e-01 -1.100048343624393521e-01 -5.104765951801127910e-01 1.100000000000000006e-01
5.092843337678385485e-01 -4.081551432562599557e-02 8.596298977868227498e-01 5.147000000000000464e-01
0.000000000000000000e+00 0.000000000000000000e+00 0.000000000000000000e+00 1.000000000000000000e+00
-2.125312924420288407e-01 -9.701105917445210780e-01 -1.171148560944156869e-01 9.279999999999999361e-02
8.606508579948465298e-01 -1.290873469647011440e-01 -4.925612220692461296e-01 -1.502000000000000002e-01
4.627208125486200196e-01 -2.054796745148039783e-01 8.623616138231311457e-01 3.849000000000000199e-01
0.000000000000000000e+00 0.000000000000000000e+00 0.000000000000000000e+00 1.000000000000000000e+00
3.702078899368099751e-02 2.272012926585950665e-02 9.990561830590050096e-01 7.309999999999999831e-02
-3.682443730847625440e-01 -9.290784841318691090e-01 3.477430106614370908e-02 -6.260000000000000286e-02
9.289916807343840954e-01 -3.691841898691914925e-01 -2.602865876170401549e-02 4.123999999999999888e-01
0.000000000000000000e+00 0.000000000000000000e+00 0.000000000000000000e+00 1.000000000000000000e+00
