0.000000000000000000e+00 0.000000000000000000e+00 0.000000000000000000e+00 0.000000000000000000e+00
0.000000000000000000e+00 0.000000000000000000e+00 0.000000000000000000e+00 0.000000000000000000e+00
0.000000000000000000e+00 0.000000000000000000e+00 0.000000000000000000e+00 0.000000000000000000e+00
0.000000000000000000e+00 0.000000000000000000e+00 0.000000000000000000e+00 0.000000000000000000e+00
7.968629745582281876e-01 2.001870887184855341e-01 5.700302880449685805e-01 7.720000000000000473e-02
4.325588088648257834e-01 4.696523117152401339e-01 -7.696230135423278718e-01 2.489999999999999852e-02
-4.217846330198098959e-01 8.598557062734120127e-01 2.876558494753691519e-01 4.606999999999999984e-01
0.000000000000000000e+00 0.000000000000000000e+00 0.000000000000000000e+00 1.000000000000000000e+00
-7.730844406385859457e-01 -6.273783064220381789e-01 -9.347143025299663177e-02 -1.011999999999999983e-01
-5.392776852662990450e-01 5.725104278038314343e-01 6.175851263021937543e-01 -5.070000000000000201e-02
-3.339461420893316546e-01 5.278525084594080097e-01 -7.809300247120503080e-01 4.047000000000000042e-01
0.000000000000000000e+00 0.000000000000000000e+00 0.000000000000000000e+00 1.000000000000000000e+00
-5.336314331443592351e-02 -7.475911165941665493e-01 6.620120069342324554e-01 -1.640000000000000138e-02
8.770938644226492498e-01 2.818203545995566772e-01 3.889519774027682675e-01 -6.419999999999999318e-02
-4.773455016314142041e-01 6.014023695687167326e-01 6.406687614901995786e-01 3.930000000000000160e-01
0.000000000000000000e+00 0.000000000000000000e+00 0.000000000000000000e+00 1.000000000000000000e+00
7.970723809338652321e-01 -5.511227450801085004e-01 -2.468589463798812333e-01 -1.363000000000000045e-01
-5.452392887592362181e-01 -4.810627512269851636e-01 -6.865076455329875982e-01 3.009999999999999828e-02
2.595953342141216758e-01 6.817934799023012138e-01 -6.839356060456049935e-01 4.495999999999999996e-01
0.000000000000000000e+00 0.000000000000000000e+00 0.000000000000000000e+00 1.000000000000000000e+00
4.978277295494912824e-01 -8.155391521946556699e-01 -2.950651503129789743e-01 -2.879999999999999921e-02
6.795225340139497971e-01 5.781907908885295377e-01 -4.516021867738875262e-01 -3.099999999999999891e-03
5.389032171539328564e-01 2.431667266134729388e-02 8.420166399613620012e-01 4.400000000000000022e-01
0.000000000000000000e+00 0.000000000000000000e+00 0.000000000000000000e+00 1.000000000000000000e+00
-8.837320716905652240e-01 -3.814553962790366848e-01 -2.711261811686667134e-01 7.280000000000000360e-02
4.602392617163960642e-01 -6.033620537922965710e-01 -6.512557516201206154e-01 -4.639999999999999680e-02
8.483777130646598386e-02 -7.003185080326984613e-01 7.087711477385398862e-01 4.288000000000000145e-01
0.000000000000000000e+00 0.000000000000000000e+00 0.000000000000000000e+00 1.000000000000000000e+00
-5.181929639777289598e-01 8.550965182305655388e-01 1.691143382270368645e-02 -1.288999999999999868e-01
-6.962850636208862687e-01 -4.103050197176254521e-01 -5.889286043086860989e-01 -9.979999999999999982e-02
-4.966519528426663888e-01 -3.169538378131468992e-01 8.080081079005848599e-01 3.699999999999999956e-01
0.000000000000000000e+00 0.000000000000000000e+00 0.000000000000000000e+00 1.000000000000000000e+00
-4.326994845153706581e-01 8.940765378242763184e-01 1.157510285582272758e-01 1.720000000000000001e-02
-7.050676271696854069e-01 -2.555883468661406255e-01 -6.614788266177102916e-01 9.389999999999999736e-02
-5.618280851091744799e-01 -3.678338503433153939e-01 7.409773689689649334e-01 5.354999999999999760e-01
0.000000000000000000e+00 0.000000000000000000e+00 0.000000000000000000e+00 1.000000000000000000e+00
-9.261724483664934837e-02 5.928971237772701075e-01 -7.999344014202092179e-01 -2.259999999999999856e-02
-6.753299791059522716e-01 5.529528785701789406e-01 4.880292341670802725e-01 3.939999999999999752e-02
7.316771591895034899e-01 5.854196056655373015e-01 3.491882300748188062e-01 4.702000000000000068e-01
0.000000000000000000e+00 0.000000000000000000e+00 0.000000000000000000e+00 1.000000000000000000e+00
