0.000000000000000000e+00 0.000000000000000000e+00 0.000000000000000000e+00 0.000000000000000000e+00
0.000000000000000000e+00 0.000000000000000000e+00 0.000000000000000000e+00 0.000000000000000000e+00
0.000000000000000000e+00 0.000000000000000000e+00 0.000000000000000000e+00 0.000000000000000000e+00
0.000000000000000000e+00 0.000000000000000000e+00 0.000000000000000000e+00 0.000000000000000000e+00
7.426022400367144893e-01 -5.545719943065080537e-02 6.674327023181909624e-01 5.850000000000000339e-02
4.222422141483322955e-01 8.123209120052040655e-01 -4.023011912860156025e-01 6.669999999999999540e-02
-5.198590440528738643e-01 5.805680278402717276e-01 6.266476995617950019e-01 4.585000000000000187e-01
0.000000000000000000e+00 0.000000000000000000e+00 0.000000000000000000e+00 1.000000000000000000e+00
-5.688103886973834289e-01 -8.171923320445064753e-01 -9.301308594812070230e-02 -8.690000000000000502e-02
-8.148561762862831515e-01 5.445793624681893874e-01 1.986019384141008148e-01 -7.019999999999999851e-02
-1.116429741543519955e-01 1.887591333456515585e-01 -9.756566178223611274e-01 4.304999999999999938e-01
0.000000000000000000e+00 0.000000000000000000e+00 0.000000000000000000e+00 1.000000000000000000e+00
-1.623350979808839689e-01 -8.817428673654529314e-01 4.429185385753071635e-01 -5.999999999999999474e-04
5.588976957654928635e-01 2.877615577501231314e-01 7.777060187173846506e-01 -6.379999999999999560e-02
-8.131916635280758143e-01 3.737951333703687373e-01 4.460902561557121837e-01 4.309000000000000052e-01
0.000000000000000000e+00 0.000000000000000000e+00 0.000000000000000000e+00 1.000000000000000000e+00
8.414561597256459136e-01 -5.395833942659677973e-01 2.830709967809066918e-02 -1.458000000000000129e-01
-1.563623144691896616e-01 -2.933181885426447977e-01 -9.431411701775612721e-01 9.100000000000000450e-03
5.172063010768589431e-01 7.891857835151862011e-01 -3.311849048853447997e-01 4.336999999999999744e-01
0.000000000000000000e+00 0.000000000000000000e+00 0.000000000000000000e+00 1.000000000000000000e+00
2.390819227830759397e-01 -9.142717322933576751e-01 -3.270275733445885957e-01 -3.359999999999999792e-02
9.460732853673000653e-01 2.951570945337032015e-01 -1.335201417792309386e-01 5.199999999999999761e-03
2.185981997013484446e-01 -2.774697984929632155e-01 9.355347871734133181e-01 4.457999999999999741e-01
0.000000000000000000e+00 0.000000000000000000e+00 0.000000000000000000e+00 1.000000000000000000e+00
-9.642273677837738255e-01 -1.164598964329073699e-01 -2.381232364545958213e-01 7.530000000000000582e-02
1.981632983884200061e-01 -9.133395042100198591e-01 -3.557277852814101360e-01 -9.700000000000000289e-03
-1.760593376921453790e-01 -3.901897520082139303e-01 9.037450232444832476e-01 4.606999999999999984e-01
0.000000000000000000e+00 0.000000000000000000e+00 0.000000000000000000e+00 1.000000000000000000e+00
-2.617601840934147273e-01 9.650955403261857191e-01 8.497297563874253723e-03 -9.690000000000000002e-02
-9.492205910890757492e-01 -2.558423557944700111e-01 -1.830982207287699670e-01 -1.345999999999999974e-01
-1.745333076403672856e-01 -5.599363378138001723e-02 9.830579013975064839e-01 4.190999999999999726e-01
0.000000000000000000e+00 0.000000000000000000e+00 0.000000000000000000e+00 1.000000000000000000e+00
-1.667973617966622690e-01 9.772947465057632010e-01 1.306660573749337528e-01 -2.680000000000000090e-02
-9.601102076988093925e-01 -1.308225435394576586e-01 -2.471312428132386163e-01 1.408999999999999975e-01
-2.244259993187566748e-01 -1.666746548042107312e-01 9.601315171765140155e-01 4.924000000000000044e-01
0.000000000000000000e+00 0.000000000000000000e+00 0.000000000000000000e+00 1.000000000000000000e+00
-6.514773753652303157e-02 3.500843670075476366e-01 -9.344499495803920697e-01 -4.220000000000000140e-02
-3.192849118499093697e-01 8.798971646191579010e-01 3.519064147755226468e-01 5.619999999999999996e-02
9.454167955768862930e-01 3.212816765271422348e-01 5.445334672029644718e-02 4.547999999999999821e-01
0.000000000000000000e+00 0.000000000000000000e+00 0.000000000000000000e+00 1.000000000000000000e+00
