0.000000000000000000e+00 0.000000000000000000e+00 0.000000000000000000e+00 0.000000000000000000e+00
0.000000000000000000e+00 0.000000000000000000e+00 0.000000000000000000e+00 0.000000000000000000e+00
0.000000000000000000e+00 0.000000000000000000e+00 0.000000000000000000e+00 0.000000000000000000e+00
0.000000000000000000e+00 0.000000000000000000e+00 0.000000000000000000e+00 0.000000000000000000e+00
6.432395891427821200e-01 7.486800682368666138e-01 1.603776367959873217e-01 1.021999999999999992e-01
-3.552050711044030251e-01 4.773479823193754745e-01 -8.037215072631420654e-01 -1.340000000000000045e-02
-6.782862142349208590e-01 4.600185422354862719e-01 5.729840768977766396e-01 4.359000000000000097e-01
0.000000000000000000e+00 0.000000000000000000e+00 0.000000000000000000e+00 1.000000000000000000e+00
-9.956772991946170048e-01 3.814616956867433739e-02 -8.468521485921051695e-02 -9.389999999999999736e-02
1.782085558235218040e-02 9.732895771129382867e-01 2.288882176732361384e-01 3.139999999999999736e-02
9.115444572167422099e-02 2.263896394063909523e-01 -9.697621348529845697e-01 4.494000000000000217e-01
0.000000000000000000e+00 0.000000000000000000e+00 0.000000000000000000e+00 1.000000000000000000e+00
2.041173423366782202e-01 -1.689816084435956656e-01 9.642516925394669647e-01 -4.179999999999999688e-02
4.815970790860374384e-01 8.748856986821018644e-01 5.137380322039103442e-02 -3.649999999999999772e-02
-8.522912436328372587e-01 4.538945144517014252e-01 2.599603927090545774e-01 4.361999999999999766e-01
0.000000000000000000e+00 0.000000000000000000e+00 0.000000000000000000e+00 1.000000000000000000e+00
4.334150616181740023e-01 -3.736743567378389974e-01 -8.200724720895565811e-01 -6.060000000000000109e-02
-8.049106962298985257e-01 2.487433670030269051e-01 -5.387443813783094893e-01 1.243999999999999967e-01
4.053025480517170598e-01 8.935850337201041160e-01 -1.929653649083844513e-01 4.497999999999999776e-01
0.000000000000000000e+00 0.000000000000000000e+00 0.000000000000000000e+00 1.000000000000000000e+00
9.450306788174973605e-01 -3.117493940037597278e-01 -9.863737340394286568e-02 -5.000000000000000104e-04
3.241110282500020978e-01 9.329814096947817159e-01 1.565175087032249779e-01 2.889999999999999861e-02
4.323259719779261323e-02 -1.798833080144635888e-01 9.827374715748388168e-01 4.459000000000000186e-01
0.000000000000000000e+00 0.000000000000000000e+00 0.000000000000000000e+00 1.000000000000000000e+00
-3.974064375247132741e-01 -8.863337854143761296e-01 -2.376563574721675953e-01 4.939999999999999947e-02
9.157350403742837708e-01 -3.997402717406413064e-01 -4.046048664347526302e-02 -7.009999999999999565e-02
-5.913932063039603615e-02 -2.337095119624803818e-01 9.705062620991347089e-01 4.465000000000000080e-01
0.000000000000000000e+00 0.000000000000000000e+00 0.000000000000000000e+00 1.000000000000000000e+00
-9.511657498532197774e-01 3.041182149981963567e-01 5.287558616671159117e-02 -1.542000000000000037e-01
-3.086567985379194967e-01 -9.391623739137362481e-01 -1.506818374623769552e-01 4.000000000000000083e-03
3.833669584702732031e-03 -1.596438120661958227e-01 9.871672382359983899e-01 4.490000000000000102e-01
0.000000000000000000e+00 0.000000000000000000e+00 0.000000000000000000e+00 1.000000000000000000e+00
-9.183875214960393052e-01 3.907323392572864540e-01 6.239069977881903095e-02 1.232000000000000040e-01
-3.915029896302404389e-01 -8.744638302831557741e-01 -2.864234952602462414e-01 9.750000000000000333e-02
-5.735651201865177296e-02 -2.874739093988205596e-01 9.560695486961254819e-01 4.707999999999999963e-01
0.000000000000000000e+00 0.000000000000000000e+00 0.000000000000000000e+00 1.000000000000000000e+00
-1.055458880350972350e-01 9.721006942265746353e-01 -2.094762654887052378e-01 3.830000000000000071e-02
-1.645199938183422028e-01 1.906797958732985299e-01 9.677677340559199815e-01 6.419999999999999318e-02
9.807105776695259625e-01 1.366069388059371059e-01 1.398045318191638575e-01 4.485999999999999988e-01
0.000000000000000000e+00 0.000000000000000000e+00 0.000000000000000000e+00 1.000000000000000000e+00
