0.000000000000000000e+00 0.000000000000000000e+00 0.000000000000000000e+00 0.000000000000000000e+00
0.000000000000000000e+00 0.000000000000000000e+00 0.000000000000000000e+00 0.000000000000000000e+00
0.000000000000000000e+00 0.000000000000000000e+00 0.000000000000000000e+00 0.000000000000000000e+00
0.000000000000000000e+00 0.000000000000000000e+00 0.000000000000000000e+00 0.000000000000000000e+00
7.963564500440685201e-01 3.648551806148071508e-01 4.823868796430366146e-01 8.749999999999999445e-02
2.850179944696822343e-01 4.770739514263677705e-01 -8.313634510242267073e-01 1.700000000000000122e-02
-5.334614768675327579e-01 7.995505875483852609e-01 2.759306265156926674e-01 4.477999999999999758e-01
0.000000000000000000e+00 0.000000000000000000e+00 0.000000000000000000e+00 1.000000000000000000e+00
-8.764953116068383565e-01 -4.722495366809113526e-01 -9.346841089852905848e-02 -1.052000000000000018e-01
-4.323714137022445780e-01 6.868568585025702777e-01 5.841939887923384145e-01 -3.339999999999999913e-02
-2.116859214599642047e-01 5.524563612020816361e-01 -8.062140160174602332e-01 4.164999999999999813e-01
0.000000000000000000e+00 0.000000000000000000e+00 0.000000000000000000e+00 1.000000000000000000e+00
1.890872226115392074e-02 -6.237163719964229358e-01 7.814220034821585115e-01 -2.520000000000000018e-02
8.497335324785981747e-01 4.218826476377663948e-01 3.161770950015064252e-01 -6.010000000000000064e-02
-5.268732143541688950e-01 6.580219745006758991e-01 5.379699778522384346e-01 3.967999999999999861e-01
0.000000000000000000e+00 0.000000000000000000e+00 0.000000000000000000e+00 1.000000000000000000e+00
7.346589766863445004e-01 -5.315621793120535177e-01 -4.215659349368652276e-01 -1.227000000000000035e-01
-6.456372478456560149e-01 -3.569156649717051266e-01 -6.751027716519110156e-01 5.390000000000000346e-02
2.083956145614875854e-01 7.681489813980263426e-01 -6.054076397013123945e-01 4.592999999999999861e-01
0.000000000000000000e+00 0.000000000000000000e+00 0.000000000000000000e+00 1.000000000000000000e+00
6.502798690148337002e-01 -7.148274933823591804e-01 -2.572114823617797086e-01 -2.299999999999999961e-02
6.228119919231854817e-01 6.955005240738507677e-01 -3.583074709375637656e-01 4.400000000000000265e-03
4.350187520909010175e-01 7.280573959305999820e-02 8.974731247294165382e-01 4.405000000000000027e-01
0.000000000000000000e+00 0.000000000000000000e+00 0.000000000000000000e+00 1.000000000000000000e+00
-7.918734077591600418e-01 -5.437334150694048684e-01 -2.780116533903885800e-01 6.919999999999999762e-02
5.924130458370355790e-01 -5.734327099957847729e-01 -5.658813570254603853e-01 -5.430000000000000104e-02
1.482676269655033574e-01 -6.128041289383194812e-01 7.762008827295714397e-01 4.214999999999999858e-01
0.000000000000000000e+00 0.000000000000000000e+00 0.000000000000000000e+00 1.000000000000000000e+00
-6.676568248610790235e-01 7.440327984697758801e-01 2.548644772533631420e-02 -1.436000000000000054e-01
-6.342065684679096815e-01 -5.505082128623752791e-01 -5.428837224334805978e-01 -7.950000000000000122e-02
-3.898927964563864146e-01 -3.786236949430232812e-01 8.394210534047328309e-01 3.885000000000000120e-01
0.000000000000000000e+00 0.000000000000000000e+00 0.000000000000000000e+00 1.000000000000000000e+00
-5.925115138642256252e-01 7.987936139425018123e-01 1.042058936097206290e-01 4.730000000000000177e-02
-6.591313203606286031e-01 -4.063670339702165624e-01 -6.327809543767122236e-01 9.800000000000000377e-02
-4.631155454721612719e-01 -4.436153694665296854e-01 7.672870359357680803e-01 5.239000000000000323e-01
0.000000000000000000e+00 0.000000000000000000e+00 0.000000000000000000e+00 1.000000000000000000e+00
-1.038034856101208714e-01 7.307698969387718124e-01 -6.746852555846215571e-01 -7.300000000000000065e-03
-6.153393773957313018e-01 4.857540843662276897e-01 6.208062661956315065e-01 4.700000000000000011e-02
7.813976497286275746e-01 4.796022594292321251e-01 3.992485262952795155e-01 4.668999999999999817e-01
0.000000000000000000e+00 0.000000000000000000e+00 0.000000000000000000e+00 1.000000000000000000e+00
