0.000000000000000000e+00 0.000000000000000000e+00 0.000000000000000000e+00 0.000000000000000000e+00
0.000000000000000000e+00 0.000000000000000000e+00 0.000000000000000000e+00 0.000000000000000000e+00
0.000000000000000000e+00 0.000000000000000000e+00 0.000000000000000000e+00 0.000000000000000000e+00
0.000000000000000000e+00 0.000000000000000000e+00 0.000000000000000000e+00 0.000000000000000000e+00
7.630592605561393738e-01 5.333189939441048688e-01 3.651183583140754640e-01 9.569999999999999341e-02
1.735396646637024087e-01 3.751089117380626003e-01 -9.105917247170083328e-01 5.000000000000000104e-04
-6.225950125626830145e-01 7.581979655954862451e-01 1.936783294510211473e-01 4.336999999999999744e-01
0.000000000000000000e+00 0.000000000000000000e+00 0.000000000000000000e+00 1.000000000000000000e+00
-9.558411599044318585e-01 -2.797347076374279706e-01 -9.008979062886678102e-02 -1.049999999999999961e-01
-2.727479464854047353e-01 7.302362910917545857e-01 6.263892694327969357e-01 -1.609999999999999973e-02
-1.094359845779491330e-01 6.233004512396577157e-01 -7.742869705502564148e-01 4.257000000000000228e-01
0.000000000000000000e+00 0.000000000000000000e+00 0.000000000000000000e+00 1.000000000000000000e+00
9.809917334629592034e-02 -4.601959101473651614e-01 8.823810268089471442e-01 -3.379999999999999671e-02
8.573646212357188823e-01 4.892586954737736527e-01 1.598494140015336851e-01 -5.480000000000000149e-02
-5.052746366503131359e-01 7.408411794621971858e-01 4.425515657761869281e-01 3.953999999999999737e-01
0.000000000000000000e+00 0.000000000000000000e+00 0.000000000000000000e+00 1.000000000000000000e+00
6.350455947306961058e-01 -4.877905385583813369e-01 -5.989803695498382430e-01 -1.024000000000000049e-01
-7.660955555347555013e-01 -2.982525066561898530e-01 -5.693356146098658144e-01 7.090000000000000469e-02
9.906912941492326818e-02 8.204302729459851395e-01 -5.630981040908817903e-01 4.723999999999999866e-01
0.000000000000000000e+00 0.000000000000000000e+00 0.000000000000000000e+00 1.000000000000000000e+00
7.933660053783038180e-01 -5.735280244184931542e-01 -2.040489811704373491e-01 -1.540000000000000049e-02
4.878573610115318204e-01 7.995162236266110112e-01 -3.503840799247403548e-01 6.599999999999999964e-03
3.640955600071732468e-01 1.784360203671422895e-01 9.141088610327545716e-01 4.400999999999999912e-01
0.000000000000000000e+00 0.000000000000000000e+00 0.000000000000000000e+00 1.000000000000000000e+00
-6.571701890347043662e-01 -7.021403012781067821e-01 -2.740918458567873084e-01 6.260000000000000286e-02
7.073051888229505701e-01 -4.487989771426628138e-01 -5.461674175377272400e-01 -6.550000000000000266e-02
2.604740150345548622e-01 -5.527915298164304270e-01 7.915647870231400374e-01 4.082999999999999963e-01
0.000000000000000000e+00 0.000000000000000000e+00 0.000000000000000000e+00 1.000000000000000000e+00
-8.069345906699281201e-01 5.896346808491021996e-01 3.446026001545110518e-02 -1.537999999999999923e-01
-4.981435481811999910e-01 -6.480575498763867515e-01 -5.760854254827653120e-01 -5.410000000000000225e-02
-3.173477143226330899e-01 -4.820294131981902597e-01 8.166627657889202752e-01 4.017000000000000015e-01
0.000000000000000000e+00 0.000000000000000000e+00 0.000000000000000000e+00 1.000000000000000000e+00
-7.463072177225189563e-01 6.598190915841042337e-01 8.754600594201802921e-02 7.910000000000000364e-02
-5.318187651995911480e-01 -5.120306541454606730e-01 -6.745319934569102838e-01 8.359999999999999376e-02
-4.002428484768396633e-01 -5.499667040798912332e-01 7.330363474253147604e-01 5.161000000000000032e-01
0.000000000000000000e+00 0.000000000000000000e+00 0.000000000000000000e+00 1.000000000000000000e+00
-1.111244051317454851e-01 8.543880518622813947e-01 -5.076144436667376914e-01 1.030000000000000013e-02
-6.237504478981564793e-01 3.376820581624068174e-01 7.049157441439724003e-01 4.490000000000000241e-02
7.736838794565680244e-01 3.949580793327016615e-01 4.954002121909701906e-01 4.652999999999999914e-01
0.000000000000000000e+00 0.000000000000000000e+00 0.000000000000000000e+00 1.000000000000000000e+00
