0.000000000000000000e+00 0.000000000000000000e+00 0.000000000000000000e+00 0.000000000000000000e+00
0.000000000000000000e+00 0.000000000000000000e+00 0.000000000000000000e+00 0.000000000000000000e+00
0.000000000000000000e+00 0.000000000000000000e+00 0.000000000000000000e+00 0.000000000000000000e+00
0.000000000000000000e+00 0.000000000000000000e+00 0.000000000000000000e+00 0.000000000000000000e+00
4.763502603891818232e-01 8.773173229292918762e-01 -5.835018693491345054e-02 9.610000000000000486e-02
-1.993517845802492694e-01 4.312886465469101260e-02 -9.789784303130826260e-01 -4.580000000000000043e-02
-8.563581583729021895e-01 4.779688440910955793e-01 1.954392198776728762e-01 3.976000000000000090e-01
0.000000000000000000e+00 0.000000000000000000e+00 0.000000000000000000e+00 1.000000000000000000e+00
-9.402609706556992464e-01 3.354217315288873236e-01 -5.832297214447824951e-02 -7.720000000000000473e-02
2.304948150987926880e-01 7.532432577003798091e-01 6.160330631885700958e-01 3.760000000000000148e-02
2.505622622706298874e-01 5.657887032692349161e-01 -7.855582066140878172e-01 4.583999999999999742e-01
0.000000000000000000e+00 0.000000000000000000e+00 0.000000000000000000e+00 1.000000000000000000e+00
2.976503006556621145e-01 1.194860715758490066e-01 9.471680828759829751e-01 -4.819999999999999979e-02
7.174409384609133911e-01 6.265460477956406038e-01 -3.044972082170650518e-01 -2.989999999999999949e-02
-6.298275941397915023e-01 7.701708438333886297e-01 1.007674201766042277e-01 4.123999999999999888e-01
0.000000000000000000e+00 0.000000000000000000e+00 0.000000000000000000e+00 1.000000000000000000e+00
1.937603165616168521e-01 -2.408705944404240795e-01 -9.510196088724242047e-01 -1.789999999999999925e-02
-9.810459681763585849e-01 -4.994159458165681187e-02 -1.872288585009066475e-01 1.107999999999999957e-01
-2.397509301997113873e-03 9.692714758335551073e-01 -2.459818247037546257e-01 4.883000000000000118e-01
0.000000000000000000e+00 0.000000000000000000e+00 0.000000000000000000e+00 1.000000000000000000e+00
9.995728116503848071e-01 -2.918647757387654931e-02 -1.530926573650158787e-03 1.110000000000000049e-02
2.799456588261375542e-02 9.711701360046234299e-01 -2.367379800830556325e-01 1.329999999999999932e-02
8.396337915323853415e-03 2.365939907512252249e-01 9.715723262063513666e-01 4.391999999999999793e-01
0.000000000000000000e+00 0.000000000000000000e+00 0.000000000000000000e+00 1.000000000000000000e+00
-1.104849742334006457e-01 -9.749251612173226444e-01 -1.931683216627979593e-01 2.939999999999999905e-02
9.286348005317384136e-01 -3.200538374994743585e-02 -3.696120434352714312e-01 -8.649999999999999356e-02
3.541616547708449358e-01 -2.202194029516836293e-01 9.088855466193643817e-01 3.945000000000000173e-01
0.000000000000000000e+00 0.000000000000000000e+00 0.000000000000000000e+00 1.000000000000000000e+00
-9.986385364737087045e-01 4.321787706368752230e-03 5.198457098669106297e-02 -1.428999999999999992e-01
-3.208177181056109939e-02 -8.366867560902513379e-01 -5.467412844304584407e-01 2.900000000000000147e-02
4.113190230398212216e-02 -5.476646732574537157e-01 8.356862881959128408e-01 4.575000000000000178e-01
0.000000000000000000e+00 0.000000000000000000e+00 0.000000000000000000e+00 1.000000000000000000e+00
-9.947957129236744134e-01 1.000436867016540332e-01 1.930674234095325001e-02 1.506000000000000116e-01
-8.814458508382616575e-02 -7.499586981182921885e-01 -6.555856032869518124e-01 3.209999999999999659e-02
-5.110794135042803776e-02 -6.538755323973040046e-01 7.548740070124706492e-01 4.677000000000000046e-01
0.000000000000000000e+00 0.000000000000000000e+00 0.000000000000000000e+00 1.000000000000000000e+00
-1.036367006881162567e-01 9.902043595827032529e-01 9.356687733322349709e-02 5.870000000000000218e-02
-5.159968695148100526e-01 -1.339508142408296631e-01 8.460522501684720753e-01 3.339999999999999913e-02
8.502979859563339904e-01 3.940184802299750988e-02 5.248245701669984609e-01 4.485999999999999988e-01
0.000000000000000000e+00 0.000000000000000000e+00 0.000000000000000000e+00 1.000000000000000000e+00
