0.000000000000000000e+00 0.000000000000000000e+00 0.000000000000000000e+00 0.000000000000000000e+00
0.000000000000000000e+00 0.000000000000000000e+00 0.000000000000000000e+00 0.000000000000000000e+00
0.000000000000000000e+00 0.000000000000000000e+00 0.000000000000000000e+00 0.000000000000000000e+00
0.000000000000000000e+00 0.000000000000000000e+00 0.000000000000000000e+00 0.000000000000000000e+00
-4.372613627469859043e-01 5.873990309790174669e-01 -6.810028480509903170e-01 7.900000000000000772e-03
-1.738036152704400539e-01 -7.981483038252545903e-01 -5.768462433090763009e-01 -1.019000000000000045e-01
-8.823801924157034238e-01 -1.338718174440778064e-01 4.510914901953324563e-01 3.689999999999999947e-01
0.000000000000000000e+00 0.000000000000000000e+00 0.000000000000000000e+00 1.000000000000000000e+00
-1.573747632327404666e-02 9.986339525424461350e-01 4.982530148855990326e-02 4.460000000000000075e-02
7.482876405815757082e-01 -2.128872790343061538e-02 6.630327269578117910e-01 5.399999999999999939e-02
6.631877100729723917e-01 4.771811913419460316e-02 -7.469304133013072722e-01 4.914999999999999925e-01
0.000000000000000000e+00 0.000000000000000000e+00 0.000000000000000000e+00 1.000000000000000000e+00
3.333474807219413139e-01 9.317801087389490089e-01 1.437542557796723797e-01 -2.199999999999999872e-02
3.996556744290660768e-01 -1.556009403159697158e-03 -9.166640173648059609e-01 1.009999999999999960e-02
-8.539056148035234495e-01 3.630198449026852958e-01 -3.729098995921760196e-01 4.576000000000000068e-01
0.000000000000000000e+00 0.000000000000000000e+00 0.000000000000000000e+00 1.000000000000000000e+00
-6.985467717086770723e-01 3.836151190747091322e-01 -6.040462301452448335e-01 1.378000000000000058e-01
-6.985765999699876661e-01 -1.827544372438529852e-01 6.918031147964385230e-01 4.059999999999999720e-02
1.549940053994253164e-01 9.052293941786133669e-01 3.956470677324217533e-01 4.615000000000000213e-01
0.000000000000000000e+00 0.000000000000000000e+00 0.000000000000000000e+00 1.000000000000000000e+00
3.726943038013478260e-01 8.702239542110405957e-01 3.221943907508779126e-01 4.619999999999999801e-02
-7.362900199948421154e-01 4.886406096192488224e-01 -4.680890525177061612e-01 -1.919999999999999832e-02
-5.647795697172691698e-01 -6.277439086307082250e-02 8.228507844571497643e-01 4.333000000000000185e-01
0.000000000000000000e+00 0.000000000000000000e+00 0.000000000000000000e+00 1.000000000000000000e+00
8.701953751754600841e-01 -4.779681397775952245e-01 1.196096416715035915e-01 -4.859999999999999737e-02
4.850859869184517281e-01 7.885759065418542768e-01 -3.779412982422594713e-01 -7.380000000000000449e-02
8.632261765372978291e-02 3.869037308934070718e-01 9.180707536471086616e-01 4.153000000000000025e-01
0.000000000000000000e+00 0.000000000000000000e+00 0.000000000000000000e+00 1.000000000000000000e+00
-3.497404223342293061e-01 -9.364097468539009927e-01 2.860809295440225331e-02 1.460000000000000013e-02
7.160357595761956961e-01 -2.868750854620607527e-01 -6.363925489422983528e-01 9.869999999999999607e-02
6.041311347659672482e-01 -2.020877812688043063e-01 7.708346779097555723e-01 5.301000000000000156e-01
0.000000000000000000e+00 0.000000000000000000e+00 0.000000000000000000e+00 1.000000000000000000e+00
-4.401566588365510846e-01 -8.911784124660829809e-01 -1.098323851888663438e-01 1.239999999999999991e-01
7.133273050806522297e-01 -2.727516872160853367e-01 -6.455777822595449855e-01 -1.229999999999999982e-01
5.453680147462056649e-01 -3.625017989958261300e-01 7.557553666475493870e-01 3.719000000000000083e-01
0.000000000000000000e+00 0.000000000000000000e+00 0.000000000000000000e+00 1.000000000000000000e+00
5.906669923049001625e-03 2.595611848045080161e-01 9.657086012836898492e-01 8.319999999999999618e-02
-5.075288775763091564e-01 -8.313194250923681139e-01 2.265445913947782275e-01 -4.669999999999999846e-02
8.616145017793933603e-01 -4.914631265995194065e-01 1.268244673415691581e-01 4.083999999999999853e-01
0.000000000000000000e+00 0.000000000000000000e+00 0.000000000000000000e+00 1.000000000000000000e+00
