0.000000000000000000e+00 0.000000000000000000e+00 0.000000000000000000e+00 0.000000000000000000e+00
0.000000000000000000e+00 0.000000000000000000e+00 0.000000000000000000e+00 0.000000000000000000e+00
0.000000000000000000e+00 0.000000000000000000e+00 0.000000000000000000e+00 0.000000000000000000e+00
0.000000000000000000e+00 0.000000000000000000e+00 0.000000000000000000e+00 0.000000000000000000e+00
1.715576839244581375e-01 9.235528547755215145e-01 -3.429549322031400505e-01 7.610000000000000098e-02
-3.072131822342342167e-01 -2.806058243579272471e-01 -9.093296607930061448e-01 -7.549999999999999767e-02
-9.360491556259165069e-01 2.613627666145141304e-01 2.355875261545400390e-01 3.789000000000000146e-01
0.000000000000000000e+00 0.000000000000000000e+00 0.000000000000000000e+00 1.000000000000000000e+00
-7.215945206965914682e-01 6.919846387054916503e-01 -2.141512307427229089e-02 -3.950000000000000039e-02
5.236904684017712475e-01 5.658086776469077872e-01 6.368742682858139492e-01 5.870000000000000218e-02
4.528240729088832128e-01 4.483500865340471209e-01 -7.706702011231021388e-01 4.752000000000000113e-01
0.000000000000000000e+00 0.000000000000000000e+00 0.000000000000000000e+00 1.000000000000000000e+00
3.730681772320609824e-01 4.981602373602387890e-01 7.827237782576546010e-01 -4.660000000000000253e-02
6.033668698252487861e-01 5.106101785093534184e-01 -6.125566635013673933e-01 -1.220000000000000077e-02
-7.048181010260936574e-01 7.007949939289211949e-01 -1.100809745148283447e-01 4.259999999999999898e-01
0.000000000000000000e+00 0.000000000000000000e+00 0.000000000000000000e+00 1.000000000000000000e+00
-1.588822335528439211e-01 -1.614391086253130769e-02 -9.871655433630786014e-01 4.639999999999999680e-02
-9.871857038761636671e-01 -1.245156689237747472e-02 1.590891088178195134e-01 1.058000000000000052e-01
-1.486007818899004462e-02 9.997921447100830417e-01 -1.395870524904840870e-02 4.880999999999999783e-01
0.000000000000000000e+00 0.000000000000000000e+00 0.000000000000000000e+00 1.000000000000000000e+00
9.230236944388899856e-01 3.588796846459836876e-01 1.386817632307215387e-01 2.829999999999999877e-02
-3.136212707769553965e-01 9.106147106044191197e-01 -2.691143759576540839e-01 6.899999999999999883e-03
-2.228653360678376771e-01 2.049053947050425428e-01 9.530712571471980921e-01 4.369000000000000106e-01
0.000000000000000000e+00 0.000000000000000000e+00 0.000000000000000000e+00 1.000000000000000000e+00
2.970157631697503131e-01 -9.500903932632511761e-01 -9.544569690442651633e-02 6.999999999999999929e-04
8.925952252618762905e-01 3.117611373595358115e-01 -3.256973396759468287e-01 -9.099999999999999756e-02
3.391981725605125453e-01 1.154287057752539924e-02 9.406441207334680366e-01 3.925000000000000155e-01
0.000000000000000000e+00 0.000000000000000000e+00 0.000000000000000000e+00 1.000000000000000000e+00
-9.121773386784268745e-01 -4.066217475118487079e-01 5.090439324806080024e-02 -1.024999999999999939e-01
3.071816751176290050e-01 -7.606894758832052350e-01 -5.718312161402718807e-01 7.299999999999999545e-02
2.712414446088029507e-01 -5.059745801232955476e-01 8.187904512117765154e-01 4.895999999999999797e-01
0.000000000000000000e+00 0.000000000000000000e+00 0.000000000000000000e+00 1.000000000000000000e+00
-9.488627897400450095e-01 -3.138019142609583256e-01 -3.446396455570917283e-02 1.683999999999999941e-01
2.576031279889016701e-01 -7.065416604864243055e-01 -6.591202549212243911e-01 -2.429999999999999868e-02
1.824829709783150067e-01 -6.342927089311719557e-01 7.512474457192404032e-01 4.319999999999999951e-01
0.000000000000000000e+00 0.000000000000000000e+00 0.000000000000000000e+00 1.000000000000000000e+00
-7.734662786937906986e-02 8.662640183431666863e-01 4.935627109914055843e-01 8.079999999999999682e-02
-4.908546442739145643e-01 -4.639786872609086288e-01 7.374181283114573660e-01 9.199999999999999845e-03
8.678013697569073592e-01 -1.852307433759151079e-01 4.610969034340192119e-01 4.344999999999999973e-01
0.000000000000000000e+00 0.000000000000000000e+00 0.000000000000000000e+00 1.000000000000000000e+00
