0.000000000000000000e+00 0.000000000000000000e+00 0.000000000000000000e+00 0.000000000000000000e+00
0.000000000000000000e+00 0.000000000000000000e+00 0.000000000000000000e+00 0.000000000000000000e+00
0.000000000000000000e+00 0.000000000000000000e+00 0.000000000000000000e+00 0.000000000000000000e+00
0.000000000000000000e+00 0.000000000000000000e+00 0.000000000000000000e+00 0.000000000000000000e+00
-1.512281757797120374e-01 8.141192360000364392e-01 -5.606602433069938218e-01 4.449999999999999789e-02
-2.927088287102520003e-01 -5.786278294462183780e-01 -7.612564460058319771e-01 -9.479999999999999538e-02
-9.441671358638854539e-01 4.898677949278623656e-02 3.258047191025817968e-01 3.694999999999999951e-01
0.000000000000000000e+00 0.000000000000000000e+00 0.000000000000000000e+00 1.000000000000000000e+00
-3.904406395494646187e-01 9.204581749354004971e-01 1.768771276328601205e-02 3.599999999999999901e-03
7.023265582763419390e-01 2.853816308046926986e-01 6.521462491948888385e-01 6.389999999999999847e-02
5.952255980113028144e-01 2.670469490442560767e-01 -7.578868084867562693e-01 4.869999999999999885e-01
0.000000000000000000e+00 0.000000000000000000e+00 0.000000000000000000e+00 1.000000000000000000e+00
3.838820888132420395e-01 7.803798052105255234e-01 4.936009537146016091e-01 -3.710000000000000103e-02
4.892146530545893324e-01 2.814819861431823167e-01 -8.254919228639169271e-01 1.899999999999999996e-03
-7.831370027811608292e-01 5.583683829663633746e-01 -2.737173428529304786e-01 4.420999999999999930e-01
0.000000000000000000e+00 0.000000000000000000e+00 0.000000000000000000e+00 1.000000000000000000e+00
-4.725455811932555150e-01 2.031762232555457404e-01 -8.575663799370524254e-01 1.008000000000000007e-01
-8.803348405614296324e-01 -6.314644066914620879e-02 4.701309344475220753e-01 7.979999999999999594e-02
4.136716316609834188e-02 9.771038580081600200e-01 2.087026796118314209e-01 4.791000000000000258e-01
0.000000000000000000e+00 0.000000000000000000e+00 0.000000000000000000e+00 1.000000000000000000e+00
6.952767194559864583e-01 6.735454172205482815e-01 2.508522559669716934e-01 4.039999999999999841e-02
-5.820646970982040758e-01 7.324057254770046654e-01 -3.532457242210844117e-01 -4.899999999999999842e-03
-4.216526672208982252e-01 9.959128591247312645e-02 9.012716593767955420e-01 4.353000000000000203e-01
0.000000000000000000e+00 0.000000000000000000e+00 0.000000000000000000e+00 1.000000000000000000e+00
6.405686783141044671e-01 -7.677636225513385648e-01 1.451854847314248964e-02 -2.690000000000000030e-02
7.278522637945959994e-01 6.010262280843066129e-01 -3.301492923570076843e-01 -8.580000000000000127e-02
2.447505882567052038e-01 2.220506542246535875e-01 9.438170672892073343e-01 4.003999999999999782e-01
0.000000000000000000e+00 0.000000000000000000e+00 0.000000000000000000e+00 1.000000000000000000e+00
-6.768691017505010787e-01 -7.349482332694756703e-01 4.122273049600813644e-02 -4.630000000000000088e-02
5.696540818375965820e-01 -5.584595142983292959e-01 -6.030067975864277230e-01 9.690000000000000002e-02
4.662000065864809750e-01 -3.846739727402292974e-01 7.966702508284180251e-01 5.151999999999999913e-01
0.000000000000000000e+00 0.000000000000000000e+00 0.000000000000000000e+00 1.000000000000000000e+00
-7.463770197916714810e-01 -6.605957757341176517e-01 -8.083665881975843348e-02 1.577999999999999958e-01
5.398464395155120332e-01 -5.299145371798033022e-01 -6.540308899646400942e-01 -7.929999999999999549e-02
3.892135224646328662e-01 -5.317930089496796242e-01 7.521363104935957500e-01 3.991000000000000103e-01
0.000000000000000000e+00 0.000000000000000000e+00 0.000000000000000000e+00 1.000000000000000000e+00
-3.902856090442585746e-02 6.022808717159304770e-01 7.973296200435731063e-01 8.870000000000000107e-02
-4.878306223730188851e-01 -7.078688396267489580e-01 5.108257919884561238e-01 -1.959999999999999937e-02
8.720653962340685350e-01 -3.690250092481258126e-01 3.214381546122643263e-01 4.208999999999999964e-01
0.000000000000000000e+00 0.000000000000000000e+00 0.000000000000000000e+00 1.000000000000000000e+00
