0.000000000000000000e+00 0.000000000000000000e+00 0.000000000000000000e+00 0.000000000000000000e+00
0.000000000000000000e+00 0.000000000000000000e+00 0.000000000000000000e+00 0.000000000000000000e+00
0.000000000000000000e+00 0.000000000000000000e+00 0.000000000000000000e+00 0.000000000000000000e+00
0.000000000000000000e+00 0.000000000000000000e+00 0.000000000000000000e+00 0.000000000000000000e+00
2.587846273954153009e-01 9.318067960902242097e-01 -2.544928513414224103e-01 8.409999999999999420e-02
-6.344346228300791202e-01 -3.470324519459477841e-02 -7.721971212892593250e-01 -6.819999999999999674e-02
-7.283702533590119543e-01 3.612918204624000484e-01 5.821898268509108076e-01 4.260999999999999788e-01
0.000000000000000000e+00 0.000000000000000000e+00 0.000000000000000000e+00 1.000000000000000000e+00
-8.000783254257155530e-01 5.981381018219934509e-01 -4.588555690808529541e-02 -5.099999999999999672e-02
5.676928346653890012e-01 7.796354433080211477e-01 2.643736390177366946e-01 7.789999999999999702e-02
1.939059531153124460e-01 1.854707165206624653e-01 -9.633281344691195791e-01 4.582999999999999852e-01
0.000000000000000000e+00 0.000000000000000000e+00 0.000000000000000000e+00 1.000000000000000000e+00
3.453950350759795729e-01 3.970822501282976758e-01 8.503105058611888367e-01 -4.730000000000000177e-02
3.095714723238119914e-01 8.071465219352851328e-01 -5.026728515158139787e-01 -7.100000000000000408e-03
-8.859276343291986322e-01 4.368525824129008139e-01 1.558590644494235455e-01 4.423000000000000265e-01
0.000000000000000000e+00 0.000000000000000000e+00 0.000000000000000000e+00 1.000000000000000000e+00
-4.867983003513165485e-02 -7.331836830590537923e-02 -9.961198176006290650e-01 2.829999999999999877e-02
-9.208868366661997484e-01 3.894875975355300834e-01 1.633540391054860708e-02 1.365999999999999992e-01
3.867786294544602876e-01 9.181088324566759606e-01 -8.647811030757379669e-02 4.519000000000000239e-01
0.000000000000000000e+00 0.000000000000000000e+00 0.000000000000000000e+00 1.000000000000000000e+00
9.633326853734767159e-01 2.441590538883436634e-01 1.112496907657500728e-01 2.429999999999999868e-02
-2.596514910628289763e-01 9.528164758988383332e-01 1.572318874928624877e-01 2.400000000000000050e-02
-6.761094940892171945e-02 -1.803527644924452500e-01 9.812755167943184587e-01 4.450999999999999956e-01
0.000000000000000000e+00 0.000000000000000000e+00 0.000000000000000000e+00 1.000000000000000000e+00
1.768745439160481769e-01 -9.775969342958513719e-01 -1.141035922740521180e-01 1.020000000000000073e-02
9.829209328751423724e-01 1.694626015809596042e-01 7.175560174141845660e-02 -8.609999999999999598e-02
-5.081176468447076711e-02 -1.248465486938511726e-01 9.908741109994164686e-01 4.441999999999999837e-01
0.000000000000000000e+00 0.000000000000000000e+00 0.000000000000000000e+00 1.000000000000000000e+00
-9.547724529444168162e-01 -2.901003075865192238e-01 6.520256618193055742e-02 -1.160000000000000059e-01
2.744324777076947997e-01 -9.441737762585344917e-01 -1.822709395513036901e-01 8.890000000000000679e-02
1.144394087616574102e-01 -1.561335702656745372e-01 9.810840585588861407e-01 4.652000000000000024e-01
0.000000000000000000e+00 0.000000000000000000e+00 0.000000000000000000e+00 1.000000000000000000e+00
-9.804655139106424055e-01 -1.965989337780579549e-01 -6.019573844610659474e-03 1.670000000000000095e-01
1.893512060751877668e-01 -9.351532162936639914e-01 -2.993903519044789352e-01 1.110000000000000049e-02
5.323060012635325716e-02 -2.946817288074486951e-01 9.541117240225284180e-01 4.546000000000000041e-01
0.000000000000000000e+00 0.000000000000000000e+00 0.000000000000000000e+00 1.000000000000000000e+00
-7.376696412130989700e-02 9.213197936801482690e-01 3.817437265725455164e-01 7.610000000000000098e-02
-1.051824197018815799e-01 -3.878392585507954848e-01 9.157059397603721784e-01 3.150000000000000022e-02
9.917132113620260592e-01 2.739611833705979382e-02 1.255163698888681623e-01 4.425000000000000044e-01
0.000000000000000000e+00 0.000000000000000000e+00 0.000000000000000000e+00 1.000000000000000000e+00
