0.000000000000000000e+00 0.000000000000000000e+00 0.000000000000000000e+00 0.000000000000000000e+00
0.000000000000000000e+00 0.000000000000000000e+00 0.000000000000000000e+00 0.000000000000000000e+00
0.000000000000000000e+00 0.000000000000000000e+00 0.000000000000000000e+00 0.000000000000000000e+00
0.000000000000000000e+00 0.000000000000000000e+00 0.000000000000000000e+00 0.000000000000000000e+00
6.078085847330220171e-01 7.868565774269955515e-01 1.068899007610885077e-01 1.010999999999999954e-01
-2.371015748213722851e-01 3.082984075004346902e-01 -9.212681125220394396e-01 -2.500000000000000139e-02
-7.578598600942433317e-01 5.346109038287290005e-01 3.739513524047793913e-01 4.207000000000000184e-01
0.000000000000000000e+00 0.000000000000000000e+00 0.000000000000000000e+00 1.000000000000000000e+00
-9.906227195637329341e-01 1.121554901482353234e-01 -7.802418544120336141e-02 -9.099999999999999756e-02
6.579388925808719868e-02 8.921057627307940052e-01 4.470105952198481503e-01 2.900000000000000147e-02
1.197405178728101066e-01 4.376853368941178712e-01 -8.911193827133570000e-01 4.491999999999999882e-01
0.000000000000000000e+00 0.000000000000000000e+00 0.000000000000000000e+00 1.000000000000000000e+00
2.297781941361967117e-01 -9.933848514372989325e-02 9.681600316419063379e-01 -4.420000000000000318e-02
6.461108681798077846e-01 7.595086103937762623e-01 -7.541496375156597765e-02 -3.760000000000000148e-02
-7.278342720148889278e-01 6.428674327628238760e-01 2.387021918070564297e-01 4.197000000000000175e-01
0.000000000000000000e+00 0.000000000000000000e+00 0.000000000000000000e+00 1.000000000000000000e+00
3.774591702753437028e-01 -3.446343226025677664e-01 -8.595066948310049471e-01 -5.099999999999999672e-02
-9.035783657372941091e-01 6.605585060343277526e-02 -4.232998483020962155e-01 1.170000000000000068e-01
2.026591023037697115e-01 9.364100641734507402e-01 -2.864707314336036870e-01 4.693999999999999839e-01
0.000000000000000000e+00 0.000000000000000000e+00 0.000000000000000000e+00 1.000000000000000000e+00
9.667542475939745472e-01 -2.440870974077091471e-01 -7.620835674706391560e-02 2.000000000000000042e-03
2.396669010764721219e-01 9.688275258731535722e-01 -6.271364794767221584e-02 2.100000000000000130e-02
8.914034601351281117e-02 4.236406483782619026e-02 9.951177240522890433e-01 4.425999999999999934e-01
0.000000000000000000e+00 0.000000000000000000e+00 0.000000000000000000e+00 1.000000000000000000e+00
-3.296941853520718446e-01 -9.157973763699216452e-01 -2.293837604953798404e-01 4.440000000000000197e-02
9.307380806933831519e-01 -2.745773561141224839e-01 -2.415241202376604834e-01 -7.889999999999999791e-02
1.582035691513665188e-01 -2.931252990503318001e-01 9.428940501267479846e-01 4.197000000000000175e-01
0.000000000000000000e+00 0.000000000000000000e+00 0.000000000000000000e+00 1.000000000000000000e+00
-9.711803828593372767e-01 2.325501574482860268e-01 5.224067591416313439e-02 -1.532000000000000028e-01
-2.350038439849111149e-01 -8.977052827038360938e-01 -3.726907816379978478e-01 6.599999999999999964e-03
-3.977256920927788042e-02 -3.742267356515346366e-01 9.264839410708043399e-01 4.441999999999999837e-01
0.000000000000000000e+00 0.000000000000000000e+00 0.000000000000000000e+00 1.000000000000000000e+00
-9.453214875105668824e-01 3.220640611741613646e-01 5.140063959539341309e-02 1.305999999999999939e-01
-3.037419552351220964e-01 -8.119999842408034407e-01 -4.983942718600206101e-01 7.340000000000000691e-02
-1.187775647197505807e-01 -4.867553452125010782e-01 8.654254006130768229e-01 4.789999999999999813e-01
0.000000000000000000e+00 0.000000000000000000e+00 0.000000000000000000e+00 1.000000000000000000e+00
-1.068146163416123784e-01 9.848989717518659148e-01 -1.362521676081219768e-01 4.320000000000000229e-02
-3.736275815151251511e-01 8.723291466008875616e-02 9.234678386013582818e-01 5.199999999999999761e-02
9.214081983936072140e-01 1.495474307436380768e-01 3.586676705406049992e-01 4.521000000000000019e-01
0.000000000000000000e+00 0.000000000000000000e+00 0.000000000000000000e+00 1.000000000000000000e+00
