0.000000000000000000e+00 0.000000000000000000e+00 0.000000000000000000e+00 0.000000000000000000e+00
0.000000000000000000e+00 0.000000000000000000e+00 0.000000000000000000e+00 0.000000000000000000e+00
0.000000000000000000e+00 0.000000000000000000e+00 0.000000000000000000e+00 0.000000000000000000e+00
0.000000000000000000e+00 0.000000000000000000e+00 0.000000000000000000e+00 0.000000000000000000e+00
-6.874716707755428313e-01 2.287578180909201064e-01 -6.892405694264994720e-01 -3.520000000000000212e-02
-2.404301910957164501e-01 -9.672624694564397885e-01 -8.121969213625181150e-02 -1.021999999999999992e-01
-6.852561747921436242e-01 1.098780043653494326e-01 7.199658318739350360e-01 4.186000000000000276e-01
0.000000000000000000e+00 0.000000000000000000e+00 0.000000000000000000e+00 1.000000000000000000e+00
4.119415445310998791e-01 9.086089763122805474e-01 6.880328519832021317e-02 8.260000000000000675e-02
8.526323544357635731e-01 -4.109951265775511065e-01 3.226469806132222229e-01 5.439999999999999697e-02
3.214377576742630804e-01 -7.424778848054748581e-02 -9.440153779717199711e-01 4.662000000000000033e-01
0.000000000000000000e+00 0.000000000000000000e+00 0.000000000000000000e+00 1.000000000000000000e+00
2.086030738183202171e-01 9.384758652090665620e-01 -2.752231967215745811e-01 -1.299999999999999940e-03
-5.214736106951106676e-02 -2.703405914118515163e-01 -9.613514536154695866e-01 3.330000000000000321e-02
-9.766091389737423523e-01 2.148930316580422994e-01 -7.454838548295761314e-03 4.603999999999999759e-01
0.000000000000000000e+00 0.000000000000000000e+00 0.000000000000000000e+00 1.000000000000000000e+00
-8.242492825370402176e-01 5.258165414638805712e-01 -2.100716186450179157e-01 1.544000000000000095e-01
-2.691533882572846315e-01 -3.743311486600409133e-02 9.623695836325315556e-01 -4.400000000000000265e-03
4.981662110448661362e-01 8.497739267795828555e-01 1.723795218081608516e-01 4.320999999999999841e-01
0.000000000000000000e+00 0.000000000000000000e+00 0.000000000000000000e+00 1.000000000000000000e+00
-5.887262705753260050e-02 9.337805252238154941e-01 3.529701750801049753e-01 4.420000000000000318e-02
-9.578345718322806013e-01 4.676968739348952298e-02 -2.834881467433637003e-01 -2.699999999999999969e-02
-2.812240153084659688e-01 -3.547767284558705492e-01 8.916538151995612171e-01 4.408000000000000251e-01
0.000000000000000000e+00 0.000000000000000000e+00 0.000000000000000000e+00 1.000000000000000000e+00
9.720160608833485760e-01 -6.618332008260453814e-02 2.253986369250308708e-01 -6.469999999999999363e-02
8.930811194615702331e-02 9.915597757876682961e-01 -9.398548920190610834e-02 -4.100000000000000172e-02
-2.172759501772597579e-01 1.114853316932431226e-01 9.697227347504112638e-01 4.572999999999999843e-01
0.000000000000000000e+00 0.000000000000000000e+00 0.000000000000000000e+00 1.000000000000000000e+00
8.335975593030420239e-02 -9.963706566803099962e-01 1.722398321201837335e-02 8.069999999999999396e-02
9.431564613842132738e-01 7.330393902545617735e-02 -3.241641896825762093e-01 1.169000000000000039e-01
3.217251007311197064e-01 4.326715879047279834e-02 9.458440212475579534e-01 4.880999999999999783e-01
0.000000000000000000e+00 0.000000000000000000e+00 0.000000000000000000e+00 1.000000000000000000e+00
-1.523153755682504773e-02 -9.932423643937637880e-01 -1.150547949332867970e-01 6.360000000000000375e-02
9.597589157135095750e-01 1.774703219882134420e-02 -2.802639230378439206e-01 -1.668999999999999928e-01
2.804118827226897981e-01 -1.146937157023855680e-01 9.530029001038228254e-01 4.146000000000000241e-01
0.000000000000000000e+00 0.000000000000000000e+00 0.000000000000000000e+00 1.000000000000000000e+00
6.402153892078732422e-02 -1.735694712973085141e-01 9.827384602160367244e-01 6.180000000000000077e-02
-1.765327888578139548e-01 -9.711983812610331945e-01 -1.600308679412538460e-01 -7.349999999999999589e-02
9.822104749045881267e-01 -1.632401386593424764e-01 -9.281831779439908559e-02 4.239999999999999880e-01
0.000000000000000000e+00 0.000000000000000000e+00 0.000000000000000000e+00 1.000000000000000000e+00
