0.000000000000000000e+00 0.000000000000000000e+00 0.000000000000000000e+00 0.000000000000000000e+00
0.000000000000000000e+00 0.000000000000000000e+00 0.000000000000000000e+00 0.000000000000000000e+00
0.000000000000000000e+00 0.000000000000000000e+00 0.000000000000000000e+00 0.000000000000000000e+00
0.000000000000000000e+00 0.000000000000000000e+00 0.000000000000000000e+00 0.000000000000000000e+00
7.955410239561173658e-01 3.911690670947979287e-01 4.627107521454820183e-01 8.809999999999999776e-02
3.806504388872257172e-01 2.714894487390989708e-01 -8.839676026859256686e-01 3.299999999999999982e-03
-4.714018695103093237e-01 8.793635426668117150e-01 6.708231697444322350e-02 4.445999999999999952e-01
0.000000000000000000e+00 0.000000000000000000e+00 0.000000000000000000e+00 1.000000000000000000e+00
-8.919260037913803174e-01 -4.432099366600117385e-01 -8.962675831785422986e-02 -1.064999999999999974e-01
-3.506245058672005088e-01 5.527218136952238847e-01 7.560165689658154831e-01 -3.400000000000000244e-02
-2.855353912321906273e-01 7.057361750054268468e-01 -6.483872235343548507e-01 4.069999999999999729e-01
0.000000000000000000e+00 0.000000000000000000e+00 0.000000000000000000e+00 1.000000000000000000e+00
3.462585231711035050e-02 -6.006987605731284319e-01 7.987252652803846775e-01 -2.769999999999999893e-02
9.473801058747415293e-01 2.742144123823440083e-01 1.651586844055417669e-01 -5.739999999999999963e-02
-3.182325962940899533e-01 7.509776661710474421e-01 5.785849631369706092e-01 3.798000000000000265e-01
0.000000000000000000e+00 0.000000000000000000e+00 0.000000000000000000e+00 1.000000000000000000e+00
7.191745749419722333e-01 -5.290856911504476789e-01 -4.503956729109269141e-01 -1.208000000000000046e-01
-6.937795344797536012e-01 -5.111756236569213740e-01 -5.073159166791573194e-01 4.159999999999999809e-02
3.818230341519301962e-02 6.773240090228681565e-01 -7.346933363704202247e-01 4.691000000000000170e-01
0.000000000000000000e+00 0.000000000000000000e+00 0.000000000000000000e+00 1.000000000000000000e+00
6.748325651776252432e-01 -6.933838320529939203e-01 -2.526259496237308610e-01 -2.290000000000000022e-02
4.902422153190984511e-01 6.770862579585057439e-01 -5.488321871052850298e-01 -4.700000000000000185e-03
5.516009239430341715e-01 2.465219274856771392e-01 7.968458821967631112e-01 4.371999999999999775e-01
0.000000000000000000e+00 0.000000000000000000e+00 0.000000000000000000e+00 1.000000000000000000e+00
-7.721529877928094976e-01 -5.696064010830170776e-01 -2.816528204863039120e-01 6.729999999999999871e-02
5.613661794390698567e-01 -4.037924894553102106e-01 -7.223708452321875306e-01 -5.970000000000000306e-02
2.977377638537291871e-01 -7.158911742050855231e-01 6.315473463412262234e-01 4.031000000000000139e-01
0.000000000000000000e+00 0.000000000000000000e+00 0.000000000000000000e+00 1.000000000000000000e+00
-6.916275406086669353e-01 7.218615445267030362e-01 2.381712839805283366e-02 -1.466000000000000081e-01
-5.114403655553564354e-01 -4.662023841789380008e-01 -7.218615445267030362e-01 -7.149999999999999412e-02
-5.099804874230091656e-01 -5.114403655553564354e-01 6.916275406086670463e-01 3.699999999999999956e-01
0.000000000000000000e+00 0.000000000000000000e+00 0.000000000000000000e+00 1.000000000000000000e+00
-6.184251082655611853e-01 7.796546442544138866e-01 9.843282561854826973e-02 5.140000000000000124e-02
-5.203254274492579157e-01 -3.123814092142116472e-01 -7.947825518511901777e-01 6.550000000000000266e-02
-5.889073229434961254e-01 -5.427305877411610080e-01 5.988586428479250046e-01 5.381000000000000227e-01
0.000000000000000000e+00 0.000000000000000000e+00 0.000000000000000000e+00 1.000000000000000000e+00
-1.085777710302811006e-01 7.520136874003719996e-01 -6.501432777477523794e-01 -5.599999999999999943e-03
-7.760139576380100657e-01 3.446336279020921767e-01 5.282329032444256223e-01 3.030000000000000054e-02
6.212996098414099722e-01 5.618746092159153660e-01 5.461535666178277681e-01 4.722999999999999976e-01
0.000000000000000000e+00 0.000000000000000000e+00 0.000000000000000000e+00 1.000000000000000000e+00
