0.000000000000000000e+00 0.000000000000000000e+00 0.000000000000000000e+00 0.000000000000000000e+00
0.000000000000000000e+00 0.000000000000000000e+00 0.000000000000000000e+00 0.000000000000000000e+00
0.000000000000000000e+00 0.000000000000000000e+00 0.000000000000000000e+00 0.000000000000000000e+00
0.000000000000000000e+00 0.000000000000000000e+00 0.000000000000000000e+00 0.000000000000000000e+00
-4.907258073427289702e-01 5.333965684309683875e-01 -6.889675484330838318e-01 -5.000000000000000104e-04
-4.783635537520878889e-01 -8.258255054700367470e-01 -2.986311185339385332e-01 -1.092999999999999944e-01
-7.282557877899081822e-01 1.830309681480845330e-01 6.604113659298082029e-01 4.173999999999999932e-01
0.000000000000000000e+00 0.000000000000000000e+00 0.000000000000000000e+00 1.000000000000000000e+00
6.072944333183649679e-02 9.969271272080453272e-01 4.947967006073161755e-02 5.109999999999999959e-02
9.493487098108344124e-01 -7.300007414127374084e-02 3.056272506761666397e-01 7.929999999999999549e-02
3.083001165960030932e-01 2.841288813341813491e-02 -9.508647358561619356e-01 4.662999999999999923e-01
0.000000000000000000e+00 0.000000000000000000e+00 0.000000000000000000e+00 1.000000000000000000e+00
3.118202657672479727e-01 9.473811379736569727e-01 7.236781928856039769e-02 -1.949999999999999997e-02
1.573460006471294470e-03 7.565035136826470108e-02 -9.971331649090137139e-01 3.049999999999999933e-02
-9.501398034397101622e-01 3.110401963566719052e-01 2.209864633755109775e-02 4.544000000000000261e-01
0.000000000000000000e+00 0.000000000000000000e+00 0.000000000000000000e+00 1.000000000000000000e+00
-7.283914973438234686e-01 4.180174412388326655e-01 -5.428694552259886175e-01 1.418000000000000094e-01
-5.265157027934606049e-01 1.655151441115462196e-01 8.338980463951467526e-01 4.839999999999999858e-02
4.384370437236466689e-01 8.932335393892646414e-01 9.953292320130036064e-02 4.419000000000000150e-01
0.000000000000000000e+00 0.000000000000000000e+00 0.000000000000000000e+00 1.000000000000000000e+00
3.009854439007437765e-01 8.923300923525476769e-01 3.363848522778125072e-01 4.569999999999999757e-02
-9.251210571666739213e-01 3.588228507819906099e-01 -1.240854195443642088e-01 -1.089999999999999997e-02
-2.314277255358306307e-01 -2.738488050709348420e-01 9.335138134031726320e-01 4.423000000000000265e-01
0.000000000000000000e+00 0.000000000000000000e+00 0.000000000000000000e+00 1.000000000000000000e+00
8.995706131513314663e-01 -4.121530125676938772e-01 1.445773363494846364e-01 -5.290000000000000258e-02
4.150331188724175613e-01 9.097389884660642689e-01 1.106720849066538878e-02 -6.130000000000000032e-02
-1.360890230458406125e-01 5.004864729557167990e-02 9.894316099207222104e-01 4.499000000000000221e-01
0.000000000000000000e+00 0.000000000000000000e+00 0.000000000000000000e+00 1.000000000000000000e+00
-2.772837297966248560e-01 -9.602797663887809865e-01 3.124905525580587429e-02 2.570000000000000062e-02
9.205941048522321424e-01 -2.748521238759535912e-01 -2.774217080767016341e-01 1.378000000000000058e-01
2.749913222292469372e-01 -4.815682989136174652e-02 9.602399139972389586e-01 4.844999999999999862e-01
0.000000000000000000e+00 0.000000000000000000e+00 0.000000000000000000e+00 1.000000000000000000e+00
-3.706488751180156971e-01 -9.224713825984857118e-01 -1.080090721216872413e-01 1.142999999999999988e-01
9.012781766789547122e-01 -3.291494338374618689e-01 -2.817060497162549582e-01 -1.358999999999999930e-01
2.243146442299484566e-01 -2.017602500278897204e-01 9.534021931444646158e-01 4.255999999999999783e-01
0.000000000000000000e+00 0.000000000000000000e+00 0.000000000000000000e+00 1.000000000000000000e+00
2.088960357277758195e-02 1.865992957477884406e-01 9.822139926151538525e-01 7.979999999999999594e-02
-1.216557385059109930e-01 -9.746536244612611366e-01 1.877503491690712956e-01 -4.870000000000000023e-02
9.923525108302762021e-01 -1.234139990072284226e-01 2.340747293113509819e-03 4.295999999999999819e-01
0.000000000000000000e+00 0.000000000000000000e+00 0.000000000000000000e+00 1.000000000000000000e+00
