0.000000000000000000e+00 0.000000000000000000e+00 0.000000000000000000e+00 0.000000000000000000e+00
0.000000000000000000e+00 0.000000000000000000e+00 0.000000000000000000e+00 0.000000000000000000e+00
0.000000000000000000e+00 0.000000000000000000e+00 0.000000000000000000e+00 0.000000000000000000e+00
0.000000000000000000e+00 0.000000000000000000e+00 0.000000000000000000e+00 0.000000000000000000e+00
1.350605617537329328e-01 9.212194106009163885e-01 -3.648471490787152938e-01 7.330000000000000404e-02
-5.182296855682362313e-01 -2.481654815473564035e-01 -8.184447976279254355e-01 -8.079999999999999682e-02
-8.445097025224832521e-01 2.996142374795778829e-01 4.438858761493971183e-01 4.022000000000000020e-01
0.000000000000000000e+00 0.000000000000000000e+00 0.000000000000000000e+00 1.000000000000000000e+00
-6.917812031339345413e-01 7.217363469049170588e-01 -2.313898327307495340e-02 -3.529999999999999805e-02
6.392976092630490159e-01 6.270344481063501174e-01 4.451138816960383271e-01 7.599999999999999811e-02
3.357638065383407588e-01 2.931287199240465990e-01 -8.951749660119938667e-01 4.676000000000000156e-01
0.000000000000000000e+00 0.000000000000000000e+00 0.000000000000000000e+00 1.000000000000000000e+00
3.718420735712865133e-01 5.336961394499107891e-01 7.595405868408003913e-01 -4.599999999999999922e-02
4.129826862700431978e-01 6.376725663063667060e-01 -6.502453375622400111e-01 -4.000000000000000083e-03
-8.313716215768885975e-01 5.554656865338430949e-01 1.670622399290744298e-02 4.360999999999999877e-01
0.000000000000000000e+00 0.000000000000000000e+00 0.000000000000000000e+00 1.000000000000000000e+00
-1.904674586141272830e-01 1.180242228615496769e-02 -9.816225598656822537e-01 5.240000000000000213e-02
-9.580544351138122749e-01 2.158777543577812263e-01 1.884900382837126909e-01 1.215999999999999998e-01
2.141351128792980951e-01 9.763490656530688927e-01 -2.981032422751450639e-02 4.677999999999999936e-01
0.000000000000000000e+00 0.000000000000000000e+00 0.000000000000000000e+00 1.000000000000000000e+00
9.059781090793846969e-01 3.930773062625707026e-01 1.571429195678372692e-01 2.980000000000000010e-02
-3.901805129150919815e-01 9.193690386992036112e-01 -5.019699216704062716e-02 1.439999999999999961e-02
-1.642036333649725122e-01 -1.583672891298563631e-02 9.862993281996487172e-01 4.408000000000000251e-01
0.000000000000000000e+00 0.000000000000000000e+00 0.000000000000000000e+00 1.000000000000000000e+00
3.345645717458093360e-01 -9.390570983755638368e-01 -7.898299388482210581e-02 -2.200000000000000133e-03
9.346653656125024634e-01 3.413581583560640897e-01 -9.937435307061563694e-02 -8.999999999999999667e-02
1.202796809814122569e-01 -4.057553097893994154e-02 9.919104922465468155e-01 4.204999999999999849e-01
0.000000000000000000e+00 0.000000000000000000e+00 0.000000000000000000e+00 1.000000000000000000e+00
-8.940814893765309801e-01 -4.444004739296211204e-01 5.591519583594689591e-02 -9.740000000000000047e-02
3.943803202214738457e-01 -8.402598393442981539e-01 -3.720585510468779056e-01 9.550000000000000155e-02
2.123262898848183866e-01 -3.105988106162395068e-01 9.265235698391732777e-01 4.798000000000000043e-01
0.000000000000000000e+00 0.000000000000000000e+00 0.000000000000000000e+00 1.000000000000000000e+00
-9.347153945592499014e-01 -3.537687936296088909e-01 -3.398193384427983937e-02 1.685999999999999999e-01
3.274632770157009931e-01 -8.201436794304228783e-01 -4.691824243260460658e-01 -2.230000000000000038e-02
1.381120319888317072e-01 -4.496798702901642075e-01 8.824472113819257224e-01 4.403000000000000247e-01
0.000000000000000000e+00 0.000000000000000000e+00 0.000000000000000000e+00 1.000000000000000000e+00
-6.806779006520602415e-02 8.456320873500631219e-01 5.294083006523548907e-01 8.210000000000000631e-02
-2.775251630092327448e-01 -5.257444184708142121e-01 8.040973761575673784e-01 1.400000000000000029e-02
9.583040017929269627e-01 -9.219099354470949859e-02 2.704704435920890493e-01 4.369000000000000106e-01
0.000000000000000000e+00 0.000000000000000000e+00 0.000000000000000000e+00 1.000000000000000000e+00
