0.000000000000000000e+00 0.000000000000000000e+00 0.000000000000000000e+00 0.000000000000000000e+00
0.000000000000000000e+00 0.000000000000000000e+00 0.000000000000000000e+00 0.000000000000000000e+00
0.000000000000000000e+00 0.000000000000000000e+00 0.000000000000000000e+00 0.000000000000000000e+00
0.000000000000000000e+00 0.000000000000000000e+00 0.000000000000000000e+00 0.000000000000000000e+00
6.936712732368012224e-01 6.854774932338245641e-01 2.212256109854982000e-01 9.950000000000000511e-02
1.725710796489711707e-01 1.400276971127103476e-01 -9.749930597240676899e-01 -1.980000000000000163e-02
-6.993135113486822485e-01 7.145018196696093504e-01 -2.116040013784048490e-02 4.119999999999999774e-01
0.000000000000000000e+00 0.000000000000000000e+00 0.000000000000000000e+00 1.000000000000000000e+00
-9.949191137610429170e-01 -6.295025054389032093e-02 -7.856986082081622580e-02 -1.004000000000000031e-01
-1.006696860057303272e-01 6.317582849320003691e-01 7.686007310296322226e-01 -4.300000000000000003e-03
1.253551932972218896e-03 7.726051613704368881e-01 -6.348855749119777236e-01 4.336999999999999744e-01
0.000000000000000000e+00 0.000000000000000000e+00 0.000000000000000000e+00 1.000000000000000000e+00
1.806474191716539446e-01 -2.659674207904613730e-01 9.469043462909495501e-01 -4.150000000000000216e-02
9.133303921865001396e-01 4.026004379360100804e-01 -6.115948072201649044e-02 -4.680000000000000132e-02
-3.649576751557289667e-01 8.758848203113253073e-01 3.156448588099018959e-01 3.862999999999999767e-01
0.000000000000000000e+00 0.000000000000000000e+00 0.000000000000000000e+00 1.000000000000000000e+00
4.977841468261536839e-01 -4.213542496606409449e-01 -7.580709330013100100e-01 -7.630000000000000671e-02
-8.571361972084575731e-01 -3.724269815942313766e-01 -3.558309750648956937e-01 7.080000000000000182e-02
-1.323951759075172596e-01 8.268970550640076800e-01 -5.465462265196687763e-01 4.932000000000000273e-01
0.000000000000000000e+00 0.000000000000000000e+00 0.000000000000000000e+00 1.000000000000000000e+00
9.075540212935120366e-01 -3.954055078865672535e-01 -1.414220024145508570e-01 -7.100000000000000408e-03
2.852565358555464448e-01 8.276252621132187404e-01 -4.833892161227010820e-01 1.500000000000000031e-03
3.081791803248051798e-01 3.983602764395464679e-01 8.639066401928736649e-01 4.370999999999999885e-01
0.000000000000000000e+00 0.000000000000000000e+00 0.000000000000000000e+00 1.000000000000000000e+00
-4.826131722753870257e-01 -8.363337249898979975e-01 -2.600585057074842332e-01 5.220000000000000334e-02
7.350820704952220064e-01 -2.253541237548619680e-01 -6.394293303744644774e-01 -7.409999999999999920e-02
4.761710570611631388e-01 -4.997613624032976598e-01 7.235327947412296679e-01 3.815000000000000058e-01
0.000000000000000000e+00 0.000000000000000000e+00 0.000000000000000000e+00 1.000000000000000000e+00
-9.164680387919750260e-01 3.982172568017536274e-01 3.885035724516436306e-02 -1.577000000000000068e-01
-3.021824123665183826e-01 -6.252514151626673566e-01 -7.195460079059803338e-01 -2.920000000000000026e-02
-2.622443965638582286e-01 -6.711808133598335946e-01 6.933571895123682438e-01 4.117000000000000104e-01
0.000000000000000000e+00 0.000000000000000000e+00 0.000000000000000000e+00 1.000000000000000000e+00
-8.741000914082222017e-01 4.817048406918057468e-01 6.252580790537470845e-02 1.087000000000000050e-01
-3.282477466116763276e-01 -4.908849325692239418e-01 -8.070225522380805039e-01 4.760000000000000342e-02
-3.580536929630728782e-01 -7.259424422298166313e-01 5.872010929186992634e-01 5.086000000000000520e-01
0.000000000000000000e+00 0.000000000000000000e+00 0.000000000000000000e+00 1.000000000000000000e+00
-1.171072256318352878e-01 9.447188314929785280e-01 -3.062551666949570039e-01 2.800000000000000058e-02
-7.356892012317847174e-01 1.246258674342448636e-01 6.657550543234356244e-01 2.999999999999999889e-02
6.671186527865587967e-01 3.032733463211091940e-01 6.804248529525089850e-01 4.637999999999999901e-01
0.000000000000000000e+00 0.000000000000000000e+00 0.000000000000000000e+00 1.000000000000000000e+00
