0.000000000000000000e+00 0.000000000000000000e+00 0.000000000000000000e+00 0.000000000000000000e+00
0.000000000000000000e+00 0.000000000000000000e+00 0.000000000000000000e+00 0.000000000000000000e+00
0.000000000000000000e+00 0.000000000000000000e+00 0.000000000000000000e+00 0.000000000000000000e+00
0.000000000000000000e+00 0.000000000000000000e+00 0.000000000000000000e+00 0.000000000000000000e+00
-5.462425346408563698e-01 4.553679940716096608e-01 -7.030356202386415232e-01 -8.899999999999999925e-03
-5.519672590623991848e-02 -8.570624969814586436e-01 -5.122472037182230764e-01 -9.959999999999999409e-02
-8.358064457745969511e-01 -2.410059464890976499e-01 4.932988130520180592e-01 3.682000000000000273e-01
0.000000000000000000e+00 0.000000000000000000e+00 0.000000000000000000e+00 1.000000000000000000e+00
1.559939726833928786e-01 9.857894893844099116e-01 6.232947220759177398e-02 6.140000000000000319e-02
6.973111028241167908e-01 -1.545974949341606397e-01 6.998977357002207356e-01 4.159999999999999809e-02
6.995878117610874192e-01 -6.571679526046769748e-02 -7.115182333967462469e-01 4.939000000000000057e-01
0.000000000000000000e+00 0.000000000000000000e+00 0.000000000000000000e+00 1.000000000000000000e+00
2.942036218854278129e-01 9.554772136152946960e-01 -2.252827404504981201e-02 -1.359999999999999924e-02
4.096954046202233024e-01 -1.473763019623020032e-01 -9.002388022369329779e-01 9.100000000000000450e-03
-8.634777960680677378e-01 2.556237858296230847e-01 -4.348132654549112797e-01 4.653999999999999804e-01
0.000000000000000000e+00 0.000000000000000000e+00 0.000000000000000000e+00 1.000000000000000000e+00
-7.677727815037898029e-01 4.468837508971824635e-01 -4.591512486817376226e-01 1.482999999999999874e-01
-6.103248739814809420e-01 -2.919847024060238105e-01 7.363752316315067548e-01 1.820000000000000090e-02
1.950089848735779008e-01 8.456002878103404674e-01 4.969221760735235138e-01 4.529000000000000248e-01
0.000000000000000000e+00 0.000000000000000000e+00 0.000000000000000000e+00 1.000000000000000000e+00
2.075683739416211981e-01 9.176452557985486091e-01 3.388842791420805800e-01 4.700000000000000011e-02
-7.386255759979385438e-01 3.741576470609646599e-01 -5.607479947601383685e-01 -2.709999999999999909e-02
-6.413638815999425091e-01 -1.339150464145787700e-01 7.554595500242460293e-01 4.320999999999999841e-01
0.000000000000000000e+00 0.000000000000000000e+00 0.000000000000000000e+00 1.000000000000000000e+00
9.325996930924724815e-01 -3.226238923475873710e-01 1.617765017866269472e-01 -5.580000000000000238e-02
3.606554478466319491e-01 8.161544664013943295e-01 -4.514637692125478274e-01 -6.759999999999999343e-02
1.361838398531632632e-02 4.793805493129102979e-01 8.775014692626337265e-01 4.218000000000000083e-01
0.000000000000000000e+00 0.000000000000000000e+00 0.000000000000000000e+00 1.000000000000000000e+00
-1.837504109949215092e-01 -9.827460079532397419e-01 2.112037668148941671e-02 4.200000000000000261e-02
7.130137844004411640e-01 -1.480456380880588174e-01 -6.853421279171889591e-01 8.709999999999999687e-02
6.766440199352672380e-01 -1.108727779712860850e-01 7.279148970798519080e-01 5.379000000000000448e-01
0.000000000000000000e+00 0.000000000000000000e+00 0.000000000000000000e+00 1.000000000000000000e+00
-2.792390580510322184e-01 -9.529195513671976370e-01 -1.181942345502153269e-01 1.029999999999999943e-01
7.261425852067350251e-01 -1.290216801508410338e-01 -6.753298097969123726e-01 -1.358000000000000040e-01
6.282853606507572408e-01 -2.744043269942971763e-01 7.279833589573012631e-01 3.568000000000000060e-01
0.000000000000000000e+00 0.000000000000000000e+00 0.000000000000000000e+00 1.000000000000000000e+00
2.604328415343526437e-02 9.086694853984686460e-02 9.955224482720417267e-01 7.710000000000000187e-02
-5.610850642023094137e-01 -8.228741819865112994e-01 8.978658780196627220e-02 -5.750000000000000250e-02
8.273483535244350318e-01 -5.609111144228529078e-01 2.955374151134770866e-02 4.016000000000000125e-01
0.000000000000000000e+00 0.000000000000000000e+00 0.000000000000000000e+00 1.000000000000000000e+00
