0.000000000000000000e+00 0.000000000000000000e+00 0.000000000000000000e+00 0.000000000000000000e+00
0.000000000000000000e+00 0.000000000000000000e+00 0.000000000000000000e+00 0.000000000000000000e+00
0.000000000000000000e+00 0.000000000000000000e+00 0.000000000000000000e+00 0.000000000000000000e+00
0.000000000000000000e+00 0.000000000000000000e+00 0.000000000000000000e+00 0.000000000000000000e+00
6.850318477101795533e-01 -2.040773400862377351e-01 6.993452701535225469e-01 4.460000000000000075e-02
6.422056580883290788e-01 6.223892661996420772e-01 -4.474410509092872079e-01 5.899999999999999689e-02
-3.439524099960831194e-01 7.556348592956767529e-01 5.574160915107215786e-01 4.769999999999999796e-01
0.000000000000000000e+00 0.000000000000000000e+00 0.000000000000000000e+00 1.000000000000000000e+00
-4.286090635036097218e-01 -8.992466782501195022e-01 -8.746246245495536975e-02 -7.630000000000000671e-02
-8.330745652000400847e-01 3.558808555585446509e-01 4.234803247657231706e-01 -8.569999999999999840e-02
-3.496870593821318485e-01 2.543702582910279952e-01 -9.016732957106097235e-01 4.056000000000000161e-01
0.000000000000000000e+00 0.000000000000000000e+00 0.000000000000000000e+00 1.000000000000000000e+00
-2.188044663940580392e-01 -9.290711941174507604e-01 2.982470817077432779e-01 7.900000000000000772e-03
7.172217666922544588e-01 5.411116034732421642e-02 6.947409011341618701e-01 -6.729999999999999871e-02
-6.616022542803589035e-01 3.659217110080241753e-01 6.545103196620412067e-01 4.138999999999999901e-01
0.000000000000000000e+00 0.000000000000000000e+00 0.000000000000000000e+00 1.000000000000000000e+00
8.362558424900384813e-01 -5.148655066067974184e-01 1.886522621327447469e-01 -1.471999999999999975e-01
-1.596141929121437375e-01 -5.577074169586684338e-01 -8.145463439794542460e-01 -1.909999999999999892e-02
5.245945818651589487e-01 6.510575605703510238e-01 -5.485659281270605092e-01 4.235999999999999766e-01
0.000000000000000000e+00 0.000000000000000000e+00 0.000000000000000000e+00 1.000000000000000000e+00
7.864936149748547045e-02 -9.386428885129863842e-01 -3.358032247910006651e-01 -3.629999999999999893e-02
8.841977033494220484e-01 2.212619671943257815e-01 -4.113849332011378368e-01 -9.799999999999999684e-03
4.604440240980931520e-01 -2.645612778115772890e-01 8.473479987319614271e-01 4.429000000000000159e-01
0.000000000000000000e+00 0.000000000000000000e+00 0.000000000000000000e+00 1.000000000000000000e+00
-9.763714049809344431e-01 4.332410764005506509e-02 -2.117118353629508787e-01 7.309999999999999831e-02
9.561144305973209856e-02 -7.919835420552061578e-01 -6.030095530501363710e-01 -1.220000000000000077e-02
-1.937971400500840546e-01 -6.090033586203630334e-01 7.691278032274776466e-01 4.616000000000000103e-01
0.000000000000000000e+00 0.000000000000000000e+00 0.000000000000000000e+00 1.000000000000000000e+00
-1.022018439143705937e-01 9.947623090785968625e-01 1.652736252566122666e-03 -7.570000000000000340e-02
-9.016657924850133288e-01 -9.193507382970467212e-02 -4.225479154632045264e-01 -1.459999999999999909e-01
-4.201827956531244412e-01 -4.467539184545199493e-02 9.063390798153745376e-01 3.780999999999999917e-01
0.000000000000000000e+00 0.000000000000000000e+00 0.000000000000000000e+00 1.000000000000000000e+00
-4.939670282556374303e-03 9.911338110243721466e-01 1.327756314306346441e-01 -5.260000000000000092e-02
-8.857894871429234929e-01 5.728067209205656152e-02 -4.605387161485546277e-01 1.092999999999999944e-01
-4.640609702663824887e-01 -1.198861678801454445e-01 8.776529625235918175e-01 5.214999999999999636e-01
0.000000000000000000e+00 0.000000000000000000e+00 0.000000000000000000e+00 1.000000000000000000e+00
-4.835863344190016733e-02 1.950252619712008195e-01 -9.796053234669033216e-01 -5.299999999999999850e-02
-5.539148109521100372e-01 8.108886033609193911e-01 1.887804416438994271e-01 3.549999999999999684e-02
8.311677476776393458e-01 5.517470617343077643e-01 6.881391638351830320e-02 4.633999999999999786e-01
0.000000000000000000e+00 0.000000000000000000e+00 0.000000000000000000e+00 1.000000000000000000e+00
