0.000000000000000000e+00 0.000000000000000000e+00 0.000000000000000000e+00 0.000000000000000000e+00
0.000000000000000000e+00 0.000000000000000000e+00 0.000000000000000000e+00 0.000000000000000000e+00
0.000000000000000000e+00 0.000000000000000000e+00 0.000000000000000000e+00 0.000000000000000000e+00
0.000000000000000000e+00 0.000000000000000000e+00 0.000000000000000000e+00 0.000000000000000000e+00
-6.835627148081013793e-01 2.264657550887669291e-01 -6.938697836743238367e-01 -3.540000000000000091e-02
-1.081680081015191086e-01 -9.715815831260257163e-01 -2.105443168401251175e-01 -1.006999999999999978e-01
-7.218321805984601047e-01 -6.886573242476942691e-02 6.886332942503377019e-01 4.007000000000000006e-01
0.000000000000000000e+00 0.000000000000000000e+00 0.000000000000000000e+00 1.000000000000000000e+00
4.113430075839841216e-01 9.083747811350653123e-01 7.518102892076378163e-02 8.229999999999999816e-02
7.776859704644072391e-01 -3.927866493844900386e-01 4.908392602554719764e-01 4.410000000000000031e-02
4.753961100541269080e-01 -1.434360661170268891e-01 -8.680003649090688445e-01 4.769999999999999796e-01
0.000000000000000000e+00 0.000000000000000000e+00 0.000000000000000000e+00 1.000000000000000000e+00
2.148210545482651668e-01 9.366123428178937393e-01 -2.767837311041737580e-01 -1.500000000000000031e-03
1.280016893281626933e-01 -3.079560898281208381e-01 -9.427505578184033341e-01 2.469999999999999973e-02
-9.682290442100504047e-01 1.670938838466283771e-01 -1.860434140977358375e-01 4.670000000000000262e-01
0.000000000000000000e+00 0.000000000000000000e+00 0.000000000000000000e+00 1.000000000000000000e+00
-8.278098915447165140e-01 5.203958010037791349e-01 -2.095685896272630466e-01 1.542999999999999927e-01
-3.540453670291277000e-01 -1.948283180967611550e-01 9.147096832070805705e-01 -7.499999999999999722e-03
4.351811824354717140e-01 8.314025118829161398e-01 3.455245312403191216e-01 4.329999999999999960e-01
0.000000000000000000e+00 0.000000000000000000e+00 0.000000000000000000e+00 1.000000000000000000e+00
-5.860897165723732982e-02 9.359955593786351002e-01 3.470984028553822931e-01 4.399999999999999745e-02
-8.894909211224180101e-01 1.088761174744560245e-01 -4.437926230622597501e-01 -3.109999999999999917e-02
-4.531786509557501619e-01 -3.347511073427010819e-01 8.261784349949844453e-01 4.368000000000000216e-01
0.000000000000000000e+00 0.000000000000000000e+00 0.000000000000000000e+00 1.000000000000000000e+00
9.735186619568183541e-01 -6.520631930695187928e-02 2.191108184098766454e-01 -6.510000000000000508e-02
1.250845020162495158e-01 9.541920879315322068e-01 -2.717928010161599905e-01 -4.760000000000000342e-02
-1.913512011385164191e-01 2.920027315819201386e-01 9.370801046717106564e-01 4.497999999999999776e-01
0.000000000000000000e+00 0.000000000000000000e+00 0.000000000000000000e+00 1.000000000000000000e+00
8.280601143612598136e-02 -9.965059220812974017e-01 1.091383190925551694e-02 8.039999999999999925e-02
8.673992604537593687e-01 6.667695933805761754e-02 -4.931254465728799330e-01 1.015000000000000069e-01
4.906747267124234035e-01 5.030040109516342728e-02 8.698897529085822811e-01 5.100999999999999979e-01
0.000000000000000000e+00 0.000000000000000000e+00 0.000000000000000000e+00 1.000000000000000000e+00
-1.527776252765544740e-02 -9.924964798217681405e-01 -1.213149929462433996e-01 6.329999999999999516e-02
8.917336717040471594e-01 4.135927170135911268e-02 -4.506666943468886632e-01 -1.638999999999999901e-01
4.523026074669118657e-01 -1.150658428280594558e-01 8.844106529734369060e-01 3.852999999999999758e-01
0.000000000000000000e+00 0.000000000000000000e+00 0.000000000000000000e+00 1.000000000000000000e+00
5.764947938489961565e-02 -1.740112656959456883e-01 9.830547375083164008e-01 6.169999999999999790e-02
-3.547821849520715887e-01 -9.239870214363652412e-01 -1.427500804125442224e-01 -7.380000000000000449e-02
9.331699409900021669e-01 -3.405408398827500238e-01 -1.150034677940934280e-01 4.117999999999999994e-01
0.000000000000000000e+00 0.000000000000000000e+00 0.000000000000000000e+00 1.000000000000000000e+00
