0.000000000000000000e+00 0.000000000000000000e+00 0.000000000000000000e+00 0.000000000000000000e+00
0.000000000000000000e+00 0.000000000000000000e+00 0.000000000000000000e+00 0.000000000000000000e+00
0.000000000000000000e+00 0.000000000000000000e+00 0.000000000000000000e+00 0.000000000000000000e+00
0.000000000000000000e+00 0.000000000000000000e+00 0.000000000000000000e+00 0.000000000000000000e+00
7.666299784119694483e-01 1.796308072653762800e-02 6.418378330473166749e-01 6.360000000000000375e-02
5.442802839584708341e-01 5.121345904885039602e-01 -6.644374565896016271e-01 3.749999999999999861e-02
-3.406426994581706058e-01 8.587173510276733257e-01 3.828407793716157581e-01 4.722999999999999976e-01
0.000000000000000000e+00 0.000000000000000000e+00 0.000000000000000000e+00 1.000000000000000000e+00
-6.338876127465966626e-01 -7.681412885013896297e-01 -9.025217618343486792e-02 -9.270000000000000462e-02
-6.605554233914132656e-01 4.769836696119104102e-01 5.797871260658921111e-01 -6.629999999999999782e-02
-4.023096158863365135e-01 4.271364416939636421e-01 -8.097539336998664794e-01 3.985000000000000209e-01
0.000000000000000000e+00 0.000000000000000000e+00 0.000000000000000000e+00 1.000000000000000000e+00
-1.282786175664378803e-01 -8.504885210498136505e-01 5.101116268403850240e-01 -6.100000000000000387e-03
8.483174274937330672e-01 1.723363809428801741e-01 5.006572819943052588e-01 -6.650000000000000355e-02
-5.137140629627131583e-01 4.969602070246784131e-01 6.993771615861719138e-01 3.975000000000000200e-01
0.000000000000000000e+00 0.000000000000000000e+00 0.000000000000000000e+00 1.000000000000000000e+00
8.334550463525887132e-01 -5.501310594297096346e-01 -5.204328160435012229e-02 -1.449999999999999900e-01
-4.076546011531599345e-01 -5.485410328953981285e-01 -7.300140145152753668e-01 8.800000000000000530e-03
3.730555077573074474e-01 6.296495475109911144e-01 -6.814477496119144551e-01 4.356999999999999762e-01
0.000000000000000000e+00 0.000000000000000000e+00 0.000000000000000000e+00 1.000000000000000000e+00
3.171580603252910358e-01 -8.914566717050929068e-01 -3.235981570453964062e-01 -3.330000000000000321e-02
7.598056281536145207e-01 4.430434629950673608e-01 -4.758233887940246931e-01 -7.300000000000000065e-03
5.675439826099737406e-01 -9.496047793590972619e-02 8.178486017799342367e-01 4.401999999999999802e-01
0.000000000000000000e+00 0.000000000000000000e+00 0.000000000000000000e+00 1.000000000000000000e+00
-9.476317119383259602e-01 -1.948021388575416346e-01 -2.530736359745215935e-01 7.420000000000000207e-02
3.170336839993070921e-01 -6.693816332365052357e-01 -6.718763817068258426e-01 -3.420000000000000123e-02
-3.851988757337024283e-02 -7.169242329438696437e-01 6.960861027769329468e-01 4.429000000000000159e-01
0.000000000000000000e+00 0.000000000000000000e+00 0.000000000000000000e+00 1.000000000000000000e+00
-3.396856816012832070e-01 9.405092452661415470e-01 7.483133299943212080e-03 -1.079999999999999988e-01
-7.787984056529052568e-01 -2.768015617669499218e-01 -5.628978048952318902e-01 -1.199000000000000066e-01
-5.273392466596477091e-01 -1.970361768109868683e-01 8.264926278921941316e-01 3.627000000000000224e-01
0.000000000000000000e+00 0.000000000000000000e+00 0.000000000000000000e+00 1.000000000000000000e+00
-2.463054928498120688e-01 9.612747395410067286e-01 1.236304141883408925e-01 -1.499999999999999944e-02
-7.751897014904195471e-01 -1.188283990596170625e-01 -6.204520434974184484e-01 9.750000000000000333e-02
-5.817340723175884465e-01 -2.486577702331016215e-01 7.744383657900071327e-01 5.368000000000000549e-01
0.000000000000000000e+00 0.000000000000000000e+00 0.000000000000000000e+00 1.000000000000000000e+00
-7.735577263119197688e-02 4.238750014087260265e-01 -9.024112519363796103e-01 -3.769999999999999740e-02
-6.670032609344662688e-01 6.507356079725963305e-01 3.628358009063105127e-01 3.629999999999999893e-02
7.410281602904302822e-01 6.299786914628843215e-01 2.323878524348730323e-01 4.692999999999999949e-01
0.000000000000000000e+00 0.000000000000000000e+00 0.000000000000000000e+00 1.000000000000000000e+00
