0.000000000000000000e+00 0.000000000000000000e+00 0.000000000000000000e+00 0.000000000000000000e+00
0.000000000000000000e+00 0.000000000000000000e+00 0.000000000000000000e+00 0.000000000000000000e+00
0.000000000000000000e+00 0.000000000000000000e+00 0.000000000000000000e+00 0.000000000000000000e+00
0.000000000000000000e+00 0.000000000000000000e+00 0.000000000000000000e+00 0.000000000000000000e+00
7.720692869615802811e-01 4.960313813257277160e-01 3.973183671449477816e-01 9.500000000000000111e-02
6.205722279759112725e-02 5.633404807824388127e-01 -8.238910145222247960e-01 1.370000000000000037e-02
-6.325013179664428220e-01 6.607574225477162999e-01 4.041555533687637425e-01 4.400999999999999912e-01
0.000000000000000000e+00 0.000000000000000000e+00 0.000000000000000000e+00 1.000000000000000000e+00
-9.401196427570919223e-01 -3.273821681279061591e-01 -9.484710482745438431e-02 -1.044999999999999957e-01
-3.354639896004698030e-01 8.394833658124492004e-01 4.274711571621383488e-01 -1.379999999999999977e-02
-6.032386744576813398e-02 4.336918197477018788e-01 -8.990397302123600554e-01 4.329000000000000070e-01
0.000000000000000000e+00 0.000000000000000000e+00 0.000000000000000000e+00 1.000000000000000000e+00
7.600028358046140298e-02 -5.006641442404617948e-01 8.622988876066437491e-01 -3.080000000000000099e-02
7.225848539035659712e-01 6.235750556786637810e-01 2.983710422351900093e-01 -5.500000000000000028e-02
-6.870917593777787769e-01 6.004078319003820496e-01 4.091642085860285327e-01 4.134999999999999787e-01
0.000000000000000000e+00 0.000000000000000000e+00 0.000000000000000000e+00 1.000000000000000000e+00
6.637088166305418202e-01 -4.973100437098709192e-01 -5.587247328982064554e-01 -1.068000000000000060e-01
-6.921349883666254588e-01 -1.250912303635769440e-01 -7.108455120241371494e-01 8.160000000000000586e-02
2.836190483828916475e-01 8.585073700973177013e-01 -4.272298337932056711e-01 4.582999999999999852e-01
0.000000000000000000e+00 0.000000000000000000e+00 0.000000000000000000e+00 1.000000000000000000e+00
7.619059272382630033e-01 -6.112469227855684695e-01 -2.141881355826601441e-01 -1.640000000000000138e-02
5.951198424615024019e-01 7.911847242933778279e-01 -1.409223373117557410e-01 1.569999999999999868e-02
2.556007260314401841e-01 -2.009804542697911367e-02 9.665735033727210768e-01 4.431999999999999829e-01
0.000000000000000000e+00 0.000000000000000000e+00 0.000000000000000000e+00 1.000000000000000000e+00
-6.931969775900206354e-01 -6.671738582726454148e-01 -2.726847870667740148e-01 6.550000000000000266e-02
7.163649641598430762e-01 -5.961066444350344717e-01 -3.625990989849117163e-01 -5.809999999999999887e-02
7.936742646909192289e-02 -4.466944272072296274e-01 8.911593013135632457e-01 4.300999999999999823e-01
0.000000000000000000e+00 0.000000000000000000e+00 0.000000000000000000e+00 1.000000000000000000e+00
-7.761637461011703376e-01 6.294933731607763594e-01 3.616534784659886093e-02 -1.509999999999999953e-01
-5.952147410337729205e-01 -7.125574331682520413e-01 -3.714583644135244223e-01 -5.850000000000000339e-02
-2.080606913722449214e-01 -3.098386637967244228e-01 9.277449817284725286e-01 4.173000000000000043e-01
0.000000000000000000e+00 0.000000000000000000e+00 0.000000000000000000e+00 1.000000000000000000e+00
-7.120569222534562925e-01 6.955974525813707343e-01 9.549410156257422122e-02 7.280000000000000360e-02
-6.438433900094081563e-01 -5.926337001314585518e-01 -4.839948208500680638e-01 1.123999999999999999e-01
-2.800725416961266090e-01 -4.061151085970629016e-01 8.698447504911823724e-01 5.010000000000000009e-01
0.000000000000000000e+00 0.000000000000000000e+00 0.000000000000000000e+00 1.000000000000000000e+00
-1.061645518444516156e-01 8.282919023640216150e-01 -5.501469007545680689e-01 6.899999999999999883e-03
-4.345816005917428893e-01 4.589838553665799292e-01 7.749017053407156741e-01 5.990000000000000185e-02
8.943533531880927256e-01 3.213508129615053055e-01 3.112326053777046964e-01 4.592999999999999861e-01
0.000000000000000000e+00 0.000000000000000000e+00 0.000000000000000000e+00 1.000000000000000000e+00
