0.000000000000000000e+00 0.000000000000000000e+00 0.000000000000000000e+00 0.000000000000000000e+00
0.000000000000000000e+00 0.000000000000000000e+00 0.000000000000000000e+00 0.000000000000000000e+00
0.000000000000000000e+00 0.000000000000000000e+00 0.000000000000000000e+00 0.000000000000000000e+00
0.000000000000000000e+00 0.000000000000000000e+00 0.000000000000000000e+00 0.000000000000000000e+00
-2.946158545307824284e-01 7.173478865959188600e-01 -6.313584622506186461e-01 2.719999999999999848e-02
-2.039521326365076326e-01 -6.926604865189931459e-01 -6.918272746923848082e-01 -9.840000000000000135e-02
-9.335978930203930881e-01 -7.505637888707944461e-02 3.503733924490296525e-01 3.632000000000000228e-01
0.000000000000000000e+00 0.000000000000000000e+00 0.000000000000000000e+00 1.000000000000000000e+00
-2.128148783557191059e-01 9.764768952662195023e-01 3.467997349602280899e-02 2.390000000000000110e-02
7.103503082848867667e-01 1.302491234450268154e-01 6.916918427749225717e-01 5.630000000000000282e-02
6.709040669648728139e-01 1.718372452439998477e-01 -7.213596149473207042e-01 4.924999999999999933e-01
0.000000000000000000e+00 0.000000000000000000e+00 0.000000000000000000e+00 1.000000000000000000e+00
3.669105961921109715e-01 8.697228223748635356e-01 3.300891192424418863e-01 -3.030000000000000054e-02
4.796627700459396015e-01 1.271521374396914483e-01 -8.681912007019960686e-01 4.000000000000000083e-03
-7.970572384928232834e-01 4.768800123561680593e-01 -3.705201915974014604e-01 4.496999999999999886e-01
0.000000000000000000e+00 0.000000000000000000e+00 0.000000000000000000e+00 1.000000000000000000e+00
-5.936419923677980215e-01 2.954770234401323248e-01 -7.485202158369210768e-01 1.209999999999999964e-01
-8.030312026679613524e-01 -1.571173529575047301e-01 5.748521765995797672e-01 5.850000000000000339e-02
5.225009511224804060e-02 9.423414805783445480e-01 3.305487279391264854e-01 4.742000000000000104e-01
0.000000000000000000e+00 0.000000000000000000e+00 0.000000000000000000e+00 1.000000000000000000e+00
5.492527997018177288e-01 7.836623571762509899e-01 2.901631816145474052e-01 4.410000000000000031e-02
-6.474321696720243269e-01 6.185990335773023929e-01 -4.451593212895834095e-01 -1.340000000000000045e-02
-5.283492667672493592e-01 5.664402530002049518e-02 8.471354712820852173e-01 4.334999999999999964e-01
0.000000000000000000e+00 0.000000000000000000e+00 0.000000000000000000e+00 1.000000000000000000e+00
7.662071530588252521e-01 -6.392023603039928004e-01 6.593133688387027569e-02 -3.810000000000000192e-02
6.092053935918518848e-01 6.899200734149670833e-01 -3.909975456670837790e-01 -8.129999999999999727e-02
2.044392012802014880e-01 3.397508423549394641e-01 9.180272207832523845e-01 4.026000000000000134e-01
0.000000000000000000e+00 0.000000000000000000e+00 0.000000000000000000e+00 1.000000000000000000e+00
-5.282892458491301735e-01 -8.483478451501660356e-01 3.487701749328547818e-02 -1.710000000000000062e-02
6.295199113660923107e-01 -4.189216961855206645e-01 -6.543770271477089562e-01 9.429999999999999494e-02
5.697500802227100092e-01 -3.237445692117723040e-01 7.553636872342353037e-01 5.280000000000000249e-01
0.000000000000000000e+00 0.000000000000000000e+00 0.000000000000000000e+00 1.000000000000000000e+00
-6.093560821045924669e-01 -7.868638244443107999e-01 -9.762421309805416336e-02 1.441999999999999948e-01
6.153684870887868863e-01 -3.916813767171167804e-01 -6.840375166838743581e-01 -1.015999999999999959e-01
5.000067902540913378e-01 -4.768972854964232955e-01 7.228846303428674291e-01 3.800999999999999934e-01
0.000000000000000000e+00 0.000000000000000000e+00 0.000000000000000000e+00 1.000000000000000000e+00
-1.821271434270710365e-02 4.444041408884062960e-01 8.956412544079850324e-01 8.780000000000000304e-02
-5.340626610438207189e-01 -7.616148385667595999e-01 3.670421116898198166e-01 -3.409999999999999837e-02
8.452487037050482321e-01 -4.716437185378032915e-01 2.512107315557384757e-01 4.128000000000000003e-01
0.000000000000000000e+00 0.000000000000000000e+00 0.000000000000000000e+00 1.000000000000000000e+00
