0.000000000000000000e+00 0.000000000000000000e+00 0.000000000000000000e+00 0.000000000000000000e+00
0.000000000000000000e+00 0.000000000000000000e+00 0.000000000000000000e+00 0.000000000000000000e+00
0.000000000000000000e+00 0.000000000000000000e+00 0.000000000000000000e+00 0.000000000000000000e+00
0.000000000000000000e+00 0.000000000000000000e+00 0.000000000000000000e+00 0.000000000000000000e+00
6.557602550729523250e-01 -2.765947002055904047e-01 7.024769460166191415e-01 3.599999999999999728e-02
7.548691859513074753e-01 2.553608843292753949e-01 -6.041219503177985839e-01 2.740000000000000074e-02
-1.228820441996431034e-02 9.264373646246948368e-01 3.762483348260603488e-01 5.007000000000000339e-01
0.000000000000000000e+00 0.000000000000000000e+00 0.000000000000000000e+00 1.000000000000000000e+00
-3.580312727541408169e-01 -9.306023493819514103e-01 -7.611093912731825561e-02 -7.209999999999999742e-02
-6.386501567826122772e-01 1.846116636294643509e-01 7.470237686268799138e-01 -8.119999999999999440e-02
-6.811311070356386166e-01 3.160661338656103325e-01 -6.604260852295671391e-01 3.695999999999999841e-01
0.000000000000000000e+00 0.000000000000000000e+00 0.000000000000000000e+00 1.000000000000000000e+00
-2.364923841594257503e-01 -9.455310387557603891e-01 2.237016025513520190e-01 1.039999999999999952e-02
9.130865156681088335e-01 -1.375601697037203142e-01 3.838622339018984420e-01 -6.419999999999999318e-02
-3.321812263504105300e-01 2.950394117072093758e-01 8.958835741321531376e-01 3.901000000000000023e-01
0.000000000000000000e+00 0.000000000000000000e+00 0.000000000000000000e+00 1.000000000000000000e+00
8.214723696309700340e-01 -5.049066487192730435e-01 2.650517345952510539e-01 -1.477999999999999869e-01
-3.219489189312166877e-01 -7.942790082998358869e-01 -5.152375671214683983e-01 -3.059999999999999873e-02
4.706719022120395279e-01 3.379203057723837444e-01 -8.150324088125566746e-01 4.081000000000000183e-01
0.000000000000000000e+00 0.000000000000000000e+00 0.000000000000000000e+00 1.000000000000000000e+00
9.165152899297535072e-04 -9.388939707517693911e-01 -3.442052755053282009e-01 -3.860000000000000236e-02
6.258049158311009830e-01 2.690116523629796363e-01 -7.321208494603661521e-01 -2.520000000000000018e-02
7.799790813357445618e-01 -2.147343535136260750e-01 5.878110156331990410e-01 4.366999999999999771e-01
0.000000000000000000e+00 0.000000000000000000e+00 0.000000000000000000e+00 1.000000000000000000e+00
-9.712931437986549454e-01 1.212243982156349931e-01 -2.046809079689233257e-01 6.969999999999999807e-02
1.239471001228583946e-01 -4.765023153006735512e-01 -8.703922448438012882e-01 -3.030000000000000054e-02
-2.030437026377814591e-01 -8.707756248255660303e-01 4.477980192327624120e-01 4.601000000000000090e-01
0.000000000000000000e+00 0.000000000000000000e+00 0.000000000000000000e+00 1.000000000000000000e+00
-2.499718626617908335e-02 9.996381920803956156e-01 -9.931042896503372575e-03 -6.619999999999999496e-02
-6.589352711221909686e-01 -2.394653230743926109e-02 -7.518183770443320757e-01 -1.252000000000000057e-01
-7.517841772409808998e-01 -1.224942956578006781e-02 6.592954590511104218e-01 3.204000000000000181e-01
0.000000000000000000e+00 0.000000000000000000e+00 0.000000000000000000e+00 1.000000000000000000e+00
7.298895093276946966e-02 9.895149712787126850e-01 1.246303921883505916e-01 -6.619999999999999496e-02
-6.226861552064230088e-01 1.428281335624951298e-01 -7.693257283994190399e-01 5.120000000000000245e-02
-7.790600523425497137e-01 -2.145334189217035226e-02 6.265821486171476717e-01 5.551000000000000378e-01
0.000000000000000000e+00 0.000000000000000000e+00 0.000000000000000000e+00 1.000000000000000000e+00
-4.793706233945593809e-02 1.178250868261693229e-01 -9.918766490691613980e-01 -5.929999999999999855e-02
-8.435812830488267355e-01 5.269589939298364722e-01 1.033674881485940333e-01 7.300000000000000065e-03
5.348576043620937304e-01 8.416837099711862447e-01 7.413417177780790013e-02 4.724999999999999756e-01
0.000000000000000000e+00 0.000000000000000000e+00 0.000000000000000000e+00 1.000000000000000000e+00
