0.000000000000000000e+00 0.000000000000000000e+00 0.000000000000000000e+00 0.000000000000000000e+00
0.000000000000000000e+00 0.000000000000000000e+00 0.000000000000000000e+00 0.000000000000000000e+00
0.000000000000000000e+00 0.000000000000000000e+00 0.000000000000000000e+00 0.000000000000000000e+00
0.000000000000000000e+00 0.000000000000000000e+00 0.000000000000000000e+00 0.000000000000000000e+00
7.976416938226708053e-01 3.027683009495085731e-01 5.216311764224300651e-01 8.490000000000000324e-02
2.126658696054406772e-01 6.681371609965245373e-01 -7.129978695623612195e-01 3.350000000000000200e-02
-5.643943268501750987e-01 6.796499761168627307e-01 4.685455727927493319e-01 4.506000000000000005e-01
0.000000000000000000e+00 0.000000000000000000e+00 0.000000000000000000e+00 1.000000000000000000e+00
-8.390959546827259086e-01 -5.351631655387101283e-01 -9.756210886236529878e-02 -1.029000000000000054e-01
-5.282654671800037782e-01 7.588375760148671212e-01 3.809214215727086406e-01 -3.579999999999999849e-02
-1.298213195903404060e-01 3.711683169108968561e-01 -9.194457599561569605e-01 4.268000000000000127e-01
0.000000000000000000e+00 0.000000000000000000e+00 0.000000000000000000e+00 1.000000000000000000e+00
-1.302815111734956233e-02 -6.741501314730343752e-01 7.384794293095466866e-01 -2.069999999999999965e-02
7.092917887017254897e-01 5.143339520368284123e-01 4.820433012318336430e-01 -6.079999999999999988e-02
-7.047945982758170302e-01 5.300775283079521838e-01 4.714683321540925620e-01 4.156000000000000250e-01
0.000000000000000000e+00 0.000000000000000000e+00 0.000000000000000000e+00 1.000000000000000000e+00
7.644118439033358303e-01 -5.384620499645580427e-01 -3.545887105482461443e-01 -1.275000000000000022e-01
-5.300514327362257916e-01 -2.117611570694266643e-01 -8.210984660872848728e-01 5.750000000000000250e-02
3.670422476426609126e-01 8.156076465461707947e-01 -4.472853176003435127e-01 4.484000000000000208e-01
0.000000000000000000e+00 0.000000000000000000e+00 0.000000000000000000e+00 1.000000000000000000e+00
5.927920211050532462e-01 -7.588435943262501482e-01 -2.697295294627630180e-01 -2.419999999999999929e-02
7.478851182181864843e-01 6.429470788065717590e-01 -1.651874807661438405e-01 1.190000000000000085e-02
2.987732746782335025e-01 -1.038048804445798751e-01 9.486617295611388112e-01 4.436999999999999833e-01
0.000000000000000000e+00 0.000000000000000000e+00 0.000000000000000000e+00 1.000000000000000000e+00
-8.323314460302759787e-01 -4.824054766586136078e-01 -2.729639537355169621e-01 7.199999999999999456e-02
5.542050668803470970e-01 -7.323098235991993832e-01 -3.957007279551795764e-01 -4.299999999999999656e-02
-9.005986525617709626e-03 -4.806321653300836272e-01 8.768760538735309584e-01 4.406999999999999806e-01
0.000000000000000000e+00 0.000000000000000000e+00 0.000000000000000000e+00 1.000000000000000000e+00
-6.112125664391943047e-01 7.910360889057362899e-01 2.609798221183617928e-02 -1.371999999999999886e-01
-7.500859613972471474e-01 -5.684188217287129419e-01 -3.380400769425260799e-01 -8.959999999999999909e-02
-2.525673160596611511e-01 -2.261900730652375013e-01 9.407697920879272147e-01 4.091000000000000192e-01
0.000000000000000000e+00 0.000000000000000000e+00 0.000000000000000000e+00 1.000000000000000000e+00
-5.317609394907143461e-01 8.393447966545515282e-01 1.128300295173345208e-01 3.670000000000000345e-02
-7.855020361854798683e-01 -4.390153053860221810e-01 -4.361789916826385172e-01 1.265000000000000013e-01
-3.165704572135850658e-01 -3.205711683320062733e-01 8.927582380767113968e-01 5.053999999999999604e-01
0.000000000000000000e+00 0.000000000000000000e+00 0.000000000000000000e+00 1.000000000000000000e+00
-9.618468479192321396e-02 6.797433757370563434e-01 -7.271158432829454288e-01 -1.230000000000000017e-02
-4.303642054905463254e-01 6.302917185680837475e-01 6.461571017461481548e-01 6.040000000000000230e-02
8.975161040582886329e-01 3.750750493515696560e-01 2.319128075591095905e-01 4.601999999999999980e-01
0.000000000000000000e+00 0.000000000000000000e+00 0.000000000000000000e+00 1.000000000000000000e+00
