0.000000000000000000e+00 0.000000000000000000e+00 0.000000000000000000e+00 0.000000000000000000e+00
0.000000000000000000e+00 0.000000000000000000e+00 0.000000000000000000e+00 0.000000000000000000e+00
0.000000000000000000e+00 0.000000000000000000e+00 0.000000000000000000e+00 0.000000000000000000e+00
0.000000000000000000e+00 0.000000000000000000e+00 0.000000000000000000e+00 0.000000000000000000e+00
7.774584586884053516e-01 5.135766505991490316e-02 6.268338976582574773e-01 6.539999999999999980e-02
5.853245384184814215e-01 3.055772210411906720e-01 -7.510111495217197675e-01 1.949999999999999997e-02
-2.301163395742266415e-01 9.507812325768409956e-01 2.075126936855246074e-01 4.754999999999999782e-01
0.000000000000000000e+00 0.000000000000000000e+00 0.000000000000000000e+00 1.000000000000000000e+00
-6.628247486278184830e-01 -7.437160742529124180e-01 -8.688931755000839363e-02 -9.579999999999999627e-02
-5.357176522133607621e-01 3.899470649756637819e-01 7.489645409656389141e-01 -6.060000000000000109e-02
-5.231347338052353413e-01 5.429803747970105565e-01 -6.568883945327574914e-01 3.845000000000000084e-01
0.000000000000000000e+00 0.000000000000000000e+00 0.000000000000000000e+00 1.000000000000000000e+00
-1.101419070055476013e-01 -8.345434967560222406e-01 5.398202592932326294e-01 -9.199999999999999845e-03
9.452081303581391092e-01 7.999028969169763581e-02 3.165172094213991594e-01 -6.310000000000000331e-02
-3.073277576563056002e-01 5.451043070617492825e-01 7.800070152227333020e-01 3.811999999999999833e-01
0.000000000000000000e+00 0.000000000000000000e+00 0.000000000000000000e+00 1.000000000000000000e+00
8.266091881729386026e-01 -5.556644987573902128e-01 -8.918640506699215820e-02 -1.448000000000000120e-01
-5.039790111237925085e-01 -6.603684572500037042e-01 -5.567033833343699722e-01 5.599999999999999943e-03
2.504444177352724288e-01 5.051242079825004616e-01 -8.259098789427887777e-01 4.389000000000000123e-01
0.000000000000000000e+00 0.000000000000000000e+00 0.000000000000000000e+00 1.000000000000000000e+00
3.529436499516435122e-01 -8.780614538985762607e-01 -3.231700220260693701e-01 -3.370000000000000079e-02
6.038442948440359004e-01 4.776005729087996476e-01 -6.381769036415338991e-01 -1.420000000000000082e-02
7.147047275225768548e-01 3.009611162101794024e-02 6.987784888805423922e-01 4.368000000000000216e-01
0.000000000000000000e+00 0.000000000000000000e+00 0.000000000000000000e+00 1.000000000000000000e+00
-9.373000043092170053e-01 -2.304068563770814426e-01 -2.614983412115131634e-01 7.290000000000000646e-02
3.436245146218208646e-01 -4.855724688623579421e-01 -8.038293167295109676e-01 -4.410000000000000031e-02
5.823139078589822937e-02 -8.432864626076630454e-01 5.343005213452393098e-01 4.305999999999999828e-01
0.000000000000000000e+00 0.000000000000000000e+00 0.000000000000000000e+00 1.000000000000000000e+00
-3.751314233790539188e-01 9.269576845042750701e-01 5.085895405724183416e-03 -1.136000000000000065e-01
-6.308274197458314525e-01 -2.512623418983437329e-01 -7.341144338865546182e-01 -1.044000000000000067e-01
-6.792151218063551266e-01 -2.785977147828617162e-01 6.790067242872823705e-01 3.380000000000000226e-01
0.000000000000000000e+00 0.000000000000000000e+00 0.000000000000000000e+00 1.000000000000000000e+00
-2.830072560968013295e-01 9.518033957362579400e-01 1.182251617105603558e-01 -1.009999999999999960e-02
-6.176805679335959365e-01 -8.656977963657896957e-02 -7.816497868296929941e-01 6.569999999999999452e-02
-7.337421951842417744e-01 -2.942379464287410151e-01 6.124103378353498162e-01 5.538999999999999480e-01
0.000000000000000000e+00 0.000000000000000000e+00 0.000000000000000000e+00 1.000000000000000000e+00
-8.489626910963066209e-02 4.574063418813127391e-01 -8.851960584514715347e-01 -3.599999999999999728e-02
-8.139818744161044783e-01 4.805353983119046157e-01 3.263728528711667409e-01 2.179999999999999993e-02
5.746530532532743152e-01 7.482413844315047857e-01 3.315248090425733096e-01 4.748999999999999888e-01
0.000000000000000000e+00 0.000000000000000000e+00 0.000000000000000000e+00 1.000000000000000000e+00
