0.000000000000000000e+00 0.000000000000000000e+00 0.000000000000000000e+00 0.000000000000000000e+00
0.000000000000000000e+00 0.000000000000000000e+00 0.000000000000000000e+00 0.000000000000000000e+00
0.000000000000000000e+00 0.000000000000000000e+00 0.000000000000000000e+00 0.000000000000000000e+00
0.000000000000000000e+00 0.000000000000000000e+00 0.000000000000000000e+00 0.000000000000000000e+00
3.321420030139767832e-01 9.210365403799525286e-01 -2.034044766439305207e-01 8.809999999999999776e-02
-2.236233912153064995e-01 -1.326063048304577663e-01 -9.656128348466466171e-01 -6.169999999999999790e-02
-9.163374207873589139e-01 3.662065799574598102e-01 1.619211908943085643e-01 3.830000000000000071e-01
0.000000000000000000e+00 0.000000000000000000e+00 0.000000000000000000e+00 1.000000000000000000e+00
-8.508543624193760646e-01 5.237315138434860406e-01 -4.185875486833864900e-02 -5.990000000000000185e-02
3.681282825625459276e-01 6.511093536475085486e-01 6.637305004068098091e-01 4.549999999999999878e-02
3.748712065889664435e-01 5.493286002020413283e-01 -7.467996166781276646e-01 4.682000000000000051e-01
0.000000000000000000e+00 0.000000000000000000e+00 0.000000000000000000e+00 1.000000000000000000e+00
3.416926448774690872e-01 3.142419907101995924e-01 8.857189778429334082e-01 -4.850000000000000144e-02
6.946703063347523521e-01 5.503150883254499526e-01 -4.632347882641516534e-01 -2.290000000000000022e-02
-6.329923395535060893e-01 7.735665936658866482e-01 -3.025596190399593155e-02 4.163000000000000034e-01
0.000000000000000000e+00 0.000000000000000000e+00 0.000000000000000000e+00 1.000000000000000000e+00
1.999868758243983358e-02 -1.317078822514644587e-01 -9.910868207416615450e-01 1.430000000000000021e-02
-9.976337883400879791e-01 -6.784758780072475126e-02 -1.111436871025323070e-02 1.058000000000000052e-01
-6.577900012302173582e-02 9.889639723379497482e-01 -1.327530962364276146e-01 4.933000000000000163e-01
0.000000000000000000e+00 0.000000000000000000e+00 0.000000000000000000e+00 1.000000000000000000e+00
9.835516719986617806e-01 1.663200292390365764e-01 7.045393092342598640e-02 2.000000000000000042e-02
-1.391355487350557640e-01 9.463457558874623921e-01 -2.916693494215363280e-01 8.099999999999999561e-03
-1.151842332388933327e-01 2.770692299547413695e-01 9.539209790257550114e-01 4.371999999999999775e-01
0.000000000000000000e+00 0.000000000000000000e+00 0.000000000000000000e+00 1.000000000000000000e+00
9.312158654846014461e-02 -9.847354915718724566e-01 -1.470523095956013937e-01 1.549999999999999989e-02
9.109380421810542305e-01 1.438805258973032686e-01 -3.866397258105579993e-01 -9.049999999999999711e-02
4.018958240963019235e-01 -9.795103831107859760e-02 9.104314036036630364e-01 3.865999999999999992e-01
0.000000000000000000e+00 0.000000000000000000e+00 0.000000000000000000e+00 1.000000000000000000e+00
-9.775586125069599674e-01 -2.037375039826519463e-01 5.357414100464846091e-02 -1.257999999999999952e-01
1.321539863688556138e-01 -7.911297423857424072e-01 -5.972010169109636113e-01 4.809999999999999692e-02
1.640563409328862077e-01 -5.767189611791756487e-01 8.003004166037432920e-01 4.751000000000000223e-01
0.000000000000000000e+00 0.000000000000000000e+00 0.000000000000000000e+00 1.000000000000000000e+00
-9.941931689751091206e-01 -1.074102150985506154e-01 -6.556558221604454062e-03 1.630999999999999950e-01
8.183041668375296007e-02 -7.150456493349173215e-01 -6.942719224285033297e-01 1.600000000000000077e-03
6.988365809396046568e-02 -6.907769285809201021e-01 7.196829227317519395e-01 4.487999999999999767e-01
0.000000000000000000e+00 0.000000000000000000e+00 0.000000000000000000e+00 1.000000000000000000e+00
-9.173854863168329210e-02 9.500428838442035451e-01 2.983329642395247117e-01 7.109999999999999654e-02
-5.420419913394763922e-01 -2.989642151461562314e-01 7.853730818450412876e-01 1.940000000000000058e-02
8.353289880757683861e-01 -8.966000735574447544e-02 5.423896798071295988e-01 4.414000000000000146e-01
0.000000000000000000e+00 0.000000000000000000e+00 0.000000000000000000e+00 1.000000000000000000e+00
