0.000000000000000000e+00 0.000000000000000000e+00 0.000000000000000000e+00 0.000000000000000000e+00
0.000000000000000000e+00 0.000000000000000000e+00 0.000000000000000000e+00 0.000000000000000000e+00
0.000000000000000000e+00 0.000000000000000000e+00 0.000000000000000000e+00 0.000000000000000000e+00
0.000000000000000000e+00 0.000000000000000000e+00 0.000000000000000000e+00 0.000000000000000000e+00
5.908057318753183740e-01 -3.757698627022303395e-01 7.139647032368031665e-01 2.690000000000000030e-02
7.472759027476416627e-01 5.884895109222602061e-01 -3.086402771952753143e-01 6.660000000000000642e-02
-3.041830244375361980e-01 7.158750629957898459e-01 6.284867395775406429e-01 4.819999999999999840e-01
0.000000000000000000e+00 0.000000000000000000e+00 0.000000000000000000e+00 1.000000000000000000e+00
-2.442502766968408512e-01 -9.664938424633213732e-01 -7.893956431347265434e-02 -6.019999999999999657e-02
-9.008960718274385826e-01 1.960444560307971207e-01 3.872374452780610321e-01 -9.819999999999999563e-02
-3.587869424873305624e-01 1.656991965583212156e-01 -9.185944187510173276e-01 4.050000000000000266e-01
0.000000000000000000e+00 0.000000000000000000e+00 0.000000000000000000e+00 1.000000000000000000e+00
-2.801517853289090532e-01 -9.532282983849538205e-01 1.134494968483795163e-01 1.849999999999999908e-02
6.570063747646031072e-01 -1.042300273929950283e-01 7.466449791623390730e-01 -6.510000000000000508e-02
-6.998982788203576000e-01 2.837109665624173993e-01 6.554772969039582842e-01 4.199999999999999845e-01
0.000000000000000000e+00 0.000000000000000000e+00 0.000000000000000000e+00 1.000000000000000000e+00
8.011029109295715323e-01 -4.659907066327560465e-01 3.756152119284730251e-01 -1.428000000000000103e-01
-1.719543712378646116e-03 -6.293557184517444281e-01 -7.771154501240533641e-01 -4.469999999999999668e-02
5.985241593031882523e-01 6.219035624467779133e-01 -5.049799894514814813e-01 4.149999999999999800e-01
0.000000000000000000e+00 0.000000000000000000e+00 0.000000000000000000e+00 1.000000000000000000e+00
-1.176304905978688975e-01 -9.354805154510017484e-01 -3.332255585834207889e-01 -3.740000000000000269e-02
8.914208882146885671e-01 4.841099817703697905e-02 -4.505831502731084126e-01 -1.590000000000000094e-02
4.376435395801477335e-01 -3.500465404300277528e-01 8.282122625249692671e-01 4.433000000000000274e-01
0.000000000000000000e+00 0.000000000000000000e+00 0.000000000000000000e+00 1.000000000000000000e+00
-9.568760699491627442e-01 2.345375564593654150e-01 -1.714068883350828854e-01 6.859999999999999432e-02
-8.074436011352524589e-02 -7.815300186772038415e-01 -6.186203829621742534e-01 1.299999999999999940e-03
-2.790493416378238556e-01 -5.781029013216244516e-01 7.667649577380393211e-01 4.712999999999999967e-01
0.000000000000000000e+00 0.000000000000000000e+00 0.000000000000000000e+00 1.000000000000000000e+00
9.402624442050222520e-02 9.955524808914708590e-01 -5.858596334738980227e-03 -4.660000000000000253e-02
-9.120604185358487381e-01 8.377854555051800212e-02 -4.014062135115153973e-01 -1.577999999999999958e-01
-3.991301270267485490e-01 4.308611256863670302e-02 9.158813943974046801e-01 3.795999999999999930e-01
0.000000000000000000e+00 0.000000000000000000e+00 0.000000000000000000e+00 1.000000000000000000e+00
1.906474245356468700e-01 9.727120737745194035e-01 1.322300308220449583e-01 -8.119999999999999440e-02
-8.800642291427926978e-01 2.290353987243965994e-01 -4.159684347573249230e-01 9.979999999999999982e-02
-4.349028766302046600e-01 -3.706760937032246850e-02 8.997141102785607414e-01 5.163999999999999702e-01
0.000000000000000000e+00 0.000000000000000000e+00 0.000000000000000000e+00 1.000000000000000000e+00
-2.537693615200931063e-02 1.096666627065756572e-03 -9.996773521661103112e-01 -6.360000000000000375e-02
-5.404636424572387687e-01 8.412399453058720944e-01 1.464259552221924832e-02 2.610000000000000167e-02
8.409845791055804431e-01 5.406608472453710013e-01 -2.075538394072173887e-02 4.607999999999999874e-01
0.000000000000000000e+00 0.000000000000000000e+00 0.000000000000000000e+00 1.000000000000000000e+00
