0.000000000000000000e+00 0.000000000000000000e+00 0.000000000000000000e+00 0.000000000000000000e+00
0.000000000000000000e+00 0.000000000000000000e+00 0.000000000000000000e+00 0.000000000000000000e+00
0.000000000000000000e+00 0.000000000000000000e+00 0.000000000000000000e+00 0.000000000000000000e+00
0.000000000000000000e+00 0.000000000000000000e+00 0.000000000000000000e+00 0.000000000000000000e+00
-1.253658049137056363e-01 8.253822414043389122e-01 -5.504794006433740838e-01 4.730000000000000177e-02
-7.007560835689696788e-02 -5.608379096331805869e-01 -8.249546946540127212e-01 -8.450000000000000566e-02
-9.896326712835169515e-01 -6.484593042461611612e-02 1.281490586606720550e-01 3.461000000000000187e-01
0.000000000000000000e+00 0.000000000000000000e+00 0.000000000000000000e+00 1.000000000000000000e+00
-4.179194775815906482e-01 9.082860541903821083e-01 1.896718274273528904e-02 6.999999999999999929e-04
5.400241789190813879e-01 2.315780039135022506e-01 8.091634657386663765e-01 4.220000000000000140e-02
7.305595091713625866e-01 3.484079101666667788e-01 -5.872773890527316354e-01 4.959000000000000075e-01
0.000000000000000000e+00 0.000000000000000000e+00 0.000000000000000000e+00 1.000000000000000000e+00
3.889928526719818036e-01 7.624514833040211270e-01 5.170612112483510270e-01 -3.769999999999999740e-02
6.626520510949654996e-01 1.583333235840723718e-01 -7.319991925012326872e-01 -8.399999999999999481e-03
-6.399818901732681198e-01 6.273741262200088764e-01 -4.436495080578042316e-01 4.369999999999999996e-01
0.000000000000000000e+00 0.000000000000000000e+00 0.000000000000000000e+00 1.000000000000000000e+00
-4.542671376738856015e-01 1.845503074396370180e-01 -8.715403327749727813e-01 9.760000000000000620e-02
-8.738180908526673729e-01 -2.827742417745362502e-01 3.955763798401458753e-01 6.119999999999999746e-02
-1.734454142610125649e-01 9.412650594879059529e-01 2.897184427319985378e-01 4.944000000000000061e-01
0.000000000000000000e+00 0.000000000000000000e+00 0.000000000000000000e+00 1.000000000000000000e+00
7.162151068862898651e-01 6.552508090165855004e-01 2.401713928655339614e-01 4.000000000000000083e-02
-4.578764922762860179e-01 7.009207896499877188e-01 -5.468630216582593961e-01 -1.220000000000000077e-02
-5.266735597014764458e-01 2.817027225987491779e-01 8.020340002717013528e-01 4.307000000000000273e-01
0.000000000000000000e+00 0.000000000000000000e+00 0.000000000000000000e+00 1.000000000000000000e+00
6.193301676555869051e-01 -7.851267479436178087e-01 2.476508667780291661e-03 -2.479999999999999913e-02
6.626173591607570357e-01 5.209941234794323028e-01 -5.380551631930711176e-01 -8.400000000000000522e-02
4.211512540293890217e-01 3.348747720617022416e-01 8.429059901709656799e-01 3.764000000000000123e-01
0.000000000000000000e+00 0.000000000000000000e+00 0.000000000000000000e+00 1.000000000000000000e+00
-6.985890856262975124e-01 -7.145029304193869502e-01 3.819491937315749874e-02 -5.059999999999999915e-02
4.357213138160492827e-01 -4.671443445569125608e-01 -7.693653865588886420e-01 6.710000000000000686e-02
5.675563638355483054e-01 -5.208279214583267924e-01 6.376660960872623241e-01 5.296999999999999487e-01
0.000000000000000000e+00 0.000000000000000000e+00 0.000000000000000000e+00 1.000000000000000000e+00
-7.657662746083793159e-01 -6.378947405685221339e-01 -8.180655613960585715e-02 1.597000000000000086e-01
4.233820094186352412e-01 -4.042790419192456852e-01 -8.107441830599192434e-01 -7.430000000000000493e-02
4.840967741816126768e-01 -6.554759768442127710e-01 5.796564128922252479e-01 3.812999999999999723e-01
0.000000000000000000e+00 0.000000000000000000e+00 0.000000000000000000e+00 1.000000000000000000e+00
-4.606369473171656459e-02 6.249496740725891675e-01 7.793048446559457387e-01 8.890000000000000679e-02
-6.760819863144676978e-01 -5.938118836658254907e-01 4.362345637364464235e-01 -2.239999999999999977e-02
7.353851261813412199e-01 -5.067793915441001218e-01 4.498703863308236572e-01 4.144999999999999796e-01
0.000000000000000000e+00 0.000000000000000000e+00 0.000000000000000000e+00 1.000000000000000000e+00
