0.000000000000000000e+00 0.000000000000000000e+00 0.000000000000000000e+00 0.000000000000000000e+00
0.000000000000000000e+00 0.000000000000000000e+00 0.000000000000000000e+00 0.000000000000000000e+00
0.000000000000000000e+00 0.000000000000000000e+00 0.000000000000000000e+00 0.000000000000000000e+00
0.000000000000000000e+00 0.000000000000000000e+00 0.000000000000000000e+00 0.000000000000000000e+00
-4.953559143899244344e-01 5.273640227300175898e-01 -6.902968242784658370e-01 -5.999999999999999474e-04
-3.284089548679516302e-01 -8.493542550439536765e-01 -4.132129085607925134e-01 -1.078000000000000069e-01
-8.042201666468339338e-01 2.201220045210541820e-02 5.939237211879947465e-01 3.951000000000000068e-01
0.000000000000000000e+00 0.000000000000000000e+00 0.000000000000000000e+00 1.000000000000000000e+00
6.850021909750225735e-02 9.963846412150901832e-01 5.025302711549090029e-02 5.249999999999999806e-02
8.735463615714781360e-01 -8.423379973468314574e-02 4.793969348749423931e-01 6.779999999999999916e-02
4.818967463770912896e-01 1.105955392108526336e-02 -8.761582117963857552e-01 4.786000000000000254e-01
0.000000000000000000e+00 0.000000000000000000e+00 0.000000000000000000e+00 1.000000000000000000e+00
3.103024291617323405e-01 9.484220366371185484e-01 6.486942945200158128e-02 -1.830000000000000029e-02
1.791808616391815101e-01 8.663718056237001974e-03 -9.837780028094155194e-01 2.249999999999999917e-02
-9.335987474705439437e-01 3.168920642908908958e-01 -1.672507049638034538e-01 4.580000000000000182e-01
0.000000000000000000e+00 0.000000000000000000e+00 0.000000000000000000e+00 1.000000000000000000e+00
-7.316188885319987456e-01 4.207257774193476907e-01 -5.363987529423315248e-01 1.428999999999999992e-01
-5.947765058027952856e-01 -9.443910009157452379e-03 8.038356304050949808e-01 4.130000000000000338e-02
3.331286689677432911e-01 9.071387064714108162e-01 2.571471507389402333e-01 4.485999999999999988e-01
0.000000000000000000e+00 0.000000000000000000e+00 0.000000000000000000e+00 1.000000000000000000e+00
2.937915865308817764e-01 8.945070258987342093e-01 3.369624375230398372e-01 4.639999999999999680e-02
-8.666967136586698484e-01 3.979596480971663297e-01 -3.007738768903324700e-01 -1.629999999999999852e-02
-4.031417991438356885e-01 -2.036794027489786940e-01 8.921834960807617509e-01 4.380000000000000004e-01
0.000000000000000000e+00 0.000000000000000000e+00 0.000000000000000000e+00 1.000000000000000000e+00
9.024749492668852069e-01 -4.052390689634888243e-01 1.460145983500885092e-01 -5.260000000000000092e-02
4.268673060458841872e-01 8.867707293178532790e-01 -1.772624513375914701e-01 -6.640000000000000069e-02
-5.764780112773008891e-02 2.223037800188906454e-01 9.732716786254752561e-01 4.361999999999999766e-01
0.000000000000000000e+00 0.000000000000000000e+00 0.000000000000000000e+00 1.000000000000000000e+00
-2.698922057277790554e-01 -9.624009513641109681e-01 3.070189083507032790e-02 2.759999999999999953e-02
8.540143716029506837e-01 -2.539811831804619224e-01 -4.540407599388740501e-01 1.218999999999999945e-01
4.447669618834247940e-01 -9.632220618168474413e-02 8.904517854512288277e-01 5.076000000000000512e-01
0.000000000000000000e+00 0.000000000000000000e+00 0.000000000000000000e+00 1.000000000000000000e+00
-3.634096920305018852e-01 -9.252506523231673885e-01 -1.088330194097781589e-01 1.140000000000000041e-01
8.452895996049110128e-01 -2.783576994854637388e-01 -4.560728932275295300e-01 -1.363999999999999935e-01
3.916872330547233050e-01 -2.577367290719613235e-01 8.832626392807640947e-01 3.977999999999999869e-01
0.000000000000000000e+00 0.000000000000000000e+00 0.000000000000000000e+00 1.000000000000000000e+00
2.139327631602094826e-02 1.791279183195356450e-01 9.835931662059147484e-01 8.019999999999999352e-02
-3.072036165727278778e-01 -9.350444966600344188e-01 1.769681531531004659e-01 -5.120000000000000245e-02
9.514033138964268499e-01 -3.059493064942174767e-01 3.502507905208263050e-02 4.183000000000000052e-01
0.000000000000000000e+00 0.000000000000000000e+00 0.000000000000000000e+00 1.000000000000000000e+00
