0.000000000000000000e+00 0.000000000000000000e+00 0.000000000000000000e+00 0.000000000000000000e+00
0.000000000000000000e+00 0.000000000000000000e+00 0.000000000000000000e+00 0.000000000000000000e+00
0.000000000000000000e+00 0.000000000000000000e+00 0.000000000000000000e+00 0.000000000000000000e+00
0.000000000000000000e+00 0.000000000000000000e+00 0.000000000000000000e+00 0.000000000000000000e+00
-7.965115638399242748e-01 -6.046219961198043835e-01 1.253186889939604531e-03 1.919999999999999832e-02
5.988866791825361302e-01 -7.892374721159316486e-01 -1.357901252144934068e-01 1.373999999999999944e-01
8.309075861364995097e-02 -1.074078880537042702e-01 9.907368325730355751e-01 4.848000000000000087e-01
0.000000000000000000e+00 0.000000000000000000e+00 0.000000000000000000e+00 1.000000000000000000e+00
-1.181470718523274233e-01 7.768325442976882211e-01 -6.185244275957910709e-01 6.439999999999999891e-02
-2.475055286893811934e-01 -6.262657877002275608e-01 -7.392781455070907004e-01 -4.800000000000000100e-02
-9.616560105780604939e-01 6.574466728331157528e-02 2.662618185975899054e-01 4.341999999999999749e-01
0.000000000000000000e+00 0.000000000000000000e+00 0.000000000000000000e+00 1.000000000000000000e+00
-3.588571322753475457e-01 -9.316775554740837073e-01 -5.655520525070517612e-02 1.099999999999999936e-02
-3.008463730749257325e-01 1.728099402505952620e-01 -9.378849526238537404e-01 -2.960000000000000131e-02
8.835796616167534978e-01 -3.195522761246136767e-01 -3.423058930266937860e-01 4.310999999999999832e-01
0.000000000000000000e+00 0.000000000000000000e+00 0.000000000000000000e+00 1.000000000000000000e+00
5.980811574299970124e-01 5.701527623502422593e-02 7.994048957837567304e-01 -2.970000000000000070e-02
7.949760267187852003e-01 -1.685923064083660883e-01 -5.827432978270286057e-01 7.149999999999999412e-02
1.015482450346060772e-01 9.840355138386782663e-01 -1.461576595141018675e-01 4.497999999999999776e-01
0.000000000000000000e+00 0.000000000000000000e+00 0.000000000000000000e+00 1.000000000000000000e+00
7.014317750174273725e-01 -7.088768259294475627e-01 -7.407503395944457780e-02 -1.980000000000000163e-02
7.123690488881817551e-01 7.006107730614810070e-01 4.092533269676934538e-02 8.500000000000000611e-03
2.288674686468942024e-02 -8.147509024472297801e-02 9.964125684110803904e-01 4.615000000000000213e-01
0.000000000000000000e+00 0.000000000000000000e+00 0.000000000000000000e+00 1.000000000000000000e+00
-4.376519924276660589e-01 8.990639781433902300e-01 -1.202899534774047596e-02 7.520000000000000295e-02
8.969423966011496052e-01 4.374768139517185572e-01 6.409660235955948193e-02 3.690000000000000224e-02
6.288935286263010183e-02 1.726268981459861199e-02 -9.978711985205730439e-01 4.573999999999999733e-01
0.000000000000000000e+00 0.000000000000000000e+00 0.000000000000000000e+00 1.000000000000000000e+00
8.768411078510957024e-01 -4.124244567784760007e-01 2.470945953141067963e-01 -1.701000000000000012e-01
4.297260748781226991e-01 9.027777568079576875e-01 -1.810586597305278989e-02 -2.460000000000000034e-02
-2.156042025385992156e-01 1.220589581463443346e-01 9.688221914179730998e-01 4.596999999999999975e-01
0.000000000000000000e+00 0.000000000000000000e+00 0.000000000000000000e+00 1.000000000000000000e+00
-1.046914705292931735e-01 -1.521849950368282522e-01 9.827916479519219761e-01 -6.700000000000000400e-02
9.805028501426512610e-01 -1.810389088927815138e-01 7.641383597915002435e-02 -3.200000000000000067e-02
1.662944883649227767e-01 9.716298887706942278e-01 1.681710509775595774e-01 4.351999999999999758e-01
0.000000000000000000e+00 0.000000000000000000e+00 0.000000000000000000e+00 1.000000000000000000e+00
-3.560160551554170105e-02 9.863092287062824592e-01 1.610174867942417709e-01 -4.479999999999999954e-02
2.030438265485758342e-01 1.648979120313742719e-01 -9.651848958143744994e-01 -1.348000000000000032e-01
-9.785222175225392061e-01 -1.668525250404895299e-03 -2.061346303711757422e-01 4.243999999999999995e-01
0.000000000000000000e+00 0.000000000000000000e+00 0.000000000000000000e+00 1.000000000000000000e+00
3.788322126026227865e-01 9.132683415817731687e-01 1.497567726651416464e-01 -1.557999999999999940e-01
-8.963081109367160293e-01 4.023597427834346707e-01 -1.863824231420551647e-01 1.059999999999999970e-01
-2.304732630125607140e-01 -6.362054425832924798e-02 9.709966536423372263e-01 4.808000000000000052e-01
0.000000000000000000e+00 0.000000000000000000e+00 0.000000000000000000e+00 1.000000000000000000e+00
