0.000000000000000000e+00 0.000000000000000000e+00 0.000000000000000000e+00 0.000000000000000000e+00
0.000000000000000000e+00 0.000000000000000000e+00 0.000000000000000000e+00 0.000000000000000000e+00
0.000000000000000000e+00 0.000000000000000000e+00 0.000000000000000000e+00 0.000000000000000000e+00
0.000000000000000000e+00 0.000000000000000000e+00 0.000000000000000000e+00 0.000000000000000000e+00
-8.105604703804887290e-01 5.845229190835017352e-01 -3.639616631821571135e-02 -1.406000000000000028e-01
-4.381695134005808012e-01 -6.464992545552084025e-01 -6.245367814515475624e-01 7.799999999999999642e-03
-3.885861569624673439e-01 -4.902771368579835753e-01 7.801468628992098697e-01 4.882000000000000228e-01
0.000000000000000000e+00 0.000000000000000000e+00 0.000000000000000000e+00 1.000000000000000000e+00
3.581049422669284610e-01 8.059421901792653831e-01 4.714000810490477367e-01 5.559999999999999665e-02
3.937488734507368915e-01 3.274341026492939566e-01 -8.589230076546600090e-01 9.199999999999999845e-03
-8.465947525116579442e-01 4.931978249255571933e-01 -2.000830590240563200e-01 4.665000000000000258e-01
0.000000000000000000e+00 0.000000000000000000e+00 0.000000000000000000e+00 1.000000000000000000e+00
3.187657171209123952e-02 -3.819789406854753322e-01 9.236211198585089210e-01 2.309999999999999901e-02
-8.827648104811492979e-01 -4.441312445258764896e-01 -1.532113801650412666e-01 -2.230000000000000038e-02
4.687325181295454168e-01 -8.104563692813440134e-01 -3.513549486477132167e-01 4.325999999999999845e-01
0.000000000000000000e+00 0.000000000000000000e+00 0.000000000000000000e+00 1.000000000000000000e+00
-5.910182020945824455e-01 1.226702239437110764e-02 8.065649415604816408e-01 -8.699999999999999400e-02
6.468446167764372312e-01 -5.902063879682806213e-01 4.829580326993010431e-01 -2.980000000000000010e-02
4.819642378229229696e-01 8.071591787020768738e-01 3.408878608820760103e-01 4.278000000000000136e-01
0.000000000000000000e+00 0.000000000000000000e+00 0.000000000000000000e+00 1.000000000000000000e+00
-4.698760215615720437e-01 -8.533857512098932396e-01 -2.257194807574111062e-01 -2.670000000000000151e-02
7.419375613646967960e-01 -2.432579886359931276e-01 -6.247833272431153606e-01 -5.029999999999999749e-02
4.782731221777739572e-01 -4.610404652486559396e-01 7.474600390693986185e-01 4.399000000000000132e-01
0.000000000000000000e+00 0.000000000000000000e+00 0.000000000000000000e+00 1.000000000000000000e+00
-9.831086056303273146e-01 -1.521299541237511599e-01 1.017543443490186439e-01 -2.510000000000000078e-02
-6.203137032099853565e-02 8.000175287828354964e-01 5.967613113601651920e-01 3.189999999999999780e-02
-1.721905300290710872e-01 5.803692192893333823e-01 -7.959409467226803425e-01 4.955999999999999850e-01
0.000000000000000000e+00 0.000000000000000000e+00 0.000000000000000000e+00 1.000000000000000000e+00
-1.126481681492401687e-01 -9.910465693180473545e-01 -7.167347944358465339e-02 -3.919999999999999873e-02
9.172952012467173732e-01 -7.599567496485004625e-02 -3.908889499031427128e-01 -1.713000000000000078e-01
3.819422783384490705e-01 -1.097786629066244413e-01 9.176430358195220016e-01 3.456000000000000183e-01
0.000000000000000000e+00 0.000000000000000000e+00 0.000000000000000000e+00 1.000000000000000000e+00
-9.816772159992874780e-01 -3.534301567760327750e-02 1.872450662386072884e-01 2.000000000000000042e-03
1.513224473737084241e-01 -7.417979489650421421e-01 6.533278808011239169e-01 -8.329999999999999905e-02
1.158074285558529370e-01 6.696914768414400365e-01 7.335543370038868360e-01 3.885000000000000120e-01
0.000000000000000000e+00 0.000000000000000000e+00 0.000000000000000000e+00 1.000000000000000000e+00
-3.921716757973348066e-02 1.328633613602261399e-01 9.903581882203452702e-01 1.071000000000000008e-01
6.143918758892408238e-01 7.848361591965644646e-01 -8.096188028254119873e-02 -9.460000000000000353e-02
-7.880257842281067626e-01 6.052929294363571522e-01 -1.124092210009053350e-01 3.884000000000000230e-01
0.000000000000000000e+00 0.000000000000000000e+00 0.000000000000000000e+00 1.000000000000000000e+00
9.931444479288943361e-01 -1.014246837893406639e-01 5.811315742793520672e-02 -1.615000000000000047e-01
1.168397362507995196e-01 8.462362636541234107e-01 -5.198390732809072823e-01 -1.295999999999999930e-01
3.547052417900160848e-03 5.230652154320158953e-01 8.522852801874518658e-01 3.774000000000000132e-01
0.000000000000000000e+00 0.000000000000000000e+00 0.000000000000000000e+00 1.000000000000000000e+00
