0.000000000000000000e+00 0.000000000000000000e+00 0.000000000000000000e+00 0.000000000000000000e+00
0.000000000000000000e+00 0.000000000000000000e+00 0.000000000000000000e+00 0.000000000000000000e+00
0.000000000000000000e+00 0.000000000000000000e+00 0.000000000000000000e+00 0.000000000000000000e+00
0.000000000000000000e+00 0.000000000000000000e+00 0.000000000000000000e+00 0.000000000000000000e+00
-9.399183809687665647e-01 3.398456344669469886e-01 -3.253278117239899458e-02 -1.183000000000000024e-01
-3.252446580087477446e-01 -9.203339211622387772e-01 -2.172587995799277749e-01 7.649999999999999856e-02
-1.037754766494748404e-01 -1.936244258658930684e-01 9.755717462874156087e-01 4.833999999999999964e-01
0.000000000000000000e+00 0.000000000000000000e+00 0.000000000000000000e+00 1.000000000000000000e+00
2.814048716074127876e-01 9.300686097198966884e-01 2.361856884938496881e-01 6.690000000000000113e-02
-9.707108815061554763e-02 2.724604090135187562e-01 -9.572578176047670251e-01 1.650000000000000078e-02
-9.546666968533420450e-01 2.464502114705611757e-01 1.669544584167930168e-01 4.506000000000000005e-01
0.000000000000000000e+00 0.000000000000000000e+00 0.000000000000000000e+00 1.000000000000000000e+00
-7.589116007749430182e-02 -6.019895344966746942e-01 7.948893836116879275e-01 2.309999999999999901e-02
-5.881001072423873710e-01 -6.167449733306116233e-01 -5.232245232526049339e-01 -1.609999999999999973e-02
8.052197188864569366e-01 -5.071826477985028614e-01 -3.072246182982658613e-01 4.361999999999999766e-01
0.000000000000000000e+00 0.000000000000000000e+00 0.000000000000000000e+00 1.000000000000000000e+00
-3.476053615337399982e-01 2.603925609684770714e-02 9.372792912333659521e-01 -8.530000000000000082e-02
9.189009032017803058e-01 -1.893931383278373293e-01 3.460511078573298427e-01 4.700000000000000185e-03
1.865251798764729907e-01 9.815560077225626845e-01 4.190657437436162702e-02 4.421999999999999820e-01
0.000000000000000000e+00 0.000000000000000000e+00 0.000000000000000000e+00 1.000000000000000000e+00
-2.113014919465110442e-01 -9.522212181825446820e-01 -2.205140157543943047e-01 -2.949999999999999845e-02
9.682516986736191544e-01 -1.730925678300585524e-01 -1.803541265889069545e-01 -2.429999999999999868e-02
1.335676888952917196e-01 -2.516221663624794713e-01 9.585645298456558772e-01 4.581000000000000072e-01
0.000000000000000000e+00 0.000000000000000000e+00 0.000000000000000000e+00 1.000000000000000000e+00
-9.884667879676960478e-01 1.240694227737438593e-01 8.683425255863171099e-02 -8.999999999999999754e-04
1.373660248321143251e-01 9.759558216603244629e-01 1.692359577310444396e-01 6.969999999999999807e-02
-6.374938671586714845e-02 1.792121996402893380e-01 -9.817428396445986305e-01 4.718999999999999861e-01
0.000000000000000000e+00 0.000000000000000000e+00 0.000000000000000000e+00 1.000000000000000000e+00
1.527207884904291380e-01 -9.882465212220866713e-01 6.721164728302329860e-03 -8.359999999999999376e-02
9.868589228267482527e-01 1.528625201551899737e-01 5.236904017674719192e-02 -1.650999999999999968e-01
-5.278093595315658249e-02 -1.364999724366215000e-03 9.986051820292448644e-01 4.274999999999999911e-01
0.000000000000000000e+00 0.000000000000000000e+00 0.000000000000000000e+00 1.000000000000000000e+00
-8.918681839656235066e-01 -7.567852501608349214e-02 4.459191667569930573e-01 -1.789999999999999925e-02
4.409268512232590309e-01 -3.651340344779416824e-01 8.199150253143331346e-01 -8.179999999999999771e-02
1.007703046547094583e-01 9.278738587314826480e-01 3.590201219744454386e-01 4.247000000000000219e-01
0.000000000000000000e+00 0.000000000000000000e+00 0.000000000000000000e+00 1.000000000000000000e+00
-4.348497158618869207e-02 3.994940923073957983e-01 9.157038426574600765e-01 8.079999999999999682e-02
2.253790213053141200e-01 8.968659724781303799e-01 -3.805728894263440409e-01 -1.197000000000000008e-01
-9.733002383651240264e-01 1.898312345804754331e-01 -1.290377788713266138e-01 4.228000000000000091e-01
0.000000000000000000e+00 0.000000000000000000e+00 0.000000000000000000e+00 1.000000000000000000e+00
9.805832691350699903e-01 1.727707542442679378e-01 9.277240306387241064e-02 -1.867999999999999938e-01
-1.610492148751648533e-01 9.794125352150436781e-01 -1.217137471764539181e-01 -8.319999999999999618e-02
-1.118910303843512477e-01 1.044095414294475832e-01 9.882201399374638262e-01 4.455999999999999961e-01
0.000000000000000000e+00 0.000000000000000000e+00 0.000000000000000000e+00 1.000000000000000000e+00
