0.000000000000000000e+00 0.000000000000000000e+00 0.000000000000000000e+00 0.000000000000000000e+00
0.000000000000000000e+00 0.000000000000000000e+00 0.000000000000000000e+00 0.000000000000000000e+00
0.000000000000000000e+00 0.000000000000000000e+00 0.000000000000000000e+00 0.000000000000000000e+00
0.000000000000000000e+00 0.000000000000000000e+00 0.000000000000000000e+00 0.000000000000000000e+00
-8.628593634770920229e-01 -5.053743424293821729e-01 -8.396003452675437906e-03 -5.000000000000000104e-04
4.332086456089065951e-01 -7.308843198223882176e-01 -5.273882634335560482e-01 9.719999999999999474e-02
2.603919895649720040e-01 -4.586991225758282886e-01 8.495829133866574789e-01 5.212999999999999856e-01
0.000000000000000000e+00 0.000000000000000000e+00 0.000000000000000000e+00 1.000000000000000000e+00
-6.358374115283815797e-02 8.425908749248691709e-01 -5.347875516075073499e-01 6.719999999999999585e-02
1.566202305688850216e-01 -5.208066200815624214e-01 -8.391844659285396801e-01 -4.619999999999999801e-02
-9.856100705844872412e-01 -1.371170374992202734e-01 -9.885194378402095694e-02 4.036000000000000143e-01
0.000000000000000000e+00 0.000000000000000000e+00 0.000000000000000000e+00 1.000000000000000000e+00
-3.439488706907427584e-01 -9.369399118809862426e-01 6.199012723823987825e-02 1.220000000000000077e-02
-6.680990948384963879e-01 1.977996948026342627e-01 -7.172997143537469533e-01 -3.330000000000000321e-02
6.598051029103557674e-01 -2.881299745955546165e-01 -6.940016886960871378e-01 4.045000000000000262e-01
0.000000000000000000e+00 0.000000000000000000e+00 0.000000000000000000e+00 1.000000000000000000e+00
4.982340855195013241e-01 5.076241625181326933e-02 8.655552975534399618e-01 -4.039999999999999841e-02
7.377237693349085745e-01 -5.493255444694646883e-01 -3.924348179655072766e-01 4.689999999999999725e-02
4.555506955157033189e-01 8.340651193339785330e-01 -3.111413513590810531e-01 4.592999999999999861e-01
0.000000000000000000e+00 0.000000000000000000e+00 0.000000000000000000e+00 1.000000000000000000e+00
6.126781771637244134e-01 -7.834466175600847127e-01 -1.041001856914695600e-01 -2.359999999999999945e-02
7.047874442337827006e-01 6.012049410029298713e-01 -3.765996247529677654e-01 -1.409999999999999969e-02
3.576312481841437130e-01 1.573658677964378527e-01 9.205084866392734266e-01 4.452999999999999736e-01
0.000000000000000000e+00 0.000000000000000000e+00 0.000000000000000000e+00 1.000000000000000000e+00
-5.406718390219631409e-01 8.412101843080425079e-01 6.276010280234389782e-03 6.740000000000000158e-02
7.466378755627506303e-01 4.764234638937419053e-01 4.642763894778959011e-01 2.259999999999999856e-02
3.875639886054312866e-01 2.557070762961353716e-01 -8.856681352901500937e-01 4.596999999999999975e-01
0.000000000000000000e+00 0.000000000000000000e+00 0.000000000000000000e+00 1.000000000000000000e+00
8.260833094978932145e-01 -5.177982785562222912e-01 2.224214659002605732e-01 -1.688999999999999946e-01
5.622302987713154732e-01 7.302713208085820362e-01 -3.880733038331887763e-01 -5.770000000000000129e-02
3.851567099928666915e-02 4.456329663845594591e-01 8.943868303808888420e-01 4.195999999999999730e-01
0.000000000000000000e+00 0.000000000000000000e+00 0.000000000000000000e+00 1.000000000000000000e+00
-2.225770625173399964e-01 -1.552788931222730540e-01 9.624696964538018706e-01 -6.510000000000000508e-02
8.122726843420832177e-01 -5.754899103509516500e-01 9.499710182926496271e-02 -4.469999999999999668e-02
5.391405545058342019e-01 8.029320198092582128e-01 2.542196570923785925e-01 4.017000000000000015e-01
0.000000000000000000e+00 0.000000000000000000e+00 0.000000000000000000e+00 1.000000000000000000e+00
-3.370685388956462525e-02 9.600201992592765077e-01 2.778939816099776361e-01 -3.070000000000000159e-02
5.802889254908905059e-01 2.451821900503645679e-01 -7.766276177388585777e-01 -1.315000000000000058e-01
-8.137128553448662593e-01 1.350811263511150218e-01 -5.653534101340673690e-01 3.519999999999999796e-01
0.000000000000000000e+00 0.000000000000000000e+00 0.000000000000000000e+00 1.000000000000000000e+00
4.865026185195189257e-01 8.615250185913470027e-01 1.452234296345826792e-01 -1.706000000000000016e-01
-6.834289091399283755e-01 4.788199451649641780e-01 -5.510502574756935834e-01 5.349999999999999895e-02
-5.442794579308124492e-01 1.688375031010579674e-01 8.217382607747683032e-01 4.925999999999999823e-01
0.000000000000000000e+00 0.000000000000000000e+00 0.000000000000000000e+00 1.000000000000000000e+00
