0.000000000000000000e+00 0.000000000000000000e+00 0.000000000000000000e+00 0.000000000000000000e+00
0.000000000000000000e+00 0.000000000000000000e+00 0.000000000000000000e+00 0.000000000000000000e+00
0.000000000000000000e+00 0.000000000000000000e+00 0.000000000000000000e+00 0.000000000000000000e+00
0.000000000000000000e+00 0.000000000000000000e+00 0.000000000000000000e+00 0.000000000000000000e+00
7.451323811475254466e-01 -6.653024090086884224e-01 4.637282752490869131e-02 1.537000000000000033e-01
6.044233734821281567e-01 6.442876366215495310e-01 -4.685785173107085422e-01 -6.950000000000000622e-02
2.818689769270516510e-01 3.771818472088154239e-01 8.822039072585448061e-01 4.339000000000000079e-01
0.000000000000000000e+00 0.000000000000000000e+00 0.000000000000000000e+00 1.000000000000000000e+00
-3.884668147963483698e-01 -7.411678264891732315e-01 -5.475068828602018822e-01 -4.299999999999999656e-02
5.881444354894638238e-01 -6.568332778084529089e-01 4.718645654911843290e-01 -6.909999999999999476e-02
-7.093515748941141563e-01 -1.387094017747862451e-01 6.910716641959218087e-01 4.162000000000000144e-01
0.000000000000000000e+00 0.000000000000000000e+00 0.000000000000000000e+00 1.000000000000000000e+00
-6.352769972685590183e-02 2.875145847188782522e-01 -9.556670942024451110e-01 -1.540000000000000049e-02
-8.934319209400645723e-02 9.521178059719234144e-01 2.923858368280929931e-01 -2.270000000000000143e-02
9.939728494249063795e-01 1.039569484216506384e-01 -3.479838331000983942e-02 4.329999999999999960e-01
0.000000000000000000e+00 0.000000000000000000e+00 0.000000000000000000e+00 1.000000000000000000e+00
6.712440564761188444e-01 2.627697665080752643e-03 -7.412317531315465446e-01 9.320000000000000506e-02
-6.361945702335345398e-01 -5.111221476893175186e-01 -5.779365180941830049e-01 -4.700000000000000185e-03
-3.803786080352750121e-01 8.595040694181969032e-01 -3.414159767830236003e-01 4.424000000000000155e-01
0.000000000000000000e+00 0.000000000000000000e+00 0.000000000000000000e+00 1.000000000000000000e+00
5.575207947118778762e-01 7.970049606993390157e-01 2.322792631391814022e-01 3.250000000000000111e-02
-6.814108402597374159e-01 5.991632976047809311e-01 -4.203363053316752640e-01 -1.359999999999999924e-02
-4.741833297790578050e-01 7.606862312418793959e-02 8.771338178041224731e-01 4.636000000000000121e-01
0.000000000000000000e+00 0.000000000000000000e+00 0.000000000000000000e+00 1.000000000000000000e+00
9.605582937684828959e-01 2.532743096015898088e-01 -1.148036949249407468e-01 4.109999999999999765e-02
2.766247872173137612e-01 -8.281411399526947825e-01 4.875048506577419616e-01 -9.679999999999999716e-02
2.839879169184392205e-02 -5.000343752320328683e-01 -8.655397923935987947e-01 4.101000000000000201e-01
0.000000000000000000e+00 0.000000000000000000e+00 0.000000000000000000e+00 1.000000000000000000e+00
2.082967440865627351e-01 9.719741420455412229e-01 1.089896031636549689e-01 2.920000000000000026e-02
-6.955539057434600991e-01 2.255503677745576141e-01 -6.821523259520410054e-01 1.209999999999999964e-01
-6.876170668387708851e-01 6.628196430097582637e-02 7.230418180163920017e-01 5.381000000000000227e-01
0.000000000000000000e+00 0.000000000000000000e+00 0.000000000000000000e+00 1.000000000000000000e+00
9.960493077198067091e-01 2.838158133156341509e-02 -8.414429530285238990e-02 -2.099999999999999870e-03
-7.059723596747453922e-02 -3.217153078840344627e-01 -9.442008742565500823e-01 4.349999999999999700e-02
-5.386842177608783255e-02 9.464109818224853976e-01 -3.184406485063626668e-01 4.724999999999999756e-01
0.000000000000000000e+00 0.000000000000000000e+00 0.000000000000000000e+00 1.000000000000000000e+00
2.741201908313428692e-02 -2.953898333384966102e-02 -9.991876849087905077e-01 -1.076000000000000012e-01
4.869458046644723481e-01 -8.725541366215456840e-01 3.915433544702998092e-02 3.799999999999999906e-02
-8.730019269906884594e-01 -4.876235506292037059e-01 -9.534586635665753818e-03 4.787000000000000144e-01
0.000000000000000000e+00 0.000000000000000000e+00 0.000000000000000000e+00 1.000000000000000000e+00
-9.787426199180442321e-01 2.021934152182640887e-01 -3.436141438208916571e-02 1.562000000000000055e-01
-1.444513827907243086e-01 -7.985414779216253311e-01 -5.843503281838678953e-01 8.749999999999999445e-02
-1.455908031635605449e-01 -5.669650173345098798e-01 8.107736966336958062e-01 5.172999999999999821e-01
0.000000000000000000e+00 0.000000000000000000e+00 0.000000000000000000e+00 1.000000000000000000e+00
