0.000000000000000000e+00 0.000000000000000000e+00 0.000000000000000000e+00 0.000000000000000000e+00
0.000000000000000000e+00 0.000000000000000000e+00 0.000000000000000000e+00 0.000000000000000000e+00
0.000000000000000000e+00 0.000000000000000000e+00 0.000000000000000000e+00 0.000000000000000000e+00
0.000000000000000000e+00 0.000000000000000000e+00 0.000000000000000000e+00 0.000000000000000000e+00
-9.642803236685675294e-01 2.624157512681620785e-01 -3.607534992219441072e-02 -1.115000000000000019e-01
-1.917730242501029803e-01 -7.855710440097869451e-01 -5.883036987673481155e-01 4.839999999999999858e-02
-1.827199073872688706e-01 -5.603714021073339380e-01 8.078349628139701588e-01 5.069000000000000172e-01
0.000000000000000000e+00 0.000000000000000000e+00 0.000000000000000000e+00 1.000000000000000000e+00
2.593663198112124979e-01 9.522631724611054782e-01 1.610092001157045760e-01 6.790000000000000202e-02
2.758471649248058211e-01 8.672559734249418728e-02 -9.572810519218140080e-01 -5.599999999999999943e-03
-9.255471104976422669e-01 2.927003948406951550e-01 -2.401853973695455835e-01 4.446999999999999842e-01
0.000000000000000000e+00 0.000000000000000000e+00 0.000000000000000000e+00 1.000000000000000000e+00
-1.113017942905607516e-01 -6.565054502299451089e-01 7.460646784334981074e-01 2.139999999999999888e-02
-8.555736892587931797e-01 -3.186214155493900524e-01 -4.080123230999290751e-01 -2.659999999999999865e-02
5.055744978099663278e-01 -6.837258130067052075e-01 -5.262256548216937002e-01 4.203000000000000069e-01
0.000000000000000000e+00 0.000000000000000000e+00 0.000000000000000000e+00 1.000000000000000000e+00
-2.701140937739556769e-01 2.466775650458674640e-02 9.625122742769075534e-01 -8.480000000000000038e-02
7.877723321438131476e-01 -5.691032389690711124e-01 2.356613165193007231e-01 -2.799999999999999972e-03
5.535820888119235006e-01 8.218959819733533401e-01 1.342902295875795238e-01 4.390000000000000013e-01
0.000000000000000000e+00 0.000000000000000000e+00 0.000000000000000000e+00 1.000000000000000000e+00
-1.312475772248682393e-01 -9.665183789697672223e-01 -2.204910351607416996e-01 -3.139999999999999736e-02
8.447626950666805579e-01 7.355896062760547416e-03 -5.350905342246229379e-01 -3.950000000000000039e-02
5.187967448782622171e-01 -2.564919373133726088e-01 8.155132271134246658e-01 4.395000000000000018e-01
0.000000000000000000e+00 0.000000000000000000e+00 0.000000000000000000e+00 1.000000000000000000e+00
-9.750293209700455765e-01 2.045813726309151648e-01 8.639609494151051505e-02 4.899999999999999842e-03
2.182383808990292218e-01 8.106824824980967126e-01 5.432917463695663418e-01 3.880000000000000115e-02
4.110757048600791053e-02 5.485803264273825253e-01 -8.350866979575020110e-01 4.884000000000000008e-01
0.000000000000000000e+00 0.000000000000000000e+00 0.000000000000000000e+00 1.000000000000000000e+00
2.303649885133417508e-01 -9.727830931880575571e-01 2.500051348918591598e-02 -9.700000000000000289e-02
9.120739717221556520e-01 2.068906028839031519e-01 -3.540019047198865731e-01 -1.519999999999999962e-01
3.391946965596904784e-01 1.043519623476729385e-01 9.349104907850640522e-01 3.575999999999999734e-01
0.000000000000000000e+00 0.000000000000000000e+00 0.000000000000000000e+00 1.000000000000000000e+00
-8.521365574134796006e-01 -9.154986297325370947e-02 5.152493669176915203e-01 -2.489999999999999852e-02
4.224749904662392641e-01 -7.013894959888202774e-01 5.740798353426982414e-01 -7.920000000000000651e-02
3.088335635096263188e-01 7.068743859457117251e-01 6.363571580046999410e-01 3.854000000000000203e-01
0.000000000000000000e+00 0.000000000000000000e+00 0.000000000000000000e+00 1.000000000000000000e+00
-3.900695563736777949e-02 4.726193585378316575e-01 8.804029755442634997e-01 7.040000000000000424e-02
5.999758258353738993e-01 7.156503435788397205e-01 -3.575941752163332987e-01 -1.198000000000000037e-01
-7.990666216436934643e-01 5.142718421912453319e-01 -3.114755311483670130e-01 3.640999999999999792e-01
0.000000000000000000e+00 0.000000000000000000e+00 0.000000000000000000e+00 1.000000000000000000e+00
9.628753984000962829e-01 2.521027493886212056e-01 9.651513304427428164e-02 -1.930999999999999939e-01
-1.684951235284273541e-01 8.406159639050552190e-01 -5.147564419947697756e-01 -7.760000000000000231e-02
-2.109036758878230500e-01 4.793839849000723352e-01 8.518865150466529146e-01 4.116000000000000214e-01
0.000000000000000000e+00 0.000000000000000000e+00 0.000000000000000000e+00 1.000000000000000000e+00
