0.000000000000000000e+00 0.000000000000000000e+00 0.000000000000000000e+00 0.000000000000000000e+00
0.000000000000000000e+00 0.000000000000000000e+00 0.000000000000000000e+00 0.000000000000000000e+00
0.000000000000000000e+00 0.000000000000000000e+00 0.000000000000000000e+00 0.000000000000000000e+00
0.000000000000000000e+00 0.000000000000000000e+00 0.000000000000000000e+00 0.000000000000000000e+00
-9.924920469836353565e-01 -1.193876257890647968e-01 -2.657313460403080280e-02 -6.370000000000000662e-02
1.140632238928715597e-01 -8.250471985526477425e-01 -5.534317492840400421e-01 8.100000000000000255e-02
4.414881232149246021e-02 -5.523076271145258564e-01 8.324705204400475456e-01 5.188000000000000389e-01
0.000000000000000000e+00 0.000000000000000000e+00 0.000000000000000000e+00 1.000000000000000000e+00
1.131563327169647915e-01 9.747916098265280160e-01 -1.922939462849865278e-01 7.220000000000000029e-02
1.883588636184491127e-01 -2.110735780354924263e-01 -9.591500837468873719e-01 -2.510000000000000078e-02
-9.755596254778146070e-01 7.231363679902019781e-02 -2.074949519156679134e-01 4.227000000000000202e-01
0.000000000000000000e+00 0.000000000000000000e+00 0.000000000000000000e+00 1.000000000000000000e+00
-2.452802818081019076e-01 -8.588374915778829166e-01 4.497062890558103931e-01 1.739999999999999880e-02
-7.829777106091799777e-01 -9.803356846509347911e-02 -6.142762604424877315e-01 -3.070000000000000159e-02
5.716497949316042826e-01 -5.027798549208289947e-01 -6.484049116412098357e-01 4.104999999999999760e-01
0.000000000000000000e+00 0.000000000000000000e+00 0.000000000000000000e+00 1.000000000000000000e+00
1.112500046748581273e-01 3.840667474148828919e-02 9.930500308620637817e-01 -6.969999999999999807e-02
8.294322750247759002e-01 -5.540133512349236788e-01 -7.149341088991367776e-02 2.450000000000000094e-02
5.474171513636276742e-01 8.316213886070698003e-01 -9.348972352178863687e-02 4.501999999999999891e-01
0.000000000000000000e+00 0.000000000000000000e+00 0.000000000000000000e+00 1.000000000000000000e+00
2.492854369330141928e-01 -9.515808507409209138e-01 -1.798628795396681468e-01 -3.109999999999999917e-02
8.414713158908666557e-01 3.047675325392937840e-01 -4.461421025220593806e-01 -2.690000000000000030e-02
4.793566474620013507e-01 -4.013272496473974105e-02 8.767020981615676334e-01 4.415000000000000036e-01
0.000000000000000000e+00 0.000000000000000000e+00 0.000000000000000000e+00 1.000000000000000000e+00
-8.288947413422831367e-01 5.568174942910245617e-01 5.373812265584493320e-02 3.719999999999999696e-02
5.063366602980817754e-01 7.059530851468632795e-01 4.952306816119237398e-01 3.629999999999999893e-02
2.378165137522932349e-01 4.377036892957272274e-01 -8.670979103674596455e-01 4.762000000000000122e-01
0.000000000000000000e+00 0.000000000000000000e+00 0.000000000000000000e+00 1.000000000000000000e+00
5.640564944752008980e-01 -8.156069200806025377e-01 1.289403852832055053e-01 -1.441000000000000059e-01
7.954529222406850897e-01 4.948036074232105008e-01 -3.498914668575557885e-01 -1.134000000000000008e-01
2.215737338655064947e-01 2.999245605108245005e-01 9.278740962346596621e-01 3.831999999999999851e-01
0.000000000000000000e+00 0.000000000000000000e+00 0.000000000000000000e+00 1.000000000000000000e+00
-5.929493542016195384e-01 -1.348939645495500494e-01 7.938606185471019927e-01 -4.920000000000000068e-02
6.617320879904562414e-01 -6.433774835198602382e-01 3.849364329645130756e-01 -6.629999999999999782e-02
4.588264454842088114e-01 7.535708540195518168e-01 4.707539281796484509e-01 3.899000000000000243e-01
0.000000000000000000e+00 0.000000000000000000e+00 0.000000000000000000e+00 1.000000000000000000e+00
-3.743610139520625602e-02 7.691771814505774518e-01 6.379380862184612644e-01 2.210000000000000159e-02
5.874216833715606434e-01 5.333808347445689879e-01 -6.086383581669073672e-01 -1.340999999999999970e-01
-8.084146858000845759e-01 3.519536172039321453e-01 -4.717990537504479498e-01 3.509999999999999787e-01
0.000000000000000000e+00 0.000000000000000000e+00 0.000000000000000000e+00 1.000000000000000000e+00
7.938274985520841209e-01 5.944581341370797078e-01 1.282865125443924392e-01 -1.986999999999999877e-01
-4.544963887383209888e-01 7.200777692815778508e-01 -5.243291321396242877e-01 -1.329999999999999932e-02
-4.040679833473146965e-01 3.579211267091234605e-01 8.417966095731829190e-01 4.517999999999999794e-01
0.000000000000000000e+00 0.000000000000000000e+00 0.000000000000000000e+00 1.000000000000000000e+00
