0.000000000000000000e+00 0.000000000000000000e+00 0.000000000000000000e+00 0.000000000000000000e+00
0.000000000000000000e+00 0.000000000000000000e+00 0.000000000000000000e+00 0.000000000000000000e+00
0.000000000000000000e+00 0.000000000000000000e+00 0.000000000000000000e+00 0.000000000000000000e+00
0.000000000000000000e+00 0.000000000000000000e+00 0.000000000000000000e+00 0.000000000000000000e+00
-9.949102563407699051e-01 -9.839503745943255220e-02 -2.172552487975236424e-02 -6.429999999999999605e-02
1.006435414051143756e-01 -9.809217162189463046e-01 -1.663233724511207212e-01 1.213000000000000050e-01
-4.945644688096927435e-03 -1.676633628835890177e-01 9.858319011602256765e-01 4.863999999999999990e-01
0.000000000000000000e+00 0.000000000000000000e+00 0.000000000000000000e+00 1.000000000000000000e+00
1.166528326476528044e-01 9.783136025799661351e-01 -1.711566874015938988e-01 7.449999999999999678e-02
-2.232947878940762521e-01 -1.420865460949856107e-01 -9.643395932544392979e-01 -1.179999999999999973e-02
-9.677456041412011434e-01 1.507113413974073834e-01 2.018775302988815579e-01 4.415999999999999925e-01
0.000000000000000000e+00 0.000000000000000000e+00 0.000000000000000000e+00 1.000000000000000000e+00
-2.333158652680495937e-01 -8.528936216623049793e-01 4.670505081273101933e-01 1.990000000000000102e-02
-4.870400384875407385e-01 -3.132204895716033111e-01 -8.152821142540662702e-01 -2.309999999999999901e-02
8.416387039129538117e-01 -4.176905493787026469e-01 -3.423140327761065027e-01 4.328000000000000180e-01
0.000000000000000000e+00 0.000000000000000000e+00 0.000000000000000000e+00 1.000000000000000000e+00
9.028024732004191755e-02 4.355784047958710659e-02 9.949634121296053735e-01 -6.869999999999999718e-02
9.827614319288529021e-01 -1.657393343449515832e-01 -8.191728122956137836e-02 4.170000000000000095e-02
1.613364337556239536e-01 9.852071800304984528e-01 -5.776995377676885646e-02 4.466999999999999860e-01
0.000000000000000000e+00 0.000000000000000000e+00 0.000000000000000000e+00 1.000000000000000000e+00
2.284904361503761194e-01 -9.572784122445372468e-01 -1.772291229972906001e-01 -2.889999999999999861e-02
9.689659628424782678e-01 2.412532626840389050e-01 -5.386860028862163613e-02 -7.900000000000000772e-03
9.432435231985454582e-02 -1.594205278340402043e-01 9.826942616422240651e-01 4.596999999999999975e-01
0.000000000000000000e+00 0.000000000000000000e+00 0.000000000000000000e+00 1.000000000000000000e+00
-8.407640410266181696e-01 5.391072479044241028e-01 4.979159139361473418e-02 3.780000000000000027e-02
5.412631921085881981e-01 8.349062726256644140e-01 9.982821644575838593e-02 6.539999999999999980e-02
1.224680305273699241e-02 1.108823303652901465e-01 -9.937580815408497692e-01 4.653999999999999804e-01
0.000000000000000000e+00 0.000000000000000000e+00 0.000000000000000000e+00 1.000000000000000000e+00
5.460296011115841619e-01 -8.277452485257233983e-01 1.291877635575926775e-01 -1.398000000000000076e-01
8.286917023250198744e-01 5.562897507045653223e-01 6.173958016307876800e-02 -1.131000000000000061e-01
-1.229704729094950183e-01 7.334518937286105267e-02 9.896962897719048247e-01 4.419000000000000150e-01
0.000000000000000000e+00 0.000000000000000000e+00 0.000000000000000000e+00 1.000000000000000000e+00
-6.096900385164365499e-01 -1.273081980971978999e-01 7.823494613221582128e-01 -4.590000000000000330e-02
7.783092987625117587e-01 -2.829905386460440653e-01 5.604917399004460954e-01 -6.539999999999999980e-02
1.500423020139107222e-01 9.506360911169251526e-01 2.716216667946425023e-01 4.287000000000000255e-01
0.000000000000000000e+00 0.000000000000000000e+00 0.000000000000000000e+00 1.000000000000000000e+00
-4.362937862983162773e-02 7.552635359263260018e-01 6.539674828463855061e-01 2.719999999999999848e-02
2.059282726994040580e-01 6.473325802894951408e-01 -7.338624373810013202e-01 -1.414999999999999869e-01
-9.775939974362639617e-01 1.026524320014263747e-01 -1.837728336310289201e-01 4.207000000000000184e-01
0.000000000000000000e+00 0.000000000000000000e+00 0.000000000000000000e+00 1.000000000000000000e+00
8.060304226315226916e-01 5.768116713300158738e-01 1.326772535513247309e-01 -1.968000000000000027e-01
-5.622993355055797560e-01 8.162407834839023879e-01 -1.325535388722930696e-01 5.000000000000000104e-03
-1.847550136868612858e-01 3.223785344992313034e-02 9.822557231813460188e-01 4.638999999999999790e-01
0.000000000000000000e+00 0.000000000000000000e+00 0.000000000000000000e+00 1.000000000000000000e+00
