0.000000000000000000e+00 0.000000000000000000e+00 0.000000000000000000e+00 0.000000000000000000e+00
0.000000000000000000e+00 0.000000000000000000e+00 0.000000000000000000e+00 0.000000000000000000e+00
0.000000000000000000e+00 0.000000000000000000e+00 0.000000000000000000e+00 0.000000000000000000e+00
0.000000000000000000e+00 0.000000000000000000e+00 0.000000000000000000e+00 0.000000000000000000e+00
-5.783482239118014068e-01 -8.157571093766975423e-01 7.326008424777707972e-03 6.379999999999999560e-02
6.936839524201805496e-01 -4.964882027985131341e-01 -5.218256783990409264e-01 8.770000000000000018e-02
4.293202837658404158e-01 -2.967150198140927619e-01 8.530206861289711950e-01 5.121999999999999886e-01
0.000000000000000000e+00 0.000000000000000000e+00 0.000000000000000000e+00 1.000000000000000000e+00
-2.311545313002678625e-01 5.582706896622416926e-01 -7.968070153577958559e-01 4.959999999999999826e-02
2.032081253280773880e-01 -7.732208269034588355e-01 -6.006962715411008347e-01 -6.590000000000000024e-02
-9.514589010882193998e-01 -3.007713249410198797e-01 6.528835756259754319e-02 3.891000000000000014e-01
0.000000000000000000e+00 0.000000000000000000e+00 0.000000000000000000e+00 1.000000000000000000e+00
-3.900417280077812521e-01 -8.525058759620142146e-01 -3.479959509289484165e-01 4.000000000000000083e-03
-5.321830638754289078e-01 5.171240871557672980e-01 -6.703460785351664786e-01 -3.500000000000000333e-02
7.514310593373588754e-01 -7.626539145348487647e-02 -6.553891615899529732e-01 4.018999999999999795e-01
0.000000000000000000e+00 0.000000000000000000e+00 0.000000000000000000e+00 1.000000000000000000e+00
8.108123846712573801e-01 5.049289950913507519e-02 5.831241239760788231e-01 -3.899999999999999821e-03
5.056846719003682544e-01 -5.621043501028935019e-01 -6.544629188887790550e-01 5.639999999999999875e-02
2.947308763409866028e-01 8.255235712531557857e-01 -4.812946538625895165e-01 4.633999999999999786e-01
0.000000000000000000e+00 0.000000000000000000e+00 0.000000000000000000e+00 1.000000000000000000e+00
8.812695600999693735e-01 -4.724682916905981189e-01 -1.173353263831174165e-02 -1.269999999999999948e-02
4.390227649787989961e-01 8.275733087305917612e-01 -3.498305740027176092e-01 -6.199999999999999782e-03
1.749942121087914026e-01 3.031437481190541461e-01 9.367395015183008766e-01 4.489000000000000212e-01
0.000000000000000000e+00 0.000000000000000000e+00 0.000000000000000000e+00 1.000000000000000000e+00
-1.484196419563315050e-01 9.881374483379321561e-01 -3.944607805288888325e-02 8.609999999999999598e-02
8.728115399948976894e-01 1.496422124337606352e-01 4.645505611983093974e-01 -3.500000000000000073e-03
4.649426045581209754e-01 3.451943583156508177e-02 -8.846676116014311475e-01 4.404000000000000137e-01
0.000000000000000000e+00 0.000000000000000000e+00 0.000000000000000000e+00 1.000000000000000000e+00
9.537350418644904293e-01 -1.198723531372014178e-01 2.757174076352250092e-01 -1.658999999999999919e-01
2.429340179425329982e-01 8.475507462716118656e-01 -4.718482758480006534e-01 3.599999999999999901e-03
-1.771229314516780118e-01 5.169993727731049260e-01 8.374599188654823223e-01 4.590000000000000191e-01
0.000000000000000000e+00 0.000000000000000000e+00 0.000000000000000000e+00 1.000000000000000000e+00
1.986172707972919671e-01 -1.535778236617774684e-01 9.679695407503003945e-01 -7.090000000000000469e-02
8.199449094676545258e-01 -5.149895195031120032e-01 -2.499522759248926640e-01 -1.909999999999999892e-02
5.368812952404984351e-01 8.433265363317259400e-01 2.363954186567862603e-02 4.173999999999999932e-01
0.000000000000000000e+00 0.000000000000000000e+00 0.000000000000000000e+00 1.000000000000000000e+00
-1.943436617825300416e-02 9.896672840462364951e-01 -1.420597490487551240e-01 -8.069999999999999396e-02
5.845059361740659876e-01 -1.040298742243712660e-01 -8.046928580807337639e-01 -1.105000000000000010e-01
-8.111566531740512787e-01 -9.867346227536161196e-02 -5.764446476931366359e-01 3.652000000000000246e-01
0.000000000000000000e+00 0.000000000000000000e+00 0.000000000000000000e+00 1.000000000000000000e+00
8.471699213295247333e-02 9.874866988461787898e-01 1.330152278719291259e-01 -1.126000000000000056e-01
-7.893925658685274627e-01 1.479754243762881893e-01 -5.957874207569002767e-01 1.060999999999999999e-01
-6.080151381301682756e-01 -5.452791379223465018e-02 7.920506918259834217e-01 5.251000000000000112e-01
0.000000000000000000e+00 0.000000000000000000e+00 0.000000000000000000e+00 1.000000000000000000e+00
