0.000000000000000000e+00 0.000000000000000000e+00 0.000000000000000000e+00 0.000000000000000000e+00
0.000000000000000000e+00 0.000000000000000000e+00 0.000000000000000000e+00 0.000000000000000000e+00
0.000000000000000000e+00 0.000000000000000000e+00 0.000000000000000000e+00 0.000000000000000000e+00
0.000000000000000000e+00 0.000000000000000000e+00 0.000000000000000000e+00 0.000000000000000000e+00
5.423341393550695777e-02 -9.979748366433618401e-01 3.324097230158951088e-02 1.409999999999999865e-01
9.217457584868509191e-01 3.723370460728270270e-02 -3.860031190971356940e-01 4.150000000000000216e-02
3.839837151812559024e-01 5.157399216536076580e-02 9.218983836669458753e-01 4.761000000000000232e-01
0.000000000000000000e+00 0.000000000000000000e+00 0.000000000000000000e+00 1.000000000000000000e+00
-4.069815281065078949e-01 -6.607917766886496624e-02 -9.110431263440268435e-01 7.900000000000000772e-03
2.450499919897500267e-01 -9.687173763306848873e-01 -3.920645636649679189e-02 -8.369999999999999662e-02
-8.799525766800817550e-01 -2.392074143365985894e-01 4.104427800808336801e-01 4.013999999999999790e-01
0.000000000000000000e+00 0.000000000000000000e+00 0.000000000000000000e+00 1.000000000000000000e+00
-3.186074602702848590e-01 -4.272133718171989836e-01 -8.461548446949282987e-01 -7.400000000000000328e-03
-1.751164897795758346e-01 9.038377597159389376e-01 -3.903991791986149984e-01 -3.169999999999999901e-02
9.315704489019593915e-01 2.379157523688335552e-02 -3.627815591790040095e-01 4.176000000000000267e-01
0.000000000000000000e+00 0.000000000000000000e+00 0.000000000000000000e+00 1.000000000000000000e+00
9.981481197589490151e-01 3.667562086453604597e-02 -4.853071044066511325e-02 5.489999999999999741e-02
-2.716111687100739372e-02 -4.451524755165576774e-01 -8.950427628173974748e-01 5.140000000000000124e-02
-5.442981491787705212e-02 8.947033991081522197e-01 -4.433319556182750976e-01 4.554000000000000270e-01
0.000000000000000000e+00 0.000000000000000000e+00 0.000000000000000000e+00 1.000000000000000000e+00
9.773087434923403150e-01 1.624290905733916379e-01 1.359573846060740943e-01 1.069999999999999944e-02
-1.284884829967571640e-01 9.648790269372523598e-01 -2.291269803270952476e-01 4.100000000000000346e-03
-1.683993160040000436e-01 2.064588431434265237e-01 9.638549768804760554e-01 4.590000000000000191e-01
0.000000000000000000e+00 0.000000000000000000e+00 0.000000000000000000e+00 1.000000000000000000e+00
4.956789974142451483e-01 8.628722163002081613e-01 -9.876168214229419373e-02 8.649999999999999356e-02
8.275760280394713897e-01 -4.347582102168989771e-01 3.551101469451565240e-01 -5.009999999999999870e-02
2.634772273590657021e-01 -2.577534422392170343e-01 -9.295928752292659247e-01 4.249999999999999889e-01
0.000000000000000000e+00 0.000000000000000000e+00 0.000000000000000000e+00 1.000000000000000000e+00
8.104971550172073158e-01 5.229713315683782726e-01 2.638093024641292028e-01 -1.008000000000000007e-01
-3.500906267401514560e-01 7.935966356269485988e-01 -4.976353413798864089e-01 9.950000000000000511e-02
-4.696071919995487565e-01 3.109748643848655458e-01 8.262951766427741873e-01 5.056000000000000494e-01
0.000000000000000000e+00 0.000000000000000000e+00 0.000000000000000000e+00 1.000000000000000000e+00
7.651443680864736807e-01 -9.247295401583169316e-02 6.371835283190681043e-01 -5.260000000000000092e-02
5.915430718977033875e-01 -2.897907293717925103e-01 -7.523949277208035191e-01 2.479999999999999913e-02
2.542260609681458727e-01 9.526122432268810947e-01 -1.670300092165182271e-01 4.475999999999999979e-01
0.000000000000000000e+00 0.000000000000000000e+00 0.000000000000000000e+00 1.000000000000000000e+00
4.285782195597942490e-03 6.868391590857079176e-01 -7.267968090308387641e-01 -1.255000000000000004e-01
4.467445620174898546e-01 -6.515567260930146265e-01 -6.131012387777025063e-01 -4.789999999999999813e-02
-8.946512887034663297e-01 -3.220649037529388359e-01 -3.096340895183171682e-01 4.233999999999999986e-01
0.000000000000000000e+00 0.000000000000000000e+00 0.000000000000000000e+00 1.000000000000000000e+00
-5.522603442544620211e-01 8.305324845032253656e-01 7.227934939415769922e-02 1.679999999999999896e-02
-7.308508987912312183e-01 -4.406128283572969817e-01 -5.212650949593999883e-01 1.572000000000000064e-01
-4.010803858330551086e-01 -3.406994682588787016e-01 8.503284050460298005e-01 5.291000000000000147e-01
0.000000000000000000e+00 0.000000000000000000e+00 0.000000000000000000e+00 1.000000000000000000e+00
