0.000000000000000000e+00 0.000000000000000000e+00 0.000000000000000000e+00 0.000000000000000000e+00
0.000000000000000000e+00 0.000000000000000000e+00 0.000000000000000000e+00 0.000000000000000000e+00
0.000000000000000000e+00 0.000000000000000000e+00 0.000000000000000000e+00 0.000000000000000000e+00
0.000000000000000000e+00 0.000000000000000000e+00 0.000000000000000000e+00 0.000000000000000000e+00
-3.804719657569655133e-01 -9.245231706778933578e-01 2.231569296986277151e-02 9.560000000000000442e-02
8.597029671972111764e-01 -3.624830193695554037e-01 -3.598845215635719796e-01 9.080000000000000571e-02
3.408106387208901245e-01 -1.177411039035443502e-01 9.327299400074138269e-01 4.932000000000000273e-01
0.000000000000000000e+00 0.000000000000000000e+00 0.000000000000000000e+00 1.000000000000000000e+00
-3.116540960248821435e-01 3.629883981868818887e-01 -8.781293453772258673e-01 3.749999999999999861e-02
8.161845662511310606e-02 -9.105142364542035960e-01 -4.053421428279489480e-01 -7.530000000000000582e-02
-9.466837655569297905e-01 -1.979981009907431644e-01 2.541389384470852386e-01 4.037999999999999923e-01
0.000000000000000000e+00 0.000000000000000000e+00 0.000000000000000000e+00 1.000000000000000000e+00
-3.801081645938182429e-01 -7.456722956768915278e-01 -5.472573532343567582e-01 5.000000000000000104e-04
-3.059399560886419955e-01 6.597222671556000062e-01 -6.864162538049015660e-01 -3.409999999999999837e-02
8.728794455579755862e-01 -9.348453176344007076e-02 -4.788967695060928342e-01 4.144999999999999796e-01
0.000000000000000000e+00 0.000000000000000000e+00 0.000000000000000000e+00 1.000000000000000000e+00
9.211497597125600789e-01 5.352298661925342094e-02 3.855105836223541305e-01 1.760000000000000106e-02
3.720105869973533430e-01 -4.122576469355885287e-01 -8.316560320859921474e-01 6.610000000000000597e-02
1.144169713957571555e-01 9.094937726265569511e-01 -3.996621500844628194e-01 4.581000000000000072e-01
0.000000000000000000e+00 0.000000000000000000e+00 0.000000000000000000e+00 1.000000000000000000e+00
9.620641498633210054e-01 -2.688766300920761854e-01 4.623774797818553522e-02 -4.400000000000000265e-03
2.727991890722109014e-01 9.458081540898799489e-01 -1.761463542019479078e-01 5.100000000000000366e-03
3.629599056304250171e-03 1.820777126597947215e-01 9.832774443478644599e-01 4.566000000000000059e-01
0.000000000000000000e+00 0.000000000000000000e+00 0.000000000000000000e+00 1.000000000000000000e+00
7.596961898483212128e-02 9.947639733766594494e-01 -6.836120437192870491e-02 9.130000000000000615e-02
9.506891439888022211e-01 -5.158703799943054058e-02 3.058249973633355712e-01 -1.389999999999999916e-02
3.006971374874364833e-01 -8.822366339212239783e-02 -9.496303579417286755e-01 4.384000000000000119e-01
0.000000000000000000e+00 0.000000000000000000e+00 0.000000000000000000e+00 1.000000000000000000e+00
9.508434359330433239e-01 1.057863895641222296e-01 2.910429523730685419e-01 -1.506000000000000116e-01
9.571518677883535109e-03 9.293539592895453394e-01 -3.690658537213176160e-01 4.769999999999999934e-02
-3.095240642878084314e-01 3.537095674926448163e-01 8.826575754452701261e-01 4.791000000000000258e-01
0.000000000000000000e+00 0.000000000000000000e+00 0.000000000000000000e+00 1.000000000000000000e+00
4.139716093281129439e-01 -1.342384292472379448e-01 9.003374649449653599e-01 -6.759999999999999343e-02
8.409499707051575346e-01 -3.222284568506605940e-01 -4.347090617489317022e-01 -8.000000000000000383e-04
3.484690136027691065e-01 9.370959746519436084e-01 -2.050562971081126840e-02 4.338000000000000189e-01
0.000000000000000000e+00 0.000000000000000000e+00 0.000000000000000000e+00 1.000000000000000000e+00
-1.729822996702656823e-02 9.323665792273840847e-01 -3.611001705619010238e-01 -1.006999999999999978e-01
4.301008705414950950e-01 -3.190931549259699018e-01 -8.445074301856905219e-01 -9.589999999999999913e-02
-9.026150964832440060e-01 -1.699179814475706984e-01 -3.954919306146802427e-01 4.012999999999999901e-01
0.000000000000000000e+00 0.000000000000000000e+00 0.000000000000000000e+00 1.000000000000000000e+00
-1.413120283036743974e-01 9.822528480590348998e-01 1.233298550093035739e-01 -7.130000000000000226e-02
-8.815144806411059353e-01 -6.815703242104764747e-02 -4.672117714180556991e-01 1.466999999999999971e-01
-4.505142961957397940e-01 -1.747396961525072845e-01 8.755015177095849532e-01 5.189000000000000279e-01
0.000000000000000000e+00 0.000000000000000000e+00 0.000000000000000000e+00 1.000000000000000000e+00
