0.000000000000000000e+00 0.000000000000000000e+00 0.000000000000000000e+00 0.000000000000000000e+00
0.000000000000000000e+00 0.000000000000000000e+00 0.000000000000000000e+00 0.000000000000000000e+00
0.000000000000000000e+00 0.000000000000000000e+00 0.000000000000000000e+00 0.000000000000000000e+00
0.000000000000000000e+00 0.000000000000000000e+00 0.000000000000000000e+00 0.000000000000000000e+00
-9.389721850433290218e-01 3.425000165253723194e-01 -3.201522130293596446e-02 -1.188000000000000028e-01
-3.021863082575250159e-01 -8.657441552158169351e-01 -3.989617686086467385e-01 6.090000000000000274e-02
-1.643614030624109823e-01 -3.649394420856302279e-01 9.164084966834302737e-01 4.935999999999999832e-01
0.000000000000000000e+00 0.000000000000000000e+00 0.000000000000000000e+00 1.000000000000000000e+00
2.818562730642896197e-01 9.292998375010140810e-01 2.386605400037826175e-01 6.669999999999999540e-02
8.702132404851503633e-02 2.229598373080334817e-01 -9.709357342833861981e-01 8.800000000000000530e-03
-9.555021352645693966e-01 2.944328836393172999e-01 -1.802627351074548301e-02 4.501999999999999891e-01
0.000000000000000000e+00 0.000000000000000000e+00 0.000000000000000000e+00 1.000000000000000000e+00
-7.449463807345857447e-02 -6.001133626753590855e-01 7.964386359518084157e-01 2.290000000000000022e-02
-7.307244450969042626e-01 -5.106264507842384059e-01 -4.531030932330003536e-01 -2.060000000000000026e-02
6.785958548621747743e-01 -6.157309312499775755e-01 -4.004785712942824372e-01 4.297000000000000264e-01
0.000000000000000000e+00 0.000000000000000000e+00 0.000000000000000000e+00 1.000000000000000000e+00
-3.501658290874338775e-01 2.642784824608390704e-02 9.363148300526868972e-01 -8.550000000000000655e-02
8.657509631527806615e-01 -3.724596107866711137e-01 3.342889590349550910e-01 -1.600000000000000077e-03
3.575739950549290946e-01 9.276720364275961028e-01 1.075426933395950968e-01 4.395000000000000018e-01
0.000000000000000000e+00 0.000000000000000000e+00 0.000000000000000000e+00 1.000000000000000000e+00
-2.139599923110522273e-01 -9.517578527859305026e-01 -2.199502474437558808e-01 -2.970000000000000070e-02
9.245746903255480653e-01 -1.246453756841205962e-01 -3.600349598719287947e-01 -3.300000000000000155e-02
3.152503191111333258e-01 -2.803935091632461241e-01 9.066403456274430006e-01 4.497999999999999776e-01
0.000000000000000000e+00 0.000000000000000000e+00 0.000000000000000000e+00 1.000000000000000000e+00
-9.888089358908871418e-01 1.214300657495516883e-01 8.666964540363153446e-02 -1.199999999999999895e-03
1.444606892722668234e-01 9.244108560962038812e-01 3.529811303546763757e-01 5.670000000000000040e-02
-3.725583923780602380e-02 3.615512526095615575e-01 -9.316075859390282599e-01 4.812000000000000166e-01
0.000000000000000000e+00 0.000000000000000000e+00 0.000000000000000000e+00 1.000000000000000000e+00
1.498648046860443506e-01 -9.886846973147107587e-01 6.565791051544964119e-03 -8.340000000000000191e-02
9.793039216395023061e-01 1.475226504482884948e-01 -1.385673001331970133e-01 -1.655000000000000082e-01
1.360307662916930282e-01 2.719626629577758664e-02 9.903312545414609813e-01 3.927999999999999825e-01
0.000000000000000000e+00 0.000000000000000000e+00 0.000000000000000000e+00 1.000000000000000000e+00
-8.930970174067853762e-01 -7.477128611888270160e-02 4.436067766290678893e-01 -1.789999999999999925e-02
4.112759545991332422e-01 -5.352835744117259154e-01 7.377828841424673989e-01 -8.300000000000000433e-02
1.822904459034406788e-01 8.413564938461781662e-01 5.088117958491042980e-01 4.060000000000000275e-01
0.000000000000000000e+00 0.000000000000000000e+00 0.000000000000000000e+00 1.000000000000000000e+00
-4.397310748004534808e-02 3.968551771428698860e-01 9.168273197246302741e-01 8.089999999999999969e-02
4.062244578836736730e-01 8.455256801774958531e-01 -3.465083173280236184e-01 -1.195999999999999980e-01
-9.127146627701691051e-01 3.572006334474845946e-01 -1.983926708047751841e-01 3.968999999999999750e-01
0.000000000000000000e+00 0.000000000000000000e+00 0.000000000000000000e+00 1.000000000000000000e+00
9.810382654429217197e-01 1.700189680751839072e-01 9.304553848193433674e-02 -1.867999999999999938e-01
-1.341402211022581503e-01 9.421391998813002377e-01 -3.072134911257326517e-01 -8.890000000000000679e-02
-1.398939699178660956e-01 2.889070413501078627e-01 9.470809884265158907e-01 4.260999999999999788e-01
0.000000000000000000e+00 0.000000000000000000e+00 0.000000000000000000e+00 1.000000000000000000e+00
