0.000000000000000000e+00 0.000000000000000000e+00 0.000000000000000000e+00 0.000000000000000000e+00
0.000000000000000000e+00 0.000000000000000000e+00 0.000000000000000000e+00 0.000000000000000000e+00
0.000000000000000000e+00 0.000000000000000000e+00 0.000000000000000000e+00 0.000000000000000000e+00
0.000000000000000000e+00 0.000000000000000000e+00 0.000000000000000000e+00 0.000000000000000000e+00
-9.972431297930199889e-01 6.692820101893412477e-02 -3.204303339246712679e-02 -8.870000000000000107e-02
-3.381607713332299842e-02 -7.942868441676498303e-01 -6.066010897694698034e-01 6.140000000000000319e-02
-6.605007954525692060e-02 -6.038451996087774720e-01 7.943603476392190332e-01 5.168000000000000371e-01
0.000000000000000000e+00 0.000000000000000000e+00 0.000000000000000000e+00 1.000000000000000000e+00
1.878586503443915312e-01 9.819628498943758776e-01 -2.140301189316773378e-02 7.119999999999999940e-02
2.682112770074441821e-01 -7.224972717127164934e-02 -9.606470151984614070e-01 -1.729999999999999941e-02
-9.448660425567317889e-01 1.747253225808790833e-01 -2.769462461781855289e-01 4.319000000000000061e-01
0.000000000000000000e+00 0.000000000000000000e+00 0.000000000000000000e+00 1.000000000000000000e+00
-1.837077935503927950e-01 -7.749421488634713473e-01 6.047446671974144872e-01 1.959999999999999937e-02
-8.471166791953628206e-01 -1.872738819663612997e-01 -4.973146136624882474e-01 -2.989999999999999949e-02
4.986429367973307381e-01 -6.036498646136805313e-01 -6.220627480680853694e-01 4.129999999999999782e-01
0.000000000000000000e+00 0.000000000000000000e+00 0.000000000000000000e+00 1.000000000000000000e+00
-7.515883545660773102e-02 3.204410947343783178e-02 9.966565729983730693e-01 -7.860000000000000320e-02
7.979223928592575898e-01 -5.975099944975355015e-01 7.938300478888526968e-02 9.299999999999999239e-03
5.980560211439757134e-01 8.012209317807479358e-01 1.933944285202893187e-02 4.450999999999999956e-01
0.000000000000000000e+00 0.000000000000000000e+00 0.000000000000000000e+00 1.000000000000000000e+00
6.614595156405089771e-02 -9.768101042336592155e-01 -2.036338217455893052e-01 -3.200000000000000067e-02
8.343324787878123594e-01 1.660790247378443052e-01 -5.256491913642703517e-01 -3.520000000000000212e-02
5.472787479260190491e-01 -1.351287453103693359e-01 8.259698506963643050e-01 4.383000000000000229e-01
0.000000000000000000e+00 0.000000000000000000e+00 0.000000000000000000e+00 1.000000000000000000e+00
-9.167142634705855997e-01 3.931840416751795075e-01 7.100189097166784147e-02 2.170000000000000054e-02
3.637896476276450963e-01 7.479168260477071506e-01 5.552274431200943106e-01 3.470000000000000168e-02
1.652030611960193518e-01 5.348146694759732256e-01 -8.286623063014086910e-01 4.839999999999999858e-01
0.000000000000000000e+00 0.000000000000000000e+00 0.000000000000000000e+00 1.000000000000000000e+00
4.100245631892757148e-01 -9.085735065451422399e-01 7.983759005448580470e-02 -1.237000000000000044e-01
8.518433441816960494e-01 3.501954800271777080e-01 -3.895202725685519285e-01 -1.330999999999999961e-01
3.259490367446851167e-01 2.277219993167085565e-01 9.175510429793063416e-01 3.629999999999999893e-01
0.000000000000000000e+00 0.000000000000000000e+00 0.000000000000000000e+00 1.000000000000000000e+00
-7.322179173766356630e-01 -1.163064244215024079e-01 6.710661197757699092e-01 -3.830000000000000071e-02
5.364027540421543172e-01 -7.056316748144917383e-01 4.629859878597709089e-01 -7.330000000000000404e-02
4.196772652034115869e-01 6.989683505973509625e-01 5.790632417401437859e-01 3.830000000000000071e-01
0.000000000000000000e+00 0.000000000000000000e+00 0.000000000000000000e+00 1.000000000000000000e+00
-3.881905436783550378e-02 6.371601187795065124e-01 7.697532488108589366e-01 4.630000000000000088e-02
6.292230721259629567e-01 6.140130426422811816e-01 -4.765147521006388165e-01 -1.272999999999999965e-01
-7.762547304347666710e-01 4.658486519268390524e-01 -4.247512530594754754e-01 3.492999999999999994e-01
0.000000000000000000e+00 0.000000000000000000e+00 0.000000000000000000e+00 1.000000000000000000e+00
8.923282251054193148e-01 4.365160362250903869e-01 1.149090457646729235e-01 -1.998999999999999944e-01
-3.064179026828933727e-01 7.727154262262312390e-01 -5.558947193376014839e-01 -4.680000000000000132e-02
-3.314489517190076229e-01 4.608303594494934652e-01 8.232721131035726225e-01 4.299000000000000044e-01
0.000000000000000000e+00 0.000000000000000000e+00 0.000000000000000000e+00 1.000000000000000000e+00
