0.000000000000000000e+00 0.000000000000000000e+00 0.000000000000000000e+00 0.000000000000000000e+00
0.000000000000000000e+00 0.000000000000000000e+00 0.000000000000000000e+00 0.000000000000000000e+00
0.000000000000000000e+00 0.000000000000000000e+00 0.000000000000000000e+00 0.000000000000000000e+00
0.000000000000000000e+00 0.000000000000000000e+00 0.000000000000000000e+00 0.000000000000000000e+00
-7.602254465922626547e-01 6.488731500050406442e-01 -3.195161273130542323e-02 -1.439000000000000001e-01
-5.708636039237593440e-01 -6.906881361403589548e-01 -4.439196372206738461e-01 1.370000000000000037e-02
-3.101161331965374135e-01 -3.192389916621926060e-01 8.954967616545209674e-01 4.808000000000000052e-01
0.000000000000000000e+00 0.000000000000000000e+00 0.000000000000000000e+00 1.000000000000000000e+00
3.711309801002763420e-01 7.581153173568335735e-01 5.362116757389341348e-01 5.260000000000000092e-02
2.292138005288585356e-01 4.847904916095867600e-01 -8.440611428635083069e-01 2.520000000000000018e-02
-8.998460030788184572e-01 4.361643552995622120e-01 6.150277163859296792e-03 4.656000000000000139e-01
0.000000000000000000e+00 0.000000000000000000e+00 0.000000000000000000e+00 1.000000000000000000e+00
6.806840044180972882e-02 -3.124172871592230671e-01 9.475031037127873423e-01 2.390000000000000110e-02
-7.571039192681474628e-01 -6.346704148421091762e-01 -1.548777580963633937e-01 -1.510000000000000057e-02
6.497386769233489678e-01 -7.068160320820522369e-01 -2.797333525014122912e-01 4.383000000000000229e-01
0.000000000000000000e+00 0.000000000000000000e+00 0.000000000000000000e+00 1.000000000000000000e+00
-6.550365301058542755e-01 1.283412312075604689e-02 7.554882060698260293e-01 -8.519999999999999796e-02
6.886410314211531825e-01 -4.013521938293960201e-01 6.038956419378611606e-01 -3.169999999999999901e-02
3.109673199390779463e-01 9.158338832954655562e-01 2.540622446131161061e-01 4.315999999999999837e-01
0.000000000000000000e+00 0.000000000000000000e+00 0.000000000000000000e+00 1.000000000000000000e+00
-5.402262870859848576e-01 -8.125174209577863405e-01 -2.190228284480821852e-01 -2.429999999999999868e-02
7.897490197141119328e-01 -3.996376090798816616e-01 -4.653882973061467809e-01 -4.460000000000000075e-02
2.906063395762212842e-01 -4.243880559688531506e-01 8.575795784351953888e-01 4.497999999999999776e-01
0.000000000000000000e+00 0.000000000000000000e+00 0.000000000000000000e+00 1.000000000000000000e+00
-9.675040396221477046e-01 -2.323670100747999290e-01 9.970710076881972306e-02 -3.080000000000000099e-02
-1.710769954351384903e-01 8.919212497135198259e-01 4.185799158372968676e-01 4.750000000000000056e-02
-1.861950454435116198e-01 3.879201682542050000e-01 -9.026900620445081902e-01 4.863999999999999990e-01
0.000000000000000000e+00 0.000000000000000000e+00 0.000000000000000000e+00 1.000000000000000000e+00
-1.913452302977625141e-01 -9.774457685791753114e-01 -8.936874357940487179e-02 -2.429999999999999868e-02
9.667145828417555986e-01 -1.719191879229398090e-01 -1.894906545057228886e-01 -1.836000000000000132e-01
1.698526366100525653e-01 -1.226522005941275001e-01 9.778069950281759182e-01 3.836999999999999855e-01
0.000000000000000000e+00 0.000000000000000000e+00 0.000000000000000000e+00 1.000000000000000000e+00
-9.939538339430742386e-01 -1.776993951433820246e-02 1.083513047430460924e-01 8.800000000000000530e-03
9.841250164083306662e-02 -5.817858299987144211e-01 8.073662288785057317e-01 -8.559999999999999554e-02
4.869040470828632505e-02 8.131478815457637843e-01 5.800170404625881737e-01 4.077000000000000068e-01
0.000000000000000000e+00 0.000000000000000000e+00 0.000000000000000000e+00 1.000000000000000000e+00
-4.246467159027456084e-02 5.165208111662750179e-02 9.977619025514311568e-01 1.145000000000000046e-01
4.268748533626671726e-01 9.038576096023250850e-01 -2.862308736968038891e-02 -8.880000000000000393e-02
-9.033131302230316129e-01 4.247039958374447255e-01 -6.043099110867022894e-02 4.134999999999999787e-01
0.000000000000000000e+00 0.000000000000000000e+00 0.000000000000000000e+00 1.000000000000000000e+00
9.819147919362373189e-01 -1.821064198097629150e-01 5.177444582886575608e-02 -1.504000000000000059e-01
1.890515352259867499e-01 9.284786672040796773e-01 -3.196668290198928508e-01 -1.454000000000000015e-01
1.014191330633721494e-02 3.236736263754066423e-01 9.461144355644725001e-01 4.017000000000000015e-01
0.000000000000000000e+00 0.000000000000000000e+00 0.000000000000000000e+00 1.000000000000000000e+00
