0.000000000000000000e+00 0.000000000000000000e+00 0.000000000000000000e+00 0.000000000000000000e+00
0.000000000000000000e+00 0.000000000000000000e+00 0.000000000000000000e+00 0.000000000000000000e+00
0.000000000000000000e+00 0.000000000000000000e+00 0.000000000000000000e+00 0.000000000000000000e+00
0.000000000000000000e+00 0.000000000000000000e+00 0.000000000000000000e+00 0.000000000000000000e+00
-7.492583658426912319e-01 -6.622752575357346849e-01 1.839693103686812492e-03 2.989999999999999949e-02
6.185747764367683921e-01 -7.008052342274753155e-01 -3.552988455308782600e-01 1.161999999999999977e-01
2.365949009825475957e-01 -2.650726446379352841e-01 9.347509539410534529e-01 5.042999999999999705e-01
0.000000000000000000e+00 0.000000000000000000e+00 0.000000000000000000e+00 1.000000000000000000e+00
-1.465152281528794287e-01 7.292309896216208065e-01 -6.683976748125186607e-01 6.079999999999999988e-02
-1.537242189076737375e-02 -6.772863158450292964e-01 -7.355589269489424264e-01 -5.569999999999999951e-02
-9.890889629171493169e-01 -9.749569295378551770e-02 1.104428055191428726e-01 4.122000000000000108e-01
0.000000000000000000e+00 0.000000000000000000e+00 0.000000000000000000e+00 1.000000000000000000e+00
-3.704979364987079915e-01 -9.198239183430645394e-01 -1.290551753871599372e-01 8.999999999999999320e-03
-4.667270304119317537e-01 3.044929950395609541e-01 -8.303311960023527227e-01 -3.339999999999999913e-02
8.030548911083594810e-01 -2.474024559616358476e-01 -5.421207122505942166e-01 4.147000000000000131e-01
0.000000000000000000e+00 0.000000000000000000e+00 0.000000000000000000e+00 1.000000000000000000e+00
6.558476006491440469e-01 5.505725669656458265e-02 7.528828748270274263e-01 -2.400000000000000050e-02
7.083128975012260575e-01 -3.897958566122483592e-01 -5.885168046889917015e-01 6.339999999999999802e-02
2.610685043358896840e-01 9.192539848447607298e-01 -2.946444423213332442e-01 4.567999999999999838e-01
0.000000000000000000e+00 0.000000000000000000e+00 0.000000000000000000e+00 1.000000000000000000e+00
7.522099750365504045e-01 -6.561863082160679372e-01 -5.999735298560867486e-02 -1.870000000000000134e-02
6.384924689080802018e-01 7.483568052208179333e-01 -1.796926799492819526e-01 -1.100000000000000066e-03
1.628113036713865758e-01 9.685876826316940080e-02 9.818914697701397465e-01 4.536999999999999922e-01
0.000000000000000000e+00 0.000000000000000000e+00 0.000000000000000000e+00 1.000000000000000000e+00
-3.696543756403218861e-01 9.289898013857658121e-01 -1.826448715948666979e-02 7.810000000000000275e-02
8.878193030086694026e-01 3.589344348630492121e-01 2.879981886657341783e-01 2.089999999999999844e-02
2.741031334646945039e-01 9.024422635702931961e-02 -9.574567623835852359e-01 4.534000000000000252e-01
0.000000000000000000e+00 0.000000000000000000e+00 0.000000000000000000e+00 1.000000000000000000e+00
9.037745051705692312e-01 -3.433174080527751637e-01 2.555871693407497647e-01 -1.711000000000000021e-01
4.052863064354986222e-01 8.784378616538484064e-01 -2.531598961701584938e-01 -2.239999999999999977e-02
-1.376032471257997436e-01 3.323854397246344683e-01 9.330515879840178828e-01 4.485999999999999988e-01
0.000000000000000000e+00 0.000000000000000000e+00 0.000000000000000000e+00 1.000000000000000000e+00
-3.040818108478182680e-02 -1.546504977144528836e-01 9.875011726979301407e-01 -6.900000000000000577e-02
9.226524997589600208e-01 -3.843209909224254428e-01 -3.177641617532184215e-02 -3.130000000000000143e-02
3.844316678054207626e-01 9.101541624873650260e-01 1.543751705918591233e-01 4.204999999999999849e-01
0.000000000000000000e+00 0.000000000000000000e+00 0.000000000000000000e+00 1.000000000000000000e+00
-3.121215705068625113e-02 9.956820347905768198e-01 8.742474962812218919e-02 -5.460000000000000270e-02
4.204305428439416015e-01 9.243161714992531586e-02 -9.026043179572089681e-01 -1.302999999999999992e-01
-9.067877149014492710e-01 8.583807217439287651e-03 -4.215001285378949802e-01 3.861999999999999877e-01
0.000000000000000000e+00 0.000000000000000000e+00 0.000000000000000000e+00 1.000000000000000000e+00
3.091476988192027875e-01 9.397382619104336365e-01 1.460126686844285260e-01 -1.469000000000000028e-01
-8.453353534085422671e-01 3.418769853039569373e-01 -4.105219448423345074e-01 9.869999999999999607e-02
-4.357015499082442789e-01 3.482243678315594115e-03 9.000844590295504766e-01 4.980999999999999872e-01
0.000000000000000000e+00 0.000000000000000000e+00 0.000000000000000000e+00 1.000000000000000000e+00
