0.000000000000000000e+00 0.000000000000000000e+00 0.000000000000000000e+00 0.000000000000000000e+00
0.000000000000000000e+00 0.000000000000000000e+00 0.000000000000000000e+00 0.000000000000000000e+00
0.000000000000000000e+00 0.000000000000000000e+00 0.000000000000000000e+00 0.000000000000000000e+00
0.000000000000000000e+00 0.000000000000000000e+00 0.000000000000000000e+00 0.000000000000000000e+00
-5.802827654214903763e-01 -8.143015627770117115e-01 1.359694869093189262e-02 6.429999999999999605e-02
7.715346045081145077e-01 -5.549991211623652720e-01 -3.109828444713782503e-01 1.118999999999999995e-01
2.607801108238406718e-01 -1.699674685577173827e-01 9.503182590220955461e-01 4.964000000000000079e-01
0.000000000000000000e+00 0.000000000000000000e+00 0.000000000000000000e+00 1.000000000000000000e+00
-2.361040987079419118e-01 5.613588635777677638e-01 -7.931778368411382951e-01 5.040000000000000036e-02
-2.274369734003567345e-02 -8.192239748054908066e-01 -5.730225155569345086e-01 -6.600000000000000311e-02
-9.714615683621329323e-01 -1.172531679169886987e-01 2.061895143037474343e-01 4.121000000000000218e-01
0.000000000000000000e+00 0.000000000000000000e+00 0.000000000000000000e+00 1.000000000000000000e+00
-3.841504896454519535e-01 -8.555620183526215783e-01 -3.470475962422843730e-01 4.799999999999999580e-03
-3.461752836218395246e-01 4.819394941208740013e-01 -8.049204911144050012e-01 -3.309999999999999748e-02
8.559153429600956375e-01 -1.890713007278060909e-01 -4.813117170053073934e-01 4.177000000000000157e-01
0.000000000000000000e+00 0.000000000000000000e+00 0.000000000000000000e+00 1.000000000000000000e+00
8.092313868424667600e-01 5.681923615633277524e-02 5.847359548989857769e-01 -3.399999999999999811e-03
5.635056327966850853e-01 -3.565580332091489169e-01 -7.452031741481184302e-01 6.990000000000000380e-02
1.661504268890852398e-01 9.325438023796170928e-01 -3.205559113289606632e-01 4.566000000000000059e-01
0.000000000000000000e+00 0.000000000000000000e+00 0.000000000000000000e+00 1.000000000000000000e+00
8.796706786573883496e-01 -4.755434267657816516e-01 -6.160062524634621339e-03 -1.200000000000000025e-02
4.711660223351267218e-01 8.731883128613755485e-01 -1.246785854876426847e-01 5.700000000000000205e-03
6.466897639011034982e-02 1.067736837528900640e-01 9.921780606073151709e-01 4.568999999999999728e-01
0.000000000000000000e+00 0.000000000000000000e+00 0.000000000000000000e+00 1.000000000000000000e+00
-1.513910511551486149e-01 9.874328976634523247e-01 -4.535440708571675250e-02 8.690000000000000502e-02
9.558344689449898013e-01 1.579313943061168013e-01 2.478671875605461539e-01 6.700000000000000226e-03
2.519150999975749983e-01 -5.826431539429466344e-03 -9.677317991513598727e-01 4.475000000000000089e-01
0.000000000000000000e+00 0.000000000000000000e+00 0.000000000000000000e+00 1.000000000000000000e+00
9.516451486239045909e-01 -1.225444140318586866e-01 2.816990906804188177e-01 -1.652000000000000135e-01
1.998317284476023858e-01 9.434045305439486828e-01 -2.646793759528600076e-01 1.689999999999999836e-02
-2.333212193655565259e-01 3.081732602591277792e-01 9.222746067495459776e-01 4.652999999999999914e-01
0.000000000000000000e+00 0.000000000000000000e+00 0.000000000000000000e+00 1.000000000000000000e+00
1.963760973556747391e-01 -1.470697196591690403e-01 9.694363960295322435e-01 -7.030000000000000138e-02
9.224912244744984946e-01 -3.073889448738045260e-01 -2.334994161382632494e-01 -1.439999999999999961e-02
3.323347245698153873e-01 9.401502720994887596e-01 7.530668440691157262e-02 4.294999999999999929e-01
0.000000000000000000e+00 0.000000000000000000e+00 0.000000000000000000e+00 1.000000000000000000e+00
-2.615981832616975922e-02 9.898226122942116456e-01 -1.398815931286331304e-01 -7.969999999999999307e-02
3.817163643317856847e-01 -1.194356272000063335e-01 -9.165302767266689798e-01 -1.155000000000000054e-01
-9.239092385653827622e-01 -7.737135869560379797e-02 -3.747070745891130095e-01 3.997999999999999887e-01
0.000000000000000000e+00 0.000000000000000000e+00 0.000000000000000000e+00 1.000000000000000000e+00
8.662284553669163945e-02 9.863980779733878546e-01 1.396972240294446499e-01 -1.121000000000000052e-01
-9.078741586041150224e-01 1.358959321511973295e-01 -3.966066158848431944e-01 1.320000000000000062e-01
-4.101962880987550797e-01 -9.247230609843976046e-02 9.072970174286034695e-01 5.057000000000000384e-01
0.000000000000000000e+00 0.000000000000000000e+00 0.000000000000000000e+00 1.000000000000000000e+00
