0.000000000000000000e+00 0.000000000000000000e+00 0.000000000000000000e+00 0.000000000000000000e+00
0.000000000000000000e+00 0.000000000000000000e+00 0.000000000000000000e+00 0.000000000000000000e+00
0.000000000000000000e+00 0.000000000000000000e+00 0.000000000000000000e+00 0.000000000000000000e+00
0.000000000000000000e+00 0.000000000000000000e+00 0.000000000000000000e+00 0.000000000000000000e+00
6.310974501544126536e-01 -7.742290109813145804e-01 4.780634856893199724e-02 1.592999999999999972e-01
7.199203782180640943e-01 5.616513069902224764e-01 -4.077529379201757509e-01 -4.519999999999999712e-02
2.888436556944921074e-01 2.917486039573635725e-01 9.118399501304881305e-01 4.451999999999999846e-01
0.000000000000000000e+00 0.000000000000000000e+00 0.000000000000000000e+00 1.000000000000000000e+00
-4.148871012788268864e-01 -6.301673169334791602e-01 -6.563214500999587919e-01 -3.370000000000000079e-02
4.862328660523840829e-01 -7.632518886493699917e-01 4.254693343164159813e-01 -7.409999999999999920e-02
-7.690554551935360195e-01 -1.426033209361897702e-01 6.230714242324335572e-01 4.151000000000000245e-01
0.000000000000000000e+00 0.000000000000000000e+00 0.000000000000000000e+00 1.000000000000000000e+00
-1.216009258993084874e-01 1.433009960166831964e-01 -9.821802478980411477e-01 -1.430000000000000021e-02
-4.280504495136153859e-02 9.878457617734071050e-01 1.494271697952847533e-01 -2.340000000000000066e-02
9.916556574472527030e-01 6.021275186323486739e-02 -1.139889537012850340e-01 4.307000000000000273e-01
0.000000000000000000e+00 0.000000000000000000e+00 0.000000000000000000e+00 1.000000000000000000e+00
7.791087397771085943e-01 1.234678842942121824e-02 -6.267672043258205594e-01 8.980000000000000482e-02
-5.529802101593219721e-01 -4.574303537682888887e-01 -6.963981322659975604e-01 1.060000000000000005e-02
-2.953006244068538955e-01 8.891597315819566028e-01 -3.495604567997143697e-01 4.456999999999999851e-01
0.000000000000000000e+00 0.000000000000000000e+00 0.000000000000000000e+00 1.000000000000000000e+00
6.798099254422138582e-01 6.979510576854429660e-01 2.252171981577407167e-01 2.970000000000000070e-02
-6.192040093872034356e-01 7.107918447523102756e-01 -3.337084778551777653e-01 -5.799999999999999600e-03
-3.929947328261076955e-01 8.740294336793777430e-02 9.153774442608673123e-01 4.636000000000000121e-01
0.000000000000000000e+00 0.000000000000000000e+00 0.000000000000000000e+00 1.000000000000000000e+00
9.078419555005827757e-01 4.020026162599582564e-01 -1.192345602290990070e-01 5.360000000000000181e-02
4.132055083946049034e-01 -8.093339336115914495e-01 4.174204016781460913e-01 -8.959999999999999909e-02
7.130351790223249386e-02 -4.282201308029989217e-01 -9.008569963705834738e-01 4.161000000000000254e-01
0.000000000000000000e+00 0.000000000000000000e+00 0.000000000000000000e+00 1.000000000000000000e+00
3.524317148434767955e-01 9.235515731501883208e-01 1.511435678561902363e-01 2.099999999999999870e-03
-6.951846870222867514e-01 3.664880620340343897e-01 -6.183888350514286092e-01 1.307999999999999996e-01
-6.265062947027839613e-01 1.128671436616975332e-01 7.712009275016713516e-01 5.286999999999999478e-01
0.000000000000000000e+00 0.000000000000000000e+00 0.000000000000000000e+00 1.000000000000000000e+00
9.973995515510939436e-01 5.160296453643208048e-03 7.188536642590868941e-02 -1.319999999999999993e-02
7.072781376228254313e-02 -2.617086830929928887e-01 -9.625518903176799590e-01 4.619999999999999801e-02
1.384597147492792890e-02 9.651331185563167825e-01 -2.613930996405098295e-01 4.665000000000000258e-01
0.000000000000000000e+00 0.000000000000000000e+00 0.000000000000000000e+00 1.000000000000000000e+00
2.179182610050245383e-02 1.277804771116812232e-01 -9.915630418608372132e-01 -1.170000000000000068e-01
4.370923364291068869e-01 -8.932077753576157519e-01 -1.054995709737392151e-01 2.580000000000000002e-02
-8.991526042614510494e-01 -4.311055783793683593e-01 -7.531649580298038771e-02 4.662999999999999923e-01
0.000000000000000000e+00 0.000000000000000000e+00 0.000000000000000000e+00 1.000000000000000000e+00
-9.359209984660532555e-01 3.520521517200732586e-01 -1.054358096535980283e-02 1.338000000000000023e-01
-2.915056246259087325e-01 -7.910665054276175834e-01 -5.378087529986811388e-01 1.149000000000000021e-01
-1.976774024560354337e-01 -5.002729919352074672e-01 8.430009360009218522e-01 5.182999999999999829e-01
0.000000000000000000e+00 0.000000000000000000e+00 0.000000000000000000e+00 1.000000000000000000e+00
