0.000000000000000000e+00 0.000000000000000000e+00 0.000000000000000000e+00 0.000000000000000000e+00
0.000000000000000000e+00 0.000000000000000000e+00 0.000000000000000000e+00 0.000000000000000000e+00
0.000000000000000000e+00 0.000000000000000000e+00 0.000000000000000000e+00 0.000000000000000000e+00
0.000000000000000000e+00 0.000000000000000000e+00 0.000000000000000000e+00 0.000000000000000000e+00
6.250170822311257313e-01 -7.791225766106441020e-01 4.818358159042576694e-02 1.587000000000000077e-01
7.663883770469451795e-01 6.007300845084698748e-01 -2.275350985975480578e-01 -3.710000000000000103e-02
1.483324052479413901e-01 1.791406603260064512e-01 9.725770516372072017e-01 4.551000000000000045e-01
0.000000000000000000e+00 0.000000000000000000e+00 0.000000000000000000e+00 1.000000000000000000e+00
-4.161789023504562923e-01 -6.241501436424339300e-01 -6.612349956176690746e-01 -3.389999999999999958e-02
3.288624253067894410e-01 -7.812973453933382828e-01 5.304940747102262488e-01 -7.259999999999999787e-02
-8.477290996891082564e-01 3.325097359771989058e-03 5.304190016089564974e-01 4.307000000000000273e-01
0.000000000000000000e+00 0.000000000000000000e+00 0.000000000000000000e+00 1.000000000000000000e+00
-1.241467474357811351e-01 1.360231793111038312e-01 -9.828963728650217391e-01 -1.490000000000000005e-02
1.446706899887142683e-01 9.824559131528850520e-01 1.176892950489558248e-01 -1.969999999999999876e-02
9.816608256212049355e-01 -1.275855532614494081e-01 -1.416472733223770319e-01 4.364000000000000101e-01
0.000000000000000000e+00 0.000000000000000000e+00 0.000000000000000000e+00 1.000000000000000000e+00
7.840490549453591473e-01 1.293998069824636721e-02 -6.205639663554581853e-01 8.890000000000000679e-02
-5.927612094332257442e-01 -2.809638113070445087e-01 -7.547804219288407612e-01 1.729999999999999941e-02
-1.841228612382195540e-01 9.596311237321080156e-01 -2.126190921203992001e-01 4.447999999999999732e-01
0.000000000000000000e+00 0.000000000000000000e+00 0.000000000000000000e+00 1.000000000000000000e+00
6.853983860393647598e-01 6.925819963884630726e-01 2.248537984851595450e-01 2.889999999999999861e-02
-6.771745702061794381e-01 7.197731109542582217e-01 -1.528439407150479767e-01 4.000000000000000083e-03
-2.677006796418530121e-01 -4.750628406642458390e-02 9.623302442994765560e-01 4.653999999999999804e-01
0.000000000000000000e+00 0.000000000000000000e+00 0.000000000000000000e+00 1.000000000000000000e+00
9.046527187044739460e-01 4.090555855204540681e-01 -1.194863443876426345e-01 5.349999999999999895e-02
4.260981758068251857e-01 -8.726145552889474910e-01 2.387135992606379542e-01 -8.699999999999999400e-02
-6.618392153669515332e-03 -2.668658199402670350e-01 -9.637109686171001499e-01 4.346999999999999753e-01
0.000000000000000000e+00 0.000000000000000000e+00 0.000000000000000000e+00 1.000000000000000000e+00
3.592540062088945829e-01 9.205783486557955753e-01 1.532059496528373754e-01 1.000000000000000048e-04
-7.984293326444805716e-01 3.881812793705473608e-01 -4.602454726764124704e-01 1.504000000000000059e-01
-4.831636987561759300e-01 4.302090576002870481e-02 8.744724363133682399e-01 5.034999999999999476e-01
0.000000000000000000e+00 0.000000000000000000e+00 0.000000000000000000e+00 1.000000000000000000e+00
9.968294591000224081e-01 4.237954669615247305e-03 7.945482496724207144e-02 -1.439999999999999961e-02
7.954968619095187377e-02 -7.436795934667572716e-02 -9.940529432829684486e-01 5.539999999999999786e-02
1.696141880230254972e-03 9.972218641620477220e-01 -7.446930065397849852e-02 4.583999999999999742e-01
0.000000000000000000e+00 0.000000000000000000e+00 0.000000000000000000e+00 1.000000000000000000e+00
2.106896027528681881e-02 1.355239628671302543e-01 -9.905500261984283572e-01 -1.180999999999999966e-01
2.592395833922904180e-01 -9.576237846490189831e-01 -1.255050814791221214e-01 3.459999999999999881e-02
-9.655832109743365255e-01 -2.541455145448726638e-01 -5.530931315078713162e-02 4.618999999999999773e-01
0.000000000000000000e+00 0.000000000000000000e+00 0.000000000000000000e+00 1.000000000000000000e+00
-9.332156555894706162e-01 3.592004492732082666e-01 -9.142067853633029095e-03 1.318000000000000005e-01
-3.307666506533345485e-01 -8.687263721483411416e-01 -3.686569043834085901e-01 1.337000000000000133e-01
-1.403636811226111059e-01 -3.410125035477555855e-01 9.295205804315480602e-01 4.964999999999999969e-01
0.000000000000000000e+00 0.000000000000000000e+00 0.000000000000000000e+00 1.000000000000000000e+00
