0.000000000000000000e+00 0.000000000000000000e+00 0.000000000000000000e+00 0.000000000000000000e+00
0.000000000000000000e+00 0.000000000000000000e+00 0.000000000000000000e+00 0.000000000000000000e+00
0.000000000000000000e+00 0.000000000000000000e+00 0.000000000000000000e+00 0.000000000000000000e+00
0.000000000000000000e+00 0.000000000000000000e+00 0.000000000000000000e+00 0.000000000000000000e+00
4.508595569412880977e-01 -8.913607006155443990e-01 4.692292950009580021e-02 1.602000000000000091e-01
8.151866701286643035e-01 3.897770366449262447e-01 -4.284210015263489324e-01 -1.660000000000000017e-02
3.635881636676935869e-01 2.314086495843777347e-01 9.023600634659587616e-01 4.552999999999999825e-01
0.000000000000000000e+00 0.000000000000000000e+00 0.000000000000000000e+00 1.000000000000000000e+00
-4.331049074515891384e-01 -4.542588956388489696e-01 -7.785043319560421837e-01 -2.009999999999999981e-02
4.290127528867623830e-01 -8.634973113055561811e-01 2.651800355015382915e-01 -8.060000000000000497e-02
-7.926967875561702348e-01 -2.191375118528287591e-01 5.688677824390121485e-01 4.064999999999999725e-01
0.000000000000000000e+00 0.000000000000000000e+00 0.000000000000000000e+00 1.000000000000000000e+00
-1.967518291256786789e-01 -5.800292560905553896e-02 -9.787361127272712347e-01 -1.239999999999999956e-02
-1.062509942802658813e-01 9.936309661266088389e-01 -3.752638230307731027e-02 -2.790000000000000119e-02
9.746791492333025664e-01 9.660830075667503625e-02 -2.016615785784519055e-01 4.249999999999999889e-01
0.000000000000000000e+00 0.000000000000000000e+00 0.000000000000000000e+00 1.000000000000000000e+00
8.948269950257468075e-01 2.365990952841726114e-02 -4.457856633566172899e-01 8.140000000000000013e-02
-3.801429910320737182e-01 -4.831513365418333983e-01 -7.887053267013156566e-01 2.489999999999999852e-02
-2.340426357362712650e-01 8.752171128805398270e-01 -4.233427098447211101e-01 4.505000000000000115e-01
0.000000000000000000e+00 0.000000000000000000e+00 0.000000000000000000e+00 1.000000000000000000e+00
8.193217258322289531e-01 5.353770924983887181e-01 2.051420932116798101e-01 2.429999999999999868e-02
-4.600873121871402738e-01 8.274551339313859222e-01 -3.219280455241592676e-01 -3.500000000000000073e-03
-3.420987792198487143e-01 1.693793675704450274e-01 9.242721758755508832e-01 4.622999999999999887e-01
0.000000000000000000e+00 0.000000000000000000e+00 0.000000000000000000e+00 1.000000000000000000e+00
8.000986950939790177e-01 5.878834232301747287e-01 -1.193111847233242206e-01 6.809999999999999387e-02
5.765132876080197866e-01 -6.986264266094037723e-01 4.237375900889229774e-01 -7.920000000000000651e-02
1.657543583749901128e-01 -4.078163762456660235e-01 -8.978926973450382931e-01 4.153000000000000025e-01
0.000000000000000000e+00 0.000000000000000000e+00 0.000000000000000000e+00 1.000000000000000000e+00
5.345415191290806556e-01 8.209050114098621620e-01 2.009485669751060744e-01 -3.500000000000000333e-02
-5.880220295685472109e-01 5.320321394034073226e-01 -6.092387835519994521e-01 1.223999999999999949e-01
-6.070382665608992090e-01 2.075012406806459875e-01 7.671034989144107641e-01 5.279000000000000359e-01
0.000000000000000000e+00 0.000000000000000000e+00 0.000000000000000000e+00 1.000000000000000000e+00
9.593278206457144242e-01 -2.813866184534759285e-02 2.808884978860777260e-01 -2.809999999999999998e-02
2.604342533303199980e-01 -2.957064997213731949e-01 -9.190928493437493518e-01 3.910000000000000281e-02
1.089225974140472231e-01 9.548643263480347532e-01 -2.763512005410699857e-01 4.623999999999999777e-01
0.000000000000000000e+00 0.000000000000000000e+00 0.000000000000000000e+00 1.000000000000000000e+00
1.425910941984920299e-02 3.367884702999350832e-01 -9.414723596960148377e-01 -1.255000000000000004e-01
4.700813128223673143e-01 -8.332837165883926200e-01 -2.909670204745454791e-01 -8.999999999999999754e-04
-8.825079246860916271e-01 -4.384196322493606468e-01 -1.701998499546426569e-01 4.521000000000000019e-01
0.000000000000000000e+00 0.000000000000000000e+00 0.000000000000000000e+00 1.000000000000000000e+00
-8.400441453729212693e-01 5.421082195656286018e-01 2.108345569547215304e-02 9.769999999999999518e-02
-4.576488728799467109e-01 -6.872258527240198145e-01 -5.641614454209527008e-01 1.323999999999999899e-01
-2.913474609060342502e-01 -4.835693390064432218e-01 8.253952697928904625e-01 5.293999999999999817e-01
0.000000000000000000e+00 0.000000000000000000e+00 0.000000000000000000e+00 1.000000000000000000e+00
