0.000000000000000000e+00 0.000000000000000000e+00 0.000000000000000000e+00 0.000000000000000000e+00
0.000000000000000000e+00 0.000000000000000000e+00 0.000000000000000000e+00 0.000000000000000000e+00
0.000000000000000000e+00 0.000000000000000000e+00 0.000000000000000000e+00 0.000000000000000000e+00
0.000000000000000000e+00 0.000000000000000000e+00 0.000000000000000000e+00 0.000000000000000000e+00
-8.315362001526227509e-01 5.539268101231284991e-01 -4.138401699392454947e-02 -1.395000000000000129e-01
-3.201068511135746197e-01 -5.387537332006286928e-01 -7.792791661738032172e-01 -5.899999999999999863e-03
-4.539594163643813074e-01 -6.347515293319125895e-01 6.253089990595918080e-01 4.922000000000000264e-01
0.000000000000000000e+00 0.000000000000000000e+00 0.000000000000000000e+00 1.000000000000000000e+00
3.543753253533056258e-01 8.254293133676041672e-01 4.394139021631248143e-01 5.609999999999999709e-02
5.598943373860253425e-01 1.890701768768014990e-01 -8.067036625544962147e-01 -5.100000000000000366e-03
-7.489569144775968246e-01 5.319012284712835159e-01 -3.951513930216332682e-01 4.662999999999999923e-01
0.000000000000000000e+00 0.000000000000000000e+00 0.000000000000000000e+00 1.000000000000000000e+00
1.241026263674871455e-02 -4.115553405660176689e-01 9.113002727053670649e-01 2.199999999999999872e-02
-9.646367398176525221e-01 -2.449014152093884622e-01 -9.746413197894587821e-02 -2.740000000000000074e-02
2.632906104958122606e-01 -8.778641685819214002e-01 -4.000406928610069635e-01 4.273000000000000131e-01
0.000000000000000000e+00 0.000000000000000000e+00 0.000000000000000000e+00 1.000000000000000000e+00
-5.605556632909725057e-01 8.714779122668880884e-03 8.280708912751743034e-01 -8.840000000000000635e-02
5.411653382411485413e-01 -7.530389595543338643e-01 3.742624775203495791e-01 -3.070000000000000159e-02
6.268312572285795747e-01 6.579182152959210939e-01 4.174041170653070010e-01 4.237000000000000210e-01
0.000000000000000000e+00 0.000000000000000000e+00 0.000000000000000000e+00 1.000000000000000000e+00
-4.364709052296822378e-01 -8.695075061749573120e-01 -2.311922264986179532e-01 -2.860000000000000042e-02
6.314220333724720469e-01 -1.129774439835746769e-01 -7.671651145110229830e-01 -5.500000000000000028e-02
6.409363187242197446e-01 -4.808251177469255455e-01 5.983375648276653136e-01 4.294999999999999929e-01
0.000000000000000000e+00 0.000000000000000000e+00 0.000000000000000000e+00 1.000000000000000000e+00
-9.877015274390119615e-01 -1.151790795565693915e-01 1.057330238248405802e-01 -2.319999999999999840e-02
4.124904336935589222e-03 6.568220352500079295e-01 7.540343488026580721e-01 1.290000000000000001e-02
-1.562967621508967175e-01 7.451970166623983483e-01 -6.482690247872462397e-01 5.017000000000000348e-01
0.000000000000000000e+00 0.000000000000000000e+00 0.000000000000000000e+00 1.000000000000000000e+00
-7.559404056100782476e-02 -9.949027816537258095e-01 -6.673826555537093475e-02 -4.680000000000000132e-02
8.138475860064907641e-01 -2.288862786162071394e-02 -5.806274343036328389e-01 -1.519000000000000072e-01
5.761403021687234727e-01 -9.820675013608165527e-02 8.114294710229850160e-01 3.113000000000000211e-01
0.000000000000000000e+00 0.000000000000000000e+00 0.000000000000000000e+00 1.000000000000000000e+00
-9.739077741869939242e-01 -4.646751147451087111e-02 2.221360343472015275e-01 -2.000000000000000042e-03
1.488917074617386038e-01 -8.695367109046867604e-01 4.708897618744614655e-01 -7.660000000000000142e-02
1.712743612665449389e-01 4.916774133173346661e-01 8.537671898160013040e-01 3.713000000000000189e-01
0.000000000000000000e+00 0.000000000000000000e+00 0.000000000000000000e+00 1.000000000000000000e+00
-3.444219299257511580e-02 1.697003593217438766e-01 9.848936609542847664e-01 1.026999999999999996e-01
7.731953888066335212e-01 6.289313661045095039e-01 -8.132790085865049257e-02 -9.059999999999999998e-02
-6.332318896502461270e-01 7.587141258576820535e-01 -1.528733107968565097e-01 3.660999999999999810e-01
0.000000000000000000e+00 0.000000000000000000e+00 0.000000000000000000e+00 1.000000000000000000e+00
9.962609332055959444e-01 -6.432682793574164004e-02 5.767332291484979917e-02 -1.670999999999999985e-01
8.631889629043835999e-02 7.130497970841558342e-01 -6.957794442360629716e-01 -1.150000000000000050e-01
3.633333388996524971e-03 6.981561759993029082e-01 7.159362770544001053e-01 3.546000000000000263e-01
0.000000000000000000e+00 0.000000000000000000e+00 0.000000000000000000e+00 1.000000000000000000e+00
