0.000000000000000000e+00 0.000000000000000000e+00 0.000000000000000000e+00 0.000000000000000000e+00
0.000000000000000000e+00 0.000000000000000000e+00 0.000000000000000000e+00 0.000000000000000000e+00
0.000000000000000000e+00 0.000000000000000000e+00 0.000000000000000000e+00 0.000000000000000000e+00
0.000000000000000000e+00 0.000000000000000000e+00 0.000000000000000000e+00 0.000000000000000000e+00
-9.986121822236000423e-01 -4.617825697215478115e-02 -2.532346930483447833e-02 -7.259999999999999787e-02
5.215441964330268937e-02 -9.339482020700602405e-01 -3.535826245190393791e-01 1.010999999999999954e-01
-7.322979331497401004e-03 -3.544126471122543420e-01 9.350604523455128270e-01 5.017000000000000348e-01
0.000000000000000000e+00 0.000000000000000000e+00 0.000000000000000000e+00 1.000000000000000000e+00
1.399001159515735893e-01 9.823596312728959390e-01 -1.240867132376238247e-01 7.330000000000000404e-02
-2.755088587132248357e-02 -1.214086623740269211e-01 -9.922201798936842732e-01 -1.409999999999999969e-02
-9.897822519344554593e-01 1.422304170911750099e-01 1.007979214214205221e-02 4.354000000000000092e-01
0.000000000000000000e+00 0.000000000000000000e+00 0.000000000000000000e+00 1.000000000000000000e+00
-2.185223301798391304e-01 -8.306045394328727127e-01 5.121953633978729714e-01 1.940000000000000058e-02
-6.502210616539001453e-01 -2.674463538741140844e-01 -7.111153343734877286e-01 -2.610000000000000167e-02
7.276404072029319936e-01 -4.884347928566798447e-01 -4.816335649979182065e-01 4.233999999999999986e-01
0.000000000000000000e+00 0.000000000000000000e+00 0.000000000000000000e+00 1.000000000000000000e+00
3.802583778594659236e-02 3.966601056155838467e-02 9.984891803453890269e-01 -7.240000000000000602e-02
9.366707078517563234e-01 -3.495330518323034319e-01 -2.178602141938085213e-02 3.049999999999999933e-02
3.481408058719436815e-01 9.360839990529301602e-01 -5.044527732015202659e-02 4.474000000000000199e-01
0.000000000000000000e+00 0.000000000000000000e+00 0.000000000000000000e+00 1.000000000000000000e+00
1.775347634885071635e-01 -9.662885879892902929e-01 -1.864611822196331758e-01 -3.030000000000000054e-02
9.425865340369018464e-01 2.214226288835212664e-01 -2.500052904852432811e-01 -1.880000000000000074e-02
2.828639842846385477e-01 -1.313711693636540612e-01 9.501208250820765144e-01 4.515000000000000124e-01
0.000000000000000000e+00 0.000000000000000000e+00 0.000000000000000000e+00 1.000000000000000000e+00
-8.673709027114300252e-01 4.943883796472544057e-01 5.698988681617846164e-02 3.250000000000000111e-02
4.881008840144457905e-01 8.227705443399794261e-01 2.912149693796842187e-01 5.519999999999999907e-02
9.708369664302592128e-02 2.804082050087980948e-01 -9.549586349208369906e-01 4.727000000000000091e-01
0.000000000000000000e+00 0.000000000000000000e+00 0.000000000000000000e+00 1.000000000000000000e+00
5.043351686475547879e-01 -8.559860465055817436e-01 1.137274190905010196e-01 -1.355000000000000093e-01
8.620684517574808137e-01 4.915068212073036014e-01 -1.235274430689448089e-01 -1.237999999999999934e-01
4.983996538624643063e-02 1.603400539304998818e-01 9.858027414020830159e-01 4.114999999999999769e-01
0.000000000000000000e+00 0.000000000000000000e+00 0.000000000000000000e+00 1.000000000000000000e+00
-6.504931007104357565e-01 -1.244813594220184338e-01 7.492416947050991594e-01 -4.390000000000000152e-02
7.049804516878714900e-01 -4.660049586596675120e-01 5.346418813023967598e-01 -7.000000000000000666e-02
2.825973967786813423e-01 8.759816034946439345e-01 3.908899354970205575e-01 4.097999999999999976e-01
0.000000000000000000e+00 0.000000000000000000e+00 0.000000000000000000e+00 1.000000000000000000e+00
-4.172445222094145478e-02 7.201266844323468419e-01 6.925869103984981789e-01 3.289999999999999869e-02
3.875698909623647714e-01 6.505780985082886270e-01 -6.530985510325070242e-01 -1.396000000000000019e-01
-9.208955693813946075e-01 2.411756540569850726e-01 -3.062444353517339568e-01 3.889000000000000234e-01
0.000000000000000000e+00 0.000000000000000000e+00 0.000000000000000000e+00 1.000000000000000000e+00
8.358975426718441293e-01 5.339473911089949176e-01 1.271828670972255382e-01 -1.986999999999999877e-01
-4.772026395559920697e-01 8.214428217624272222e-01 -3.122648417221751127e-01 -1.490000000000000005e-02
-2.712064508007993591e-01 2.003294139732835766e-01 9.414431405778865836e-01 4.544000000000000261e-01
0.000000000000000000e+00 0.000000000000000000e+00 0.000000000000000000e+00 1.000000000000000000e+00
