0.000000000000000000e+00 0.000000000000000000e+00 0.000000000000000000e+00 0.000000000000000000e+00
0.000000000000000000e+00 0.000000000000000000e+00 0.000000000000000000e+00 0.000000000000000000e+00
0.000000000000000000e+00 0.000000000000000000e+00 0.000000000000000000e+00 0.000000000000000000e+00
0.000000000000000000e+00 0.000000000000000000e+00 0.000000000000000000e+00 0.000000000000000000e+00
6.976094995513764108e-01 -7.152048038623179949e-01 4.269747847287025388e-02 1.572000000000000064e-01
5.640664721962591610e-01 5.114901139554135501e-01 -6.482336602413860671e-01 -6.489999999999999936e-02
4.417804897001957887e-01 4.762981753672179686e-01 7.602434130343478369e-01 4.249999999999999889e-01
0.000000000000000000e+00 0.000000000000000000e+00 0.000000000000000000e+00 1.000000000000000000e+00
-3.972139221259931574e-01 -6.956967905480568870e-01 -5.985207395658220797e-01 -3.839999999999999664e-02
7.096784960478281779e-01 -6.463583316546266389e-01 2.803164985296808798e-01 -7.040000000000000424e-02
-5.818741550512260829e-01 -3.134116824909065624e-01 7.504635800367935872e-01 3.985000000000000209e-01
0.000000000000000000e+00 0.000000000000000000e+00 0.000000000000000000e+00 1.000000000000000000e+00
-9.305881503200730265e-02 2.268991265679190517e-01 -9.694621412451104314e-01 -1.430000000000000021e-02
-3.086343946607203459e-01 9.191529265670049798e-01 2.447502972740188409e-01 -2.750000000000000014e-02
9.466175930000718663e-01 3.219855337527220973e-01 -1.550640760219113012e-02 4.263000000000000123e-01
0.000000000000000000e+00 0.000000000000000000e+00 0.000000000000000000e+00 1.000000000000000000e+00
7.207944472630520849e-01 2.486729950714805515e-03 -6.931444156659588574e-01 9.270000000000000462e-02
-5.025747946368916974e-01 -6.868059181309000838e-01 -5.250868562590932376e-01 -6.599999999999999964e-03
-4.773614360109512122e-01 7.268366026793943169e-01 -4.937961243418571566e-01 4.444000000000000172e-01
0.000000000000000000e+00 0.000000000000000000e+00 0.000000000000000000e+00 1.000000000000000000e+00
6.133658710283433901e-01 7.569040501598265358e-01 2.255627786433136439e-01 3.200000000000000067e-02
-5.317044725770598834e-01 6.069112921809731720e-01 -5.907190848997279087e-01 -2.299999999999999961e-02
-5.840142653216547908e-01 2.423941877910283649e-01 7.747079421471910754e-01 4.603999999999999759e-01
0.000000000000000000e+00 0.000000000000000000e+00 0.000000000000000000e+00 1.000000000000000000e+00
9.409771095406984642e-01 3.192018731251979324e-01 -1.125710598413168229e-01 4.730000000000000177e-02
3.110331686654623229e-01 -6.843011372174441220e-01 6.595379606912971093e-01 -9.180000000000000659e-02
1.334932481826491546e-01 -6.556234573261378040e-01 -7.431940761963646835e-01 3.904000000000000248e-01
0.000000000000000000e+00 0.000000000000000000e+00 0.000000000000000000e+00 1.000000000000000000e+00
2.733972723605431199e-01 9.539452996809547614e-01 1.234596965913500877e-01 1.789999999999999925e-02
-5.162150360536843507e-01 2.538093319797858349e-01 -8.179870778637449158e-01 9.160000000000000087e-02
-8.116501512461562484e-01 1.599036841870383752e-01 5.618316863309718023e-01 5.621000000000000441e-01
0.000000000000000000e+00 0.000000000000000000e+00 0.000000000000000000e+00 1.000000000000000000e+00
9.997587160284657770e-01 1.406887157362610337e-02 -1.686939767028565462e-02 -6.300000000000000044e-03
-7.095156786280703773e-03 -5.199800788720982947e-01 -8.541489192912115058e-01 2.900000000000000147e-02
-2.078866218137950805e-02 8.540625178690441910e-01 -5.197547951639285291e-01 4.798000000000000043e-01
0.000000000000000000e+00 0.000000000000000000e+00 0.000000000000000000e+00 1.000000000000000000e+00
2.937067496507372866e-02 3.954733361523365964e-02 -9.987859489680566139e-01 -1.113999999999999990e-01
6.677484675861974361e-01 -7.443220026737022987e-01 -9.835668360318128300e-03 1.689999999999999836e-02
-7.438073322362324102e-01 -6.666489066515706163e-01 -4.826891102857455706e-02 4.796000000000000263e-01
0.000000000000000000e+00 0.000000000000000000e+00 0.000000000000000000e+00 1.000000000000000000e+00
-9.627166894733438784e-01 2.690067379145565929e-01 -2.849474979805953490e-02 1.474999999999999922e-01
-1.575874993244487099e-01 -6.433304304835125720e-01 -7.491943254393783613e-01 6.980000000000000093e-02
-2.198698612046494638e-01 -7.167714643946613284e-01 6.617370414019310143e-01 5.405999999999999694e-01
0.000000000000000000e+00 0.000000000000000000e+00 0.000000000000000000e+00 1.000000000000000000e+00
