0.000000000000000000e+00 0.000000000000000000e+00 0.000000000000000000e+00 0.000000000000000000e+00
0.000000000000000000e+00 0.000000000000000000e+00 0.000000000000000000e+00 0.000000000000000000e+00
0.000000000000000000e+00 0.000000000000000000e+00 0.000000000000000000e+00 0.000000000000000000e+00
0.000000000000000000e+00 0.000000000000000000e+00 0.000000000000000000e+00 0.000000000000000000e+00
-9.464702310328827473e-01 -3.222224067942213166e-01 -1.915260630569576294e-02 -3.289999999999999869e-02
2.735370694175144335e-01 -7.691344321865634104e-01 -5.775895574536735744e-01 8.530000000000000082e-02
1.713813683661077336e-01 -5.519102696859263801e-01 8.161026165821113620e-01 5.247000000000000552e-01
0.000000000000000000e+00 0.000000000000000000e+00 0.000000000000000000e+00 1.000000000000000000e+00
2.532835998055649185e-02 9.268415753279248825e-01 -3.745973417208747214e-01 7.069999999999999896e-02
2.100411100585796720e-01 -3.712870975254667361e-01 -9.044493481099282750e-01 -3.740000000000000269e-02
-9.773644183548195752e-01 -5.577262280693767726e-02 -2.040789265925810891e-01 4.097000000000000086e-01
0.000000000000000000e+00 0.000000000000000000e+00 0.000000000000000000e+00 1.000000000000000000e+00
-3.029290876079264727e-01 -9.172638808862044746e-01 2.585748261192640785e-01 1.460000000000000013e-02
-7.565122494244541640e-01 6.643870670746720997e-02 -6.505959688791433937e-01 -3.339999999999999913e-02
5.795888062685313757e-01 -3.926994666059755446e-01 -7.140475786497706423e-01 4.043999999999999817e-01
0.000000000000000000e+00 0.000000000000000000e+00 0.000000000000000000e+00 1.000000000000000000e+00
3.143958379077903542e-01 4.422337454179658955e-02 9.482613301460700583e-01 -5.659999999999999754e-02
7.750588255855443975e-01 -5.887334069885654664e-01 -2.295142531033576572e-01 3.359999999999999792e-02
5.481232288347346326e-01 8.071166388074102471e-01 -2.193710495302725327e-01 4.561000000000000054e-01
0.000000000000000000e+00 0.000000000000000000e+00 0.000000000000000000e+00 1.000000000000000000e+00
4.431644635916823782e-01 -8.845215996906410361e-01 -1.456941930558858789e-01 -2.840000000000000163e-02
7.670763541663052631e-01 4.582747950828298666e-01 -4.489744748543277320e-01 -2.299999999999999961e-02
4.638955971858598759e-01 8.721096188266475036e-02 8.815867076125154522e-01 4.413000000000000256e-01
0.000000000000000000e+00 0.000000000000000000e+00 0.000000000000000000e+00 1.000000000000000000e+00
-6.970956391282014941e-01 7.162811886466918798e-01 3.160583331169170007e-02 5.310000000000000137e-02
6.245143822746533901e-01 5.849518757515421719e-01 5.175066080610569719e-01 2.659999999999999865e-02
3.521923568741269772e-01 3.804898971663169815e-01 -8.550953057489047993e-01 4.686000000000000165e-01
0.000000000000000000e+00 0.000000000000000000e+00 0.000000000000000000e+00 1.000000000000000000e+00
7.122496934726202378e-01 -6.787592660446462034e-01 1.788469538647269041e-01 -1.605999999999999928e-01
6.816801534313856603e-01 6.081222820800674667e-01 -4.068162465481107715e-01 -8.709999999999999687e-02
1.673694791947471783e-01 4.116711658548167785e-01 8.958316296256875200e-01 3.957999999999999852e-01
0.000000000000000000e+00 0.000000000000000000e+00 0.000000000000000000e+00 1.000000000000000000e+00
-4.136847337277067549e-01 -1.498192097940959644e-01 8.980084328430938401e-01 -5.899999999999999689e-02
7.292771137660647440e-01 -6.449897812840195144e-01 2.283485786604140255e-01 -5.659999999999999754e-02
5.449952590781638184e-01 7.493613190016320535e-01 3.760821468329219597e-01 3.915000000000000147e-01
0.000000000000000000e+00 0.000000000000000000e+00 0.000000000000000000e+00 1.000000000000000000e+00
-3.496880593623385991e-02 8.846141295947145267e-01 4.650107787275257754e-01 -5.300000000000000024e-03
6.206981028977547332e-01 3.838987928131176730e-01 -6.836340994536180826e-01 -1.333999999999999908e-01
-7.832694604480137102e-01 2.647254400279973052e-01 -5.625027944210241326e-01 3.423999999999999821e-01
0.000000000000000000e+00 0.000000000000000000e+00 0.000000000000000000e+00 1.000000000000000000e+00
6.516180431659024386e-01 7.457961986200205562e-01 1.384989384239708743e-01 -1.889000000000000123e-01
-5.603631401028885684e-01 5.963411380486589586e-01 -5.747785645662689680e-01 1.739999999999999880e-02
-5.112602830600774251e-01 2.969263834602056118e-01 8.065033451701068001e-01 4.731000000000000205e-01
0.000000000000000000e+00 0.000000000000000000e+00 0.000000000000000000e+00 1.000000000000000000e+00
