0.000000000000000000e+00 0.000000000000000000e+00 0.000000000000000000e+00 0.000000000000000000e+00
0.000000000000000000e+00 0.000000000000000000e+00 0.000000000000000000e+00 0.000000000000000000e+00
0.000000000000000000e+00 0.000000000000000000e+00 0.000000000000000000e+00 0.000000000000000000e+00
0.000000000000000000e+00 0.000000000000000000e+00 0.000000000000000000e+00 0.000000000000000000e+00
8.620443504815127334e-01 -5.048448903238905716e-01 4.484612042045300895e-02 1.414999999999999869e-01
4.673184244963231038e-01 7.574667811423195785e-01 -4.559139892481560707e-01 -9.450000000000000067e-02
1.961964014175113236e-01 4.139754970765205933e-01 8.888932781223325419e-01 4.263000000000000123e-01
0.000000000000000000e+00 0.000000000000000000e+00 0.000000000000000000e+00 1.000000000000000000e+00
-3.432417374091949469e-01 -8.542147936898134564e-01 -3.905152954005604582e-01 -5.279999999999999971e-02
6.366240105094709278e-01 -5.172836869294699103e-01 5.719505717100836772e-01 -5.949999999999999734e-02
-6.905758314212528948e-01 -5.229410557724406550e-02 7.213669992304343470e-01 4.259000000000000008e-01
0.000000000000000000e+00 0.000000000000000000e+00 0.000000000000000000e+00 1.000000000000000000e+00
1.392651153191604152e-02 4.578533303638663288e-01 -8.889186577810525014e-01 -1.609999999999999973e-02
-6.140208675422950679e-02 8.877186876490555933e-01 4.562732901900620197e-01 -1.839999999999999969e-02
9.980159497817545633e-01 4.822716530498818988e-02 4.047597445235695535e-02 4.388000000000000234e-01
0.000000000000000000e+00 0.000000000000000000e+00 0.000000000000000000e+00 1.000000000000000000e+00
5.119014332397686662e-01 -7.526193212690601708e-03 -8.590112217327523503e-01 9.439999999999999780e-02
-7.505540909413712658e-01 -4.903498690086876000e-01 -4.429735460886289333e-01 -1.980000000000000163e-02
-4.178821355576740615e-01 8.714931797661346069e-01 -2.566596158394802707e-01 4.380000000000000004e-01
0.000000000000000000e+00 0.000000000000000000e+00 0.000000000000000000e+00 1.000000000000000000e+00
3.836147645926147876e-01 8.930619745275335530e-01 2.351170390242609265e-01 3.529999999999999805e-02
-7.764750887267731772e-01 4.497388144428799972e-01 -4.413858123798982680e-01 -1.750000000000000167e-02
-4.999261435185228253e-01 -1.324040922690442046e-02 8.659668253404407823e-01 4.647000000000000020e-01
0.000000000000000000e+00 0.000000000000000000e+00 0.000000000000000000e+00 1.000000000000000000e+00
9.925951672751712751e-01 5.751260079034815897e-02 -1.069912830669155074e-01 2.419999999999999929e-02
1.027235794743396741e-01 -8.675264925765324708e-01 4.866679061719995647e-01 -1.016999999999999987e-01
-6.482823553015935880e-02 -4.940547393034390722e-01 -8.670105042327092004e-01 4.133000000000000007e-01
0.000000000000000000e+00 0.000000000000000000e+00 0.000000000000000000e+00 1.000000000000000000e+00
1.920542656182000485e-02 9.983384841394999931e-01 5.432699767724974427e-02 6.230000000000000121e-02
-7.320003906766754387e-01 5.105235554445441970e-02 -6.793887584016660153e-01 1.166999999999999982e-01
-6.810334644052178366e-01 -2.671943261762832478e-02 7.317646426828907646e-01 5.350000000000000311e-01
0.000000000000000000e+00 0.000000000000000000e+00 0.000000000000000000e+00 1.000000000000000000e+00
9.591522582275491260e-01 5.893416225702204081e-02 -2.766834112411800661e-01 1.209999999999999964e-02
-2.462819159545260317e-01 -3.072508172661370107e-01 -9.192073504727096278e-01 4.499999999999999833e-02
-1.391839193684412113e-01 9.498019266185735443e-01 -2.801858968272410433e-01 4.748999999999999888e-01
0.000000000000000000e+00 0.000000000000000000e+00 0.000000000000000000e+00 1.000000000000000000e+00
3.158238863057072354e-02 -2.263086688061285434e-01 -9.735434962812837822e-01 -9.160000000000000087e-02
4.610113216340592235e-01 -8.609333084295309746e-01 2.150869586046545434e-01 5.820000000000000173e-02
-8.868320664328764869e-01 -4.556075338048970469e-01 7.714052817173333576e-02 4.904999999999999916e-01
0.000000000000000000e+00 0.000000000000000000e+00 0.000000000000000000e+00 1.000000000000000000e+00
-9.981063085216113073e-01 6.299251653367561946e-03 -6.118918464866907048e-02 1.791000000000000092e-01
2.886547010538452473e-02 -8.304527229627463036e-01 -5.563407764665058153e-01 6.090000000000000274e-02
-5.431925556334996075e-02 -5.570534932592803301e-01 8.286982708577811385e-01 5.040999999999999925e-01
0.000000000000000000e+00 0.000000000000000000e+00 0.000000000000000000e+00 1.000000000000000000e+00
