0.000000000000000000e+00 0.000000000000000000e+00 0.000000000000000000e+00 0.000000000000000000e+00
0.000000000000000000e+00 0.000000000000000000e+00 0.000000000000000000e+00 0.000000000000000000e+00
0.000000000000000000e+00 0.000000000000000000e+00 0.000000000000000000e+00 0.000000000000000000e+00
0.000000000000000000e+00 0.000000000000000000e+00 0.000000000000000000e+00 0.000000000000000000e+00
-5.811005631749317502e-01 -8.136988309869903624e-01 1.470877045108265335e-02 6.460000000000000464e-02
7.954088482523495873e-01 -5.716770908524217987e-01 -2.012711303599771240e-01 1.207000000000000017e-01
1.721827505868345209e-01 -1.052592810393339490e-01 9.794251294281939302e-01 5.127000000000000446e-01
0.000000000000000000e+00 0.000000000000000000e+00 0.000000000000000000e+00 1.000000000000000000e+00
-2.365709320979478836e-01 5.623592052058279389e-01 -7.923296778529616002e-01 5.079999999999999793e-02
-1.329631725690791355e-01 -8.265435234197195946e-01 -5.469429573852115922e-01 -6.579999999999999738e-02
-9.624733704506704957e-01 -2.404013754506145739e-02 2.703092358025175335e-01 4.490999999999999992e-01
0.000000000000000000e+00 0.000000000000000000e+00 0.000000000000000000e+00 1.000000000000000000e+00
-3.830522888706391349e-01 -8.564280745517521831e-01 -3.461241065146180018e-01 5.199999999999999761e-03
-2.476956487476903446e-01 4.562129460326629360e-01 -8.547026462247904188e-01 -3.250000000000000111e-02
8.898976399465418075e-01 -2.416623698298452361e-01 -3.868869207220604345e-01 4.509000000000000230e-01
0.000000000000000000e+00 0.000000000000000000e+00 0.000000000000000000e+00 1.000000000000000000e+00
8.086055228732491607e-01 5.789741771435563678e-02 5.854955144156860358e-01 -3.099999999999999891e-03
5.796972768823017708e-01 -2.484553582808610717e-01 -7.760289956675414658e-01 7.430000000000000493e-02
1.005394228853707383e-01 9.669114871401303102e-01 -2.344653502808851098e-01 4.779999999999999805e-01
0.000000000000000000e+00 0.000000000000000000e+00 0.000000000000000000e+00 1.000000000000000000e+00
8.790402271954174118e-01 -4.767170954956037043e-01 -5.393499278244890185e-03 -1.159999999999999920e-02
4.766402992079362688e-01 8.790261478760117431e-01 -1.127193511465655537e-02 1.039999999999999952e-02
1.011455106260163335e-02 7.337725294359269401e-03 9.999219237742047461e-01 4.854999999999999871e-01
0.000000000000000000e+00 0.000000000000000000e+00 0.000000000000000000e+00 1.000000000000000000e+00
-1.524557523497782618e-01 9.872158916051432254e-01 -4.649760141905358996e-02 8.719999999999999973e-02
9.780351871205337222e-01 1.574702038753553746e-01 1.365661292032416541e-01 1.060000000000000005e-02
1.421422397796147652e-01 -2.465599833136281060e-02 -9.895391176788910226e-01 4.759999999999999787e-01
0.000000000000000000e+00 0.000000000000000000e+00 0.000000000000000000e+00 1.000000000000000000e+00
9.512219250657700798e-01 -1.236660612195628756e-01 2.826367891421952550e-01 -1.648999999999999910e-01
1.733740485009733767e-01 9.720717071788185226e-01 -1.581709056964631654e-01 2.230000000000000038e-02
-2.551828532259809990e-01 1.994575177948844369e-01 9.460964063004101421e-01 4.927000000000000268e-01
0.000000000000000000e+00 0.000000000000000000e+00 0.000000000000000000e+00 1.000000000000000000e+00
1.952794251184807317e-01 -1.462802813387851231e-01 9.697773071261472921e-01 -6.990000000000000380e-02
9.544603750226534622e-01 -1.990562817960330744e-01 -2.222205867806897328e-01 -1.260000000000000009e-02
2.255467548802497224e-01 9.690091206841060512e-01 1.007471359096844266e-01 4.606999999999999984e-01
0.000000000000000000e+00 0.000000000000000000e+00 0.000000000000000000e+00 1.000000000000000000e+00
-2.720492089474957353e-02 9.899285519997131910e-01 -1.389293137349387752e-01 -7.929999999999999549e-02
2.745862798184721121e-01 -1.262342999478489602e-01 -9.532404085287864426e-01 -1.165000000000000063e-01
-9.611775419840820067e-01 -6.408091332391480099e-02 -2.683866042354028369e-01 4.426999999999999824e-01
0.000000000000000000e+00 0.000000000000000000e+00 0.000000000000000000e+00 1.000000000000000000e+00
8.763355684249485300e-02 9.861756869171190987e-01 1.406338303847325388e-01 -1.120000000000000023e-01
-9.484215780885089098e-01 1.257757888459526407e-01 -2.909930603232334656e-01 1.413000000000000089e-01
-3.046586121074470466e-01 -1.078794024535120744e-01 9.463324809996945808e-01 5.197000000000000508e-01
0.000000000000000000e+00 0.000000000000000000e+00 0.000000000000000000e+00 1.000000000000000000e+00
