0.000000000000000000e+00 0.000000000000000000e+00 0.000000000000000000e+00 0.000000000000000000e+00
0.000000000000000000e+00 0.000000000000000000e+00 0.000000000000000000e+00 0.000000000000000000e+00
0.000000000000000000e+00 0.000000000000000000e+00 0.000000000000000000e+00 0.000000000000000000e+00
0.000000000000000000e+00 0.000000000000000000e+00 0.000000000000000000e+00 0.000000000000000000e+00
-9.879619061240902944e-01 -1.519405756542261121e-01 -2.907461981723525463e-02 -5.999999999999999778e-02
1.249193646855654982e-01 -6.727095918469443436e-01 -7.292852373136813338e-01 5.279999999999999971e-02
9.124924314321222751e-02 -7.241380162006274546e-01 6.835917708097507539e-01 5.319000000000000394e-01
0.000000000000000000e+00 0.000000000000000000e+00 0.000000000000000000e+00 1.000000000000000000e+00
1.028328747299926960e-01 9.694016011352857287e-01 -2.229034221161936280e-01 7.130000000000000226e-02
4.049603155953599987e-01 -2.454800256063254249e-01 -8.807648379795962601e-01 -3.169999999999999901e-02
-9.085331819299018452e-01 3.045400830786193502e-04 -4.178125950562834312e-01 4.108999999999999875e-01
0.000000000000000000e+00 0.000000000000000000e+00 0.000000000000000000e+00 1.000000000000000000e+00
-2.580943047729071793e-01 -8.693041534018023375e-01 4.215419536916407695e-01 1.600000000000000033e-02
-8.875092703299102270e-01 4.093723287894746043e-02 -4.589677963024041407e-01 -3.300000000000000155e-02
3.817258504768311078e-01 -4.925793660341352131e-01 -7.820811615396126015e-01 3.988999999999999768e-01
0.000000000000000000e+00 0.000000000000000000e+00 0.000000000000000000e+00 1.000000000000000000e+00
1.437712429553736904e-01 3.603839444415390947e-02 9.889545307166323074e-01 -6.869999999999999718e-02
6.783832944133425524e-01 -7.311740301045195345e-01 -7.197668762603093295e-02 1.379999999999999977e-02
7.205039455547532778e-01 6.812384104163553555e-01 -1.295696438732090172e-01 4.521999999999999909e-01
0.000000000000000000e+00 0.000000000000000000e+00 0.000000000000000000e+00 1.000000000000000000e+00
2.809744835221851256e-01 -9.429935303732130958e-01 -1.783719184280571357e-01 -3.180000000000000188e-02
7.022808848012103144e-01 3.286981138373746836e-01 -6.314737593935171311e-01 -3.520000000000000212e-02
6.541061828573941916e-01 5.216082470606092647e-02 7.546021136424896358e-01 4.310999999999999832e-01
0.000000000000000000e+00 0.000000000000000000e+00 0.000000000000000000e+00 1.000000000000000000e+00
-8.100215858380772627e-01 5.839343635008653610e-01 5.371861501570243669e-02 3.880000000000000115e-02
4.578438782939397433e-01 5.725437083297263419e-01 6.801269625303861810e-01 1.669999999999999957e-02
3.663932499175307500e-01 5.755122597954663854e-01 -7.311235362371979463e-01 4.778999999999999915e-01
0.000000000000000000e+00 0.000000000000000000e+00 0.000000000000000000e+00 1.000000000000000000e+00
5.899466191040869667e-01 -7.962299606629871240e-01 1.340926409251281815e-01 -1.482999999999999874e-01
7.094211791519421384e-01 4.318236295831066052e-01 -5.570008469511872340e-01 -1.033000000000000029e-01
3.855963915525212338e-01 4.237289259376683659e-01 8.196152878914502171e-01 3.569999999999999840e-01
0.000000000000000000e+00 0.000000000000000000e+00 0.000000000000000000e+00 1.000000000000000000e+00
-5.663379755956119421e-01 -1.411744321029230753e-01 8.119920425217730386e-01 -5.179999999999999882e-02
5.525537415615884296e-01 -7.960413178738603435e-01 2.469870096258839631e-01 -6.130000000000000032e-02
6.115109648113867813e-01 5.885473642435793407e-01 5.288348891264479379e-01 3.721999999999999753e-01
0.000000000000000000e+00 0.000000000000000000e+00 0.000000000000000000e+00 1.000000000000000000e+00
-3.370439973726502281e-02 7.896947629515495004e-01 6.125734199304166960e-01 1.689999999999999836e-02
7.584020196701556360e-01 4.193954507680950350e-01 -4.989326932916453017e-01 -1.199999999999999956e-01
-6.509150405379946491e-01 4.477606919347904557e-01 -6.130415750660782592e-01 3.173000000000000265e-01
0.000000000000000000e+00 0.000000000000000000e+00 0.000000000000000000e+00 1.000000000000000000e+00
7.740052592131709819e-01 6.203325248136364323e-01 1.268992410091222545e-01 -1.986999999999999877e-01
-3.681579424412258494e-01 6.039652536437664088e-01 -7.068845038678270853e-01 -2.040000000000000147e-02
-5.151461813192397265e-01 5.004133601827194244e-01 6.958526286670509986e-01 4.480999999999999983e-01
0.000000000000000000e+00 0.000000000000000000e+00 0.000000000000000000e+00 1.000000000000000000e+00
