0.000000000000000000e+00 0.000000000000000000e+00 0.000000000000000000e+00 0.000000000000000000e+00
0.000000000000000000e+00 0.000000000000000000e+00 0.000000000000000000e+00 0.000000000000000000e+00
0.000000000000000000e+00 0.000000000000000000e+00 0.000000000000000000e+00 0.000000000000000000e+00
0.000000000000000000e+00 0.000000000000000000e+00 0.000000000000000000e+00 0.000000000000000000e+00
-9.614866999066171704e-01 -2.742923497889581119e-01 -1.752235001174532597e-02 -3.939999999999999752e-02
2.605555415785834050e-01 -8.893295790430637560e-01 -3.757708205699023529e-01 1.107999999999999957e-01
8.748791719645279685e-02 -3.658641915879968232e-01 9.265469538335810995e-01 5.070000000000000062e-01
0.000000000000000000e+00 0.000000000000000000e+00 0.000000000000000000e+00 1.000000000000000000e+00
4.333073557796285336e-02 9.428396620146066720e-01 -3.304176434248860539e-01 7.230000000000000315e-02
-1.831566533686956877e-02 -3.299230119226552738e-01 -9.438301449981090219e-01 -2.989999999999999949e-02
-9.988928790203386310e-01 4.694867342179070979e-02 2.972928925080831064e-03 4.250999999999999779e-01
0.000000000000000000e+00 0.000000000000000000e+00 0.000000000000000000e+00 1.000000000000000000e+00
-2.868089973682823590e-01 -9.080178897874757737e-01 3.053589868572726962e-01 1.629999999999999852e-02
-6.171860673524058871e-01 -6.864519860568019105e-02 -7.838170672895928837e-01 -2.989999999999999949e-02
7.326813477185508683e-01 -4.132690994186308808e-01 -5.407279298973206583e-01 4.181000000000000272e-01
0.000000000000000000e+00 0.000000000000000000e+00 0.000000000000000000e+00 1.000000000000000000e+00
2.663708385070759910e-01 4.645062460676602223e-02 9.627507028648062404e-01 -5.899999999999999689e-02
8.938702268583134103e-01 -3.856012306078091534e-01 -2.287087853363102830e-01 4.370000000000000273e-02
3.606141898612761354e-01 9.214955401017328462e-01 -1.442337534813227240e-01 4.516999999999999904e-01
0.000000000000000000e+00 0.000000000000000000e+00 0.000000000000000000e+00 1.000000000000000000e+00
3.976271385514974499e-01 -9.050261751760649842e-01 -1.510638306595286640e-01 -2.819999999999999937e-02
8.729958564474950000e-01 4.238366428146187470e-01 -2.413311725267540675e-01 -1.340000000000000045e-02
2.824374148600939938e-01 -3.591827464976361795e-02 9.586130524008794618e-01 4.509000000000000230e-01
0.000000000000000000e+00 0.000000000000000000e+00 0.000000000000000000e+00 1.000000000000000000e+00
-7.321025653333010919e-01 6.803711103511308478e-01 3.348112949063324073e-02 5.050000000000000322e-02
6.550242493695163093e-01 6.896330295412320677e-01 3.087871715335401279e-01 4.499999999999999833e-02
1.870001779953721077e-01 2.479948321343645179e-01 -9.505416859161659460e-01 4.673999999999999821e-01
0.000000000000000000e+00 0.000000000000000000e+00 0.000000000000000000e+00 1.000000000000000000e+00
6.782384446657387933e-01 -7.147122619216430550e-01 1.708186021376125463e-01 -1.562999999999999945e-01
7.346068713290345720e-01 6.535696778140742680e-01 -1.822070822942244150e-01 -9.239999999999999603e-02
1.858377716091816345e-02 2.490643669834277374e-01 9.683086203920616697e-01 4.189999999999999836e-01
0.000000000000000000e+00 0.000000000000000000e+00 0.000000000000000000e+00 1.000000000000000000e+00
-4.585548514271258203e-01 -1.431743014308312634e-01 8.770567642076765313e-01 -5.589999999999999830e-02
8.144084525037702527e-01 -4.626512776504894120e-01 3.502751315448808800e-01 -5.899999999999999689e-02
3.556210352651549278e-01 8.749028030005179257e-01 3.287533491521819062e-01 4.097000000000000086e-01
0.000000000000000000e+00 0.000000000000000000e+00 0.000000000000000000e+00 1.000000000000000000e+00
-3.912404815330861041e-02 8.601407615045522093e-01 5.085540081982116156e-01 2.299999999999999961e-03
4.225350642308836058e-01 4.754435338142579681e-01 -7.716330511646152246e-01 -1.423000000000000098e-01
-9.055017550239758961e-01 1.846924918684558770e-01 -3.820409076210553589e-01 3.804000000000000159e-01
0.000000000000000000e+00 0.000000000000000000e+00 0.000000000000000000e+00 1.000000000000000000e+00
6.884497075641275998e-01 7.116355510226179959e-01 1.400422888830446522e-01 -1.910000000000000031e-01
-6.311279884231686399e-01 6.829418804566531609e-01 -3.677877786812051575e-01 2.560000000000000123e-02
-3.573716026544244695e-01 1.648187806018034385e-01 9.193042516909962769e-01 4.697999999999999954e-01
0.000000000000000000e+00 0.000000000000000000e+00 0.000000000000000000e+00 1.000000000000000000e+00
