0.000000000000000000e+00 0.000000000000000000e+00 0.000000000000000000e+00 0.000000000000000000e+00
0.000000000000000000e+00 0.000000000000000000e+00 0.000000000000000000e+00 0.000000000000000000e+00
0.000000000000000000e+00 0.000000000000000000e+00 0.000000000000000000e+00 0.000000000000000000e+00
0.000000000000000000e+00 0.000000000000000000e+00 0.000000000000000000e+00 0.000000000000000000e+00
-8.851371216244681150e-01 -4.652526764509063439e-01 -8.498410299579414739e-03 -7.599999999999999985e-03
4.431879438345787681e-01 -8.373113796484303872e-01 -3.201469974104401151e-01 1.219999999999999973e-01
1.418334317501693809e-01 -2.871403847711261892e-01 9.473297615252355142e-01 5.026000000000000467e-01
0.000000000000000000e+00 0.000000000000000000e+00 0.000000000000000000e+00 1.000000000000000000e+00
-4.570251633935695779e-02 8.653153128647215198e-01 -4.991399496354507193e-01 6.850000000000000533e-02
-7.461940971263275602e-02 -5.012232716347870820e-01 -8.620946442623680372e-01 -4.130000000000000338e-02
-9.961642553787950494e-01 -2.154366159682397086e-03 8.747648262282237130e-02 4.218000000000000083e-01
0.000000000000000000e+00 0.000000000000000000e+00 0.000000000000000000e+00 1.000000000000000000e+00
-3.334629326658966608e-01 -9.366774761109979419e-01 1.069475492201214517e-01 1.310000000000000053e-02
-5.149601679551349953e-01 8.594756737002817726e-02 -8.528945075932857778e-01 -3.090000000000000038e-02
7.896951930697555522e-01 -3.394824316654768692e-01 -5.110119182886205813e-01 4.188000000000000056e-01
0.000000000000000000e+00 0.000000000000000000e+00 0.000000000000000000e+00 1.000000000000000000e+00
4.578391254731536408e-01 5.210596930877969823e-02 8.875067904801463570e-01 -4.399999999999999745e-02
8.430173384909684930e-01 -3.424577307297806961e-01 -4.147824365459717444e-01 5.720000000000000084e-02
2.823209205666166177e-01 9.380872404130660147e-01 -2.007167835150232005e-01 4.532999999999999807e-01
0.000000000000000000e+00 0.000000000000000000e+00 0.000000000000000000e+00 1.000000000000000000e+00
5.759568071528302635e-01 -8.098685046788883790e-01 -1.112958284191228886e-01 -2.450000000000000094e-02
7.936020605130701400e-01 5.865923637044790917e-01 -1.615709391970027720e-01 -4.700000000000000185e-03
1.961364979898616578e-01 4.733283508664767880e-03 9.805651789572682464e-01 4.536999999999999922e-01
0.000000000000000000e+00 0.000000000000000000e+00 0.000000000000000000e+00 1.000000000000000000e+00
-5.785236078711983865e-01 8.156091461768156803e-01 9.599781685955377508e-03 6.479999999999999649e-02
7.910563765038830519e-01 5.581610709908761958e-01 2.503717796055796585e-01 3.830000000000000071e-02
1.988472889637652452e-01 1.524399537622726231e-01 -9.681021723809515311e-01 4.606999999999999984e-01
0.000000000000000000e+00 0.000000000000000000e+00 0.000000000000000000e+00 1.000000000000000000e+00
8.023500773109908391e-01 -5.565152473170664749e-01 2.156968542716174997e-01 -1.673999999999999932e-01
5.916308199829274361e-01 7.892811026905208749e-01 -1.643420633373094686e-01 -5.920000000000000262e-02
-7.878658696361906522e-02 2.594727739845930636e-01 9.625313258670412653e-01 4.364999999999999991e-01
0.000000000000000000e+00 0.000000000000000000e+00 0.000000000000000000e+00 1.000000000000000000e+00
-2.671279249115701138e-01 -1.519427340636970714e-01 9.516071023787533445e-01 -6.370000000000000662e-02
9.030594222814828376e-01 -3.841300174398520895e-01 1.921660988059370467e-01 -4.599999999999999922e-02
3.363426103857090621e-01 9.106906913254946279e-01 2.398251720983843871e-01 4.177000000000000157e-01
0.000000000000000000e+00 0.000000000000000000e+00 0.000000000000000000e+00 1.000000000000000000e+00
-3.670171872405303404e-02 9.461921358910222457e-01 3.215173802777787082e-01 -2.469999999999999973e-02
3.779800028311796067e-01 3.109761814387124179e-01 -8.720234698891644598e-01 -1.401999999999999913e-01
-9.250859967064910538e-01 8.952238019502339883e-02 -3.690550665439720213e-01 3.895000000000000129e-01
0.000000000000000000e+00 0.000000000000000000e+00 0.000000000000000000e+00 1.000000000000000000e+00
5.259758536478780222e-01 8.377539978501863382e-01 1.466889241402220545e-01 -1.749999999999999889e-01
-7.674000346202179967e-01 5.418298135278252214e-01 -3.428084596932959860e-01 6.550000000000000266e-02
-3.666695900184170354e-01 6.773988676128658848e-02 9.278818456556277017e-01 4.820999999999999730e-01
0.000000000000000000e+00 0.000000000000000000e+00 0.000000000000000000e+00 1.000000000000000000e+00
