0.000000000000000000e+00 0.000000000000000000e+00 0.000000000000000000e+00 0.000000000000000000e+00
0.000000000000000000e+00 0.000000000000000000e+00 0.000000000000000000e+00 0.000000000000000000e+00
0.000000000000000000e+00 0.000000000000000000e+00 0.000000000000000000e+00 0.000000000000000000e+00
0.000000000000000000e+00 0.000000000000000000e+00 0.000000000000000000e+00 0.000000000000000000e+00
-1.514268518639350081e-01 -9.880243973036305638e-01 2.962598297736723785e-02 1.228999999999999954e-01
9.320996582063499902e-01 -1.527039468194100191e-01 -3.284383226686254931e-01 7.090000000000000469e-02
3.290290803351326732e-01 -2.212001262595011952e-02 9.440606809603102612e-01 4.828999999999999959e-01
0.000000000000000000e+00 0.000000000000000000e+00 0.000000000000000000e+00 1.000000000000000000e+00
-3.725085420123825930e-01 1.368067618599121127e-01 -9.178895881516547783e-01 2.210000000000000159e-02
1.203983058689201135e-01 -9.735911860990618116e-01 -1.939702304327037274e-01 -8.089999999999999969e-02
-9.201856519592680472e-01 -1.827679191204723552e-01 3.461997308905213622e-01 4.068999999999999839e-01
0.000000000000000000e+00 0.000000000000000000e+00 0.000000000000000000e+00 1.000000000000000000e+00
-3.551043663520978555e-01 -5.899636221155026838e-01 -7.251508902139137680e-01 -3.899999999999999821e-03
-1.888143339948457067e-01 8.049831244030373201e-01 -5.624511682843293947e-01 -3.209999999999999659e-02
9.155599577721592608e-01 -6.280998333609424944e-02 -3.972466107061980445e-01 4.187000000000000166e-01
0.000000000000000000e+00 0.000000000000000000e+00 0.000000000000000000e+00 1.000000000000000000e+00
9.864901172274065377e-01 4.636321314694023810e-02 1.571232035039669961e-01 3.839999999999999664e-02
1.627453045331224701e-01 -3.870761657586987425e-01 -9.075714890596585649e-01 6.310000000000000331e-02
1.874071677068037123e-02 9.208813682381874477e-01 -3.893922073779665372e-01 4.556000000000000050e-01
0.000000000000000000e+00 0.000000000000000000e+00 0.000000000000000000e+00 1.000000000000000000e+00
9.944683572704803298e-01 -3.925379050129846475e-02 9.742600432652750997e-02 3.700000000000000164e-03
5.392936183609493145e-02 9.867687710462439421e-01 -1.529019830474310504e-01 8.399999999999999481e-03
-9.013495614745664630e-02 1.573103061441478434e-01 9.834272506195517183e-01 4.588999999999999746e-01
0.000000000000000000e+00 0.000000000000000000e+00 0.000000000000000000e+00 1.000000000000000000e+00
3.079222621514470237e-01 9.473803191204756002e-01 -8.748949316758609929e-02 9.089999999999999469e-02
9.189543506772065440e-01 -2.723430967858309071e-01 2.852229636697172221e-01 -3.180000000000000188e-02
2.463874628364213781e-01 -1.682253505756162726e-01 -9.544597684453450803e-01 4.338000000000000189e-01
0.000000000000000000e+00 0.000000000000000000e+00 0.000000000000000000e+00 1.000000000000000000e+00
8.974181743545436296e-01 3.373666243416560406e-01 2.842962910740727267e-01 -1.270999999999999908e-01
-2.095975523993880985e-01 8.930566732641683769e-01 -3.981439995359997708e-01 8.279999999999999860e-02
-3.882131970532991527e-01 2.977138544284635424e-01 8.721565080391270319e-01 4.914999999999999925e-01
0.000000000000000000e+00 0.000000000000000000e+00 0.000000000000000000e+00 1.000000000000000000e+00
6.170811892631500317e-01 -1.140021530658739124e-01 7.785976592271013352e-01 -6.110000000000000153e-02
7.387523307755572421e-01 -2.568608987547549294e-01 -6.231111236886895943e-01 1.600000000000000033e-02
2.710273042172282043e-01 9.597009887393285199e-01 -7.428467258793958194e-02 4.418000000000000260e-01
0.000000000000000000e+00 0.000000000000000000e+00 0.000000000000000000e+00 1.000000000000000000e+00
-6.669579268390624094e-03 8.210689329664215830e-01 -5.707900875363590698e-01 -1.168000000000000010e-01
3.964078014297522379e-01 -5.218664289463101902e-01 -7.553252844334392702e-01 -7.040000000000000424e-02
-9.180503099928744026e-01 -2.313033455361325763e-01 -3.219975010241222790e-01 4.169999999999999818e-01
0.000000000000000000e+00 0.000000000000000000e+00 0.000000000000000000e+00 1.000000000000000000e+00
-3.703094793741832369e-01 9.235877972230432942e-01 9.927975778731651380e-02 -2.479999999999999913e-02
-8.415344439044416536e-01 -2.883033033839295101e-01 -4.568380292624029115e-01 1.630000000000000060e-01
-3.933073470049391340e-01 -2.527187885350052898e-01 8.839923895109820240e-01 5.197000000000000508e-01
0.000000000000000000e+00 0.000000000000000000e+00 0.000000000000000000e+00 1.000000000000000000e+00
