0.000000000000000000e+00 0.000000000000000000e+00 0.000000000000000000e+00 0.000000000000000000e+00
0.000000000000000000e+00 0.000000000000000000e+00 0.000000000000000000e+00 0.000000000000000000e+00
0.000000000000000000e+00 0.000000000000000000e+00 0.000000000000000000e+00 0.000000000000000000e+00
0.000000000000000000e+00 0.000000000000000000e+00 0.000000000000000000e+00 0.000000000000000000e+00
8.619530144681551986e-01 -5.044097020464564096e-01 5.106714531541091395e-02 1.418000000000000094e-01
4.967383629848971527e-01 8.200800487728150401e-01 -2.841121474767698274e-01 -9.110000000000000042e-02
1.014297766355857083e-01 2.702583321309118825e-01 9.574301198131761614e-01 4.415000000000000036e-01
0.000000000000000000e+00 0.000000000000000000e+00 0.000000000000000000e+00 1.000000000000000000e+00
-3.491046236020654003e-01 -8.530091042534158063e-01 -3.879451376682603869e-01 -5.249999999999999806e-02
4.980051087511294661e-01 -5.195736613617394362e-01 6.942867722180311452e-01 -5.709999999999999798e-02
-7.937990132504801899e-01 4.918006181311473934e-02 6.061884592126629556e-01 4.359999999999999987e-01
0.000000000000000000e+00 0.000000000000000000e+00 0.000000000000000000e+00 1.000000000000000000e+00
1.988919719556392351e-02 4.556666083137523859e-01 -8.899282903148756363e-01 -1.600000000000000033e-02
1.237009918268787423e-01 8.821437062081893821e-01 4.544453170826234234e-01 -1.430000000000000021e-02
9.921201965769886888e-01 -1.191235646928055503e-01 -3.882128126320072425e-02 4.408000000000000251e-01
0.000000000000000000e+00 0.000000000000000000e+00 0.000000000000000000e+00 1.000000000000000000e+00
5.113531540207899573e-01 -1.004637611297265476e-03 -8.593700847575856949e-01 9.450000000000000067e-02
-8.139760890008400640e-01 -3.212774419935582326e-01 -4.839666639356187128e-01 -1.559999999999999928e-02
-2.756100114435006132e-01 9.469845806396984811e-01 -1.651039842728443396e-01 4.395999999999999908e-01
0.000000000000000000e+00 0.000000000000000000e+00 0.000000000000000000e+00 1.000000000000000000e+00
3.828620392647829052e-01 8.917549643573104978e-01 2.412255012101827412e-01 3.559999999999999970e-02
-8.546689392970238108e-01 4.410352311338130438e-01 -2.739140907285427806e-01 -8.500000000000000611e-03
-3.506531948961996159e-01 -1.012966358910111775e-01 9.310109174796242781e-01 4.657999999999999918e-01
0.000000000000000000e+00 0.000000000000000000e+00 0.000000000000000000e+00 1.000000000000000000e+00
9.919247327512787926e-01 5.703755199055493552e-02 -1.132786044194966230e-01 2.450000000000000094e-02
9.062624328065982393e-02 -9.435963999051746320e-01 3.184536357381201332e-01 -1.006999999999999978e-01
-8.872546751152519950e-02 -3.261480518858228539e-01 -9.411457058638386108e-01 4.308000000000000163e-01
0.000000000000000000e+00 0.000000000000000000e+00 0.000000000000000000e+00 1.000000000000000000e+00
1.726692982666311327e-02 9.980293199653911262e-01 6.032685657134875812e-02 6.260000000000000286e-02
-8.449971834571194940e-01 4.681993049180965816e-02 -5.327172364944438021e-01 1.363999999999999935e-01
-5.344919205038521914e-01 -4.177763274960785700e-02 8.441404008326711672e-01 5.099000000000000199e-01
0.000000000000000000e+00 0.000000000000000000e+00 0.000000000000000000e+00 1.000000000000000000e+00
9.590036273741220363e-01 6.544105518301694679e-02 -2.757344936343826824e-01 1.230000000000000017e-02
-2.661032695867427411e-01 -1.267139326476520722e-01 -9.555797346052351537e-01 5.469999999999999862e-02
-9.747354819909553880e-02 9.897782820255754954e-01 -1.041050422985314583e-01 4.643999999999999795e-01
0.000000000000000000e+00 0.000000000000000000e+00 0.000000000000000000e+00 1.000000000000000000e+00
2.509137580558606917e-02 -2.266535186735289809e-01 -9.736521993674593922e-01 -9.149999999999999800e-02
2.897286850388163248e-01 -9.305089468567897537e-01 2.240767477565356602e-01 7.040000000000000424e-02
-9.567798659701514108e-01 -2.877173652951382499e-01 4.232027624865863924e-02 4.778999999999999915e-01
0.000000000000000000e+00 0.000000000000000000e+00 0.000000000000000000e+00 1.000000000000000000e+00
-9.984827964497435815e-01 5.559253008652041000e-03 -5.478320819270716263e-02 1.794000000000000039e-01
1.652519866896488485e-02 -9.187796299443338199e-01 -3.944247829539920813e-01 7.610000000000000098e-02
-5.252640291178280879e-02 -3.947316636720930028e-01 9.172937864674602926e-01 4.892000000000000237e-01
0.000000000000000000e+00 0.000000000000000000e+00 0.000000000000000000e+00 1.000000000000000000e+00
