0.000000000000000000e+00 0.000000000000000000e+00 0.000000000000000000e+00 0.000000000000000000e+00
0.000000000000000000e+00 0.000000000000000000e+00 0.000000000000000000e+00 0.000000000000000000e+00
0.000000000000000000e+00 0.000000000000000000e+00 0.000000000000000000e+00 0.000000000000000000e+00
0.000000000000000000e+00 0.000000000000000000e+00 0.000000000000000000e+00 0.000000000000000000e+00
-8.529351199877202028e-01 -5.218324395031145313e-01 -1.387754206485306008e-02 8.999999999999999754e-04
3.744377028033848420e-01 -5.930625130325344330e-01 -7.127925801766311631e-01 6.439999999999999891e-02
3.637280410015942822e-01 -6.131620998706325265e-01 7.012375856094559268e-01 5.352000000000000091e-01
0.000000000000000000e+00 0.000000000000000000e+00 0.000000000000000000e+00 1.000000000000000000e+00
-6.604624239004364128e-02 8.316364539160657765e-01 -5.513789099920916037e-01 6.519999999999999407e-02
3.858949703960051769e-01 -4.882995373168901310e-01 -7.827187449391878049e-01 -4.830000000000000265e-02
-9.201755080902891404e-01 -2.644699800998641104e-01 -2.886739751636013818e-01 3.864000000000000212e-01
0.000000000000000000e+00 0.000000000000000000e+00 0.000000000000000000e+00 1.000000000000000000e+00
-3.531425659147386931e-01 -9.345204279473181552e-01 4.429331651970996875e-02 1.060000000000000005e-02
-7.988725311428818143e-01 2.765661524620203204e-01 -5.341477719673832780e-01 -3.490000000000000047e-02
4.869219723164270319e-01 -2.240150286510161626e-01 -8.442299804046076162e-01 3.907999999999999807e-01
0.000000000000000000e+00 0.000000000000000000e+00 0.000000000000000000e+00 1.000000000000000000e+00
5.147588758068750714e-01 4.485555107190947188e-02 8.561607788938229158e-01 -4.030000000000000249e-02
6.006949723672463382e-01 -7.313942849994672368e-01 -3.228435380224160545e-01 3.080000000000000099e-02
6.117097759156341352e-01 6.804780521134780047e-01 -4.034362039295571467e-01 4.636000000000000121e-01
0.000000000000000000e+00 0.000000000000000000e+00 0.000000000000000000e+00 1.000000000000000000e+00
6.281148172996544599e-01 -7.708581268753826876e-01 -1.060637757144164695e-01 -2.469999999999999973e-02
5.897482276985708260e-01 5.605344584264506658e-01 -5.813760821043125748e-01 -2.539999999999999897e-02
5.076108787398240230e-01 3.026200078427434548e-01 8.066922130764877519e-01 4.354000000000000092e-01
0.000000000000000000e+00 0.000000000000000000e+00 0.000000000000000000e+00 1.000000000000000000e+00
-5.241587387403097154e-01 8.515583706286338206e-01 1.029359094163995181e-02 6.710000000000000686e-02
6.433523138499637195e-01 3.880244585384764466e-01 6.599506192434551055e-01 5.300000000000000024e-03
5.579923089667681024e-01 3.525412897636649445e-01 -7.512384589101559484e-01 4.571000000000000063e-01
0.000000000000000000e+00 0.000000000000000000e+00 0.000000000000000000e+00 1.000000000000000000e+00
8.369066214558251726e-01 -5.012090832014247654e-01 2.199471797495559378e-01 -1.711000000000000021e-01
5.228982387856370151e-01 6.133771833374543903e-01 -5.919002135798647757e-01 -5.920000000000000262e-02
1.617551817972921746e-01 6.103752009030167791e-01 7.754207730544281363e-01 4.016000000000000125e-01
0.000000000000000000e+00 0.000000000000000000e+00 0.000000000000000000e+00 1.000000000000000000e+00
-2.038108533519467080e-01 -1.617437844129817059e-01 9.655568777962890703e-01 -6.700000000000000400e-02
6.658953225345154436e-01 -7.458818023452327139e-01 1.561269857778008197e-02 -4.410000000000000031e-02
7.176660473246625482e-01 6.461418459858436769e-01 2.597232361253056787e-01 3.862999999999999767e-01
0.000000000000000000e+00 0.000000000000000000e+00 0.000000000000000000e+00 1.000000000000000000e+00
-2.717067855690946665e-02 9.652686830542536178e-01 2.598424979510931543e-01 -3.459999999999999881e-02
7.564928717046852658e-01 1.897714175134398440e-01 -6.258636785714106754e-01 -1.171999999999999986e-01
-6.534372879525283118e-01 1.795638566350325760e-01 -7.353750961948586351e-01 3.170000000000000040e-01
0.000000000000000000e+00 0.000000000000000000e+00 0.000000000000000000e+00 1.000000000000000000e+00
4.703688044564833248e-01 8.714017822429125371e-01 1.393273903367680533e-01 -1.701000000000000012e-01
-5.439121568446729782e-01 4.106052098048361687e-01 -7.318216499378126239e-01 3.169999999999999901e-02
-6.949192423805476970e-01 2.684442131710088608e-01 6.671019044975389223e-01 4.985999999999999877e-01
0.000000000000000000e+00 0.000000000000000000e+00 0.000000000000000000e+00 1.000000000000000000e+00
