0.000000000000000000e+00 0.000000000000000000e+00 0.000000000000000000e+00 0.000000000000000000e+00
0.000000000000000000e+00 0.000000000000000000e+00 0.000000000000000000e+00 0.000000000000000000e+00
0.000000000000000000e+00 0.000000000000000000e+00 0.000000000000000000e+00 0.000000000000000000e+00
0.000000000000000000e+00 0.000000000000000000e+00 0.000000000000000000e+00 0.000000000000000000e+00
5.327619100606613145e-01 -8.454187126959245013e-01 3.784108101100924770e-02 1.612999999999999989e-01
5.659065490941928012e-01 3.226603130424015031e-01 -7.587094965002623148e-01 -4.490000000000000241e-02
6.292173907965497026e-01 4.256260361055763664e-01 6.503291109186460917e-01 4.344000000000000083e-01
0.000000000000000000e+00 0.000000000000000000e+00 0.000000000000000000e+00 1.000000000000000000e+00
-4.186860991487690864e-01 -5.356903620298241187e-01 -7.333060659833269268e-01 -2.549999999999999836e-02
7.410960516655180630e-01 -6.682425946908634451e-01 6.502673947387138664e-02 -7.140000000000000513e-02
-5.248605458456249151e-01 -5.162244382719388680e-01 6.767818974717437763e-01 3.759000000000000119e-01
0.000000000000000000e+00 0.000000000000000000e+00 0.000000000000000000e+00 1.000000000000000000e+00
-1.737837356600615557e-01 3.352760347989197642e-02 -9.842129408948698810e-01 -1.250000000000000069e-02
-4.774129390747905988e-01 8.712554803017151794e-01 1.139770750993280846e-01 -3.119999999999999857e-02
8.613222967182516676e-01 4.896833546784317148e-01 -1.354035203636638762e-01 4.134999999999999787e-01
0.000000000000000000e+00 0.000000000000000000e+00 0.000000000000000000e+00 1.000000000000000000e+00
8.495366522071363669e-01 9.179267694341797235e-03 -5.274497299281579732e-01 8.630000000000000171e-02
-3.130491416204830291e-01 -7.959953738969165471e-01 -5.180652465330851664e-01 1.000000000000000048e-04
-4.246030045670542430e-01 6.052331003665473164e-01 -6.733536832403359540e-01 4.517999999999999794e-01
0.000000000000000000e+00 0.000000000000000000e+00 0.000000000000000000e+00 1.000000000000000000e+00
7.638239787191640762e-01 6.117984764346958704e-01 2.056101985938705023e-01 2.730000000000000135e-02
-3.372464928509065762e-01 6.499369672628753092e-01 -6.810629498401007398e-01 -2.659999999999999865e-02
-5.503069439807110053e-01 4.508708937349149570e-01 7.027643307605256906e-01 4.549000000000000266e-01
0.000000000000000000e+00 0.000000000000000000e+00 0.000000000000000000e+00 1.000000000000000000e+00
8.529196824686899880e-01 5.102388444406722456e-01 -1.103826837930503846e-01 6.279999999999999472e-02
4.045341994039318712e-01 -5.123414380327455664e-01 7.575343770332527704e-01 -7.960000000000000409e-02
3.299698422130861730e-01 -6.907695509345979090e-01 -6.433951590830362388e-01 3.789000000000000146e-01
0.000000000000000000e+00 0.000000000000000000e+00 0.000000000000000000e+00 1.000000000000000000e+00
4.604760005256743893e-01 8.710649589376648905e-01 1.709025753194002295e-01 -1.839999999999999969e-02
-3.272133964839960552e-01 3.455359845980329192e-01 -8.795091111007748985e-01 6.579999999999999738e-02
-8.251625573796270707e-01 3.490712257674529195e-01 4.441351519975891282e-01 5.691000000000000503e-01
0.000000000000000000e+00 0.000000000000000000e+00 0.000000000000000000e+00 1.000000000000000000e+00
9.816460104640074569e-01 -2.332543463768432107e-02 1.892803059989622561e-01 -2.089999999999999844e-02
1.282741199835246704e-01 -6.536904790608095706e-01 -7.458113083935518084e-01 1.569999999999999868e-02
1.411271068312179022e-01 7.564024601257008928e-01 -6.387006012469673699e-01 4.754999999999999782e-01
0.000000000000000000e+00 0.000000000000000000e+00 0.000000000000000000e+00 1.000000000000000000e+00
2.744012854831745507e-02 2.473461791324049197e-01 -9.685385418318944728e-01 -1.218000000000000055e-01
7.843877193627848410e-01 -6.059481144866531999e-01 -1.325246703935508696e-01 -9.900000000000000813e-03
-6.196635740933148506e-01 -7.560732439510544634e-01 -2.106425994978906591e-01 4.565000000000000169e-01
0.000000000000000000e+00 0.000000000000000000e+00 0.000000000000000000e+00 1.000000000000000000e+00
-8.863068157670395131e-01 4.630926577316443193e-01 -2.327805819514555674e-03 1.145999999999999935e-01
-2.424316660791652200e-01 -4.682577706444266408e-01 -8.496832042080105785e-01 6.529999999999999694e-02
-3.945720664301660685e-01 -7.525156812892032088e-01 5.272883782209455417e-01 5.658999999999999586e-01
0.000000000000000000e+00 0.000000000000000000e+00 0.000000000000000000e+00 1.000000000000000000e+00
