0.000000000000000000e+00 0.000000000000000000e+00 0.000000000000000000e+00 0.000000000000000000e+00
0.000000000000000000e+00 0.000000000000000000e+00 0.000000000000000000e+00 0.000000000000000000e+00
0.000000000000000000e+00 0.000000000000000000e+00 0.000000000000000000e+00 0.000000000000000000e+00
0.000000000000000000e+00 0.000000000000000000e+00 0.000000000000000000e+00 0.000000000000000000e+00
-9.905564354229956514e-01 1.336158740882591178e-01 -3.073672776531152784e-02 -9.579999999999999627e-02
-1.090045384705528586e-01 -9.034671599675809794e-01 -4.145661605255967497e-01 8.039999999999999925e-02
-8.316224404686387017e-02 -4.073007353930798158e-01 9.094999461865548307e-01 5.018000000000000238e-01
0.000000000000000000e+00 0.000000000000000000e+00 0.000000000000000000e+00 1.000000000000000000e+00
2.103375936810926161e-01 9.767494241423084755e-01 4.145671383643945163e-02 7.140000000000000513e-02
6.151178637658372139e-02 2.909894702379223208e-02 -9.976820893545539359e-01 -5.199999999999999761e-03
-9.756917529738626804e-01 2.124001264589440718e-01 -5.396099942565490970e-02 4.410000000000000031e-01
0.000000000000000000e+00 0.000000000000000000e+00 0.000000000000000000e+00 1.000000000000000000e+00
-1.574206776419300180e-01 -7.391736012996967808e-01 6.548596165533441260e-01 2.120000000000000009e-02
-7.240497442829225694e-01 -3.645494252922536482e-01 -5.855387983070998725e-01 -2.500000000000000139e-02
6.715435191069826226e-01 -5.663268523218063510e-01 -4.778108394382498680e-01 4.242000000000000215e-01
0.000000000000000000e+00 0.000000000000000000e+00 0.000000000000000000e+00 1.000000000000000000e+00
-1.415331856430941393e-01 3.261041437388190189e-02 9.893962392469868306e-01 -8.010000000000000453e-02
9.051848026016072746e-01 -4.003526293458605778e-01 1.426823230640176243e-01 1.439999999999999961e-02
4.007603155263832484e-01 9.157807232357640936e-01 2.714473151412999385e-02 4.440000000000000058e-01
0.000000000000000000e+00 0.000000000000000000e+00 0.000000000000000000e+00 1.000000000000000000e+00
-9.919967674358876053e-04 -9.782483294241250960e-01 -2.074348618755349483e-01 -3.090000000000000038e-02
9.379069542191322828e-01 7.104605610136593974e-02 -3.395335081252397469e-01 -2.759999999999999953e-02
3.468855159412167488e-01 -1.948914156430456845e-01 9.174354336621436401e-01 4.485999999999999988e-01
0.000000000000000000e+00 0.000000000000000000e+00 0.000000000000000000e+00 1.000000000000000000e+00
-9.407804706506903702e-01 3.309067495339773068e-01 7.370772791995652828e-02 1.710000000000000062e-02
3.345662863981318513e-01 8.711105820130901067e-01 3.594881832697405799e-01 5.390000000000000346e-02
5.474948445444877132e-02 3.628595830588920435e-01 -9.302340656707313027e-01 4.787000000000000144e-01
0.000000000000000000e+00 0.000000000000000000e+00 0.000000000000000000e+00 1.000000000000000000e+00
3.498936773786514021e-01 -9.345701514593588444e-01 6.444413496723699897e-02 -1.141999999999999960e-01
9.268170873899966855e-01 3.353379616109722905e-01 -1.689927158919032890e-01 -1.453000000000000125e-01
1.363249832289288033e-01 1.188574082833261381e-01 9.835082182899149705e-01 3.948999999999999733e-01
0.000000000000000000e+00 0.000000000000000000e+00 0.000000000000000000e+00 1.000000000000000000e+00
-7.762065832586340086e-01 -1.055040579241525445e-01 6.215884762988242995e-01 -3.300000000000000155e-02
5.704355524690877255e-01 -5.374238772025821120e-01 6.211109858083582180e-01 -7.739999999999999658e-02
2.685267595329069445e-01 8.366866020046460628e-01 4.773352170547187079e-01 4.032000000000000028e-01
0.000000000000000000e+00 0.000000000000000000e+00 0.000000000000000000e+00 1.000000000000000000e+00
-4.195807496616343890e-02 5.839615714857447903e-01 8.106962458116067083e-01 5.559999999999999665e-02
4.363324025681677432e-01 7.406541303712586011e-01 -5.109261136730876007e-01 -1.322000000000000119e-01
-8.988067391904801529e-01 3.322955645083062182e-01 -2.858777770199738555e-01 3.847999999999999754e-01
0.000000000000000000e+00 0.000000000000000000e+00 0.000000000000000000e+00 1.000000000000000000e+00
9.200100871188902074e-01 3.755237779979917478e-01 1.120862692643797426e-01 -1.973999999999999921e-01
-3.171591961442167262e-01 8.814611943646722958e-01 -3.499088554614754321e-01 -5.109999999999999959e-02
-2.301987921355069244e-01 2.863704855380881931e-01 9.300540097822455055e-01 4.385000000000000009e-01
0.000000000000000000e+00 0.000000000000000000e+00 0.000000000000000000e+00 1.000000000000000000e+00
