0.000000000000000000e+00 0.000000000000000000e+00 0.000000000000000000e+00 0.000000000000000000e+00
0.000000000000000000e+00 0.000000000000000000e+00 0.000000000000000000e+00 0.000000000000000000e+00
0.000000000000000000e+00 0.000000000000000000e+00 0.000000000000000000e+00 0.000000000000000000e+00
0.000000000000000000e+00 0.000000000000000000e+00 0.000000000000000000e+00 0.000000000000000000e+00
2.292374084752184515e-01 -9.721335376586739407e-01 4.905706386237679295e-02 1.527999999999999914e-01
9.598096900813082311e-01 2.173729518764697666e-01 -1.775228397095225397e-01 3.139999999999999736e-02
1.619122273998745420e-01 8.778032098221938417e-02 9.828932016585880671e-01 4.670000000000000262e-01
0.000000000000000000e+00 0.000000000000000000e+00 0.000000000000000000e+00 1.000000000000000000e+00
-4.352749250848817475e-01 -2.362863283080963717e-01 -8.687373081933507102e-01 -4.100000000000000346e-03
1.149647451884906052e-01 -9.716328780033336443e-01 2.066704084930972574e-01 -8.219999999999999529e-02
-8.929271229815429756e-01 -9.915716698088980485e-03 4.500920257083738107e-01 4.289999999999999925e-01
0.000000000000000000e+00 0.000000000000000000e+00 0.000000000000000000e+00 1.000000000000000000e+00
-2.634582892904437923e-01 -2.774734307412072831e-01 -9.239037964186843643e-01 -9.700000000000000289e-03
8.770458650020224178e-02 9.468838724008378227e-01 -3.093846112753871891e-01 -2.630000000000000046e-02
9.606756139878757095e-01 -1.625405408502700877e-01 -2.251287126714855980e-01 4.336999999999999744e-01
0.000000000000000000e+00 0.000000000000000000e+00 0.000000000000000000e+00 1.000000000000000000e+00
9.737110126836536761e-01 4.093280332989585046e-02 -2.240789356234307583e-01 6.779999999999999916e-02
-2.080704101594512412e-01 -2.405126902638559105e-01 -9.480824596194784570e-01 5.120000000000000245e-02
-9.270150049838074557e-02 9.697825279069521853e-01 -2.256729500222616203e-01 4.486999999999999877e-01
0.000000000000000000e+00 0.000000000000000000e+00 0.000000000000000000e+00 1.000000000000000000e+00
9.278547214527854692e-01 3.275702442975571005e-01 1.782788572114279158e-01 1.710000000000000062e-02
-3.266947330526694948e-01 9.444779152208477857e-01 -3.510012899871001874e-02 1.409999999999999969e-02
-1.798782012179878376e-01 -2.567494325056749599e-02 9.833537664623354102e-01 4.650000000000000244e-01
0.000000000000000000e+00 0.000000000000000000e+00 0.000000000000000000e+00 1.000000000000000000e+00
6.387763586927257542e-01 7.601230852724030207e-01 -1.190699744319496656e-01 8.050000000000000211e-02
7.680380841522815860e-01 -6.207911356972415362e-01 1.572764036065843196e-01 -5.850000000000000339e-02
4.563184049493301114e-02 -1.919147234468771834e-01 -9.803501793019435695e-01 4.406999999999999806e-01
0.000000000000000000e+00 0.000000000000000000e+00 0.000000000000000000e+00 1.000000000000000000e+00
7.039462665455014090e-01 6.645572345326925534e-01 2.506458374817138735e-01 -7.370000000000000162e-02
-5.765738703311084068e-01 7.407634676055749878e-01 -3.447202592137144084e-01 1.348999999999999921e-01
-4.147556218643168036e-01 9.814869887687803496e-02 9.046240141852966987e-01 4.938000000000000167e-01
0.000000000000000000e+00 0.000000000000000000e+00 0.000000000000000000e+00 1.000000000000000000e+00
8.666096423531837178e-01 -5.698844330733562891e-02 4.957217416150856426e-01 -4.270000000000000184e-02
4.929020298343136375e-01 -5.690426071792908935e-02 -8.682220304146626155e-01 4.220000000000000140e-02
7.768730118687652841e-02 9.967518359358826796e-01 -2.122406164585344257e-02 4.521999999999999909e-01
0.000000000000000000e+00 0.000000000000000000e+00 0.000000000000000000e+00 1.000000000000000000e+00
-3.230696995450976772e-04 5.475644907650235593e-01 -8.367634218100176158e-01 -1.279000000000000137e-01
2.355255809612096796e-01 -8.131820937406524230e-01 -5.322241850315079237e-01 -2.040000000000000147e-02
-9.718680961626705583e-01 -1.972511365564430241e-01 -1.287027303064607331e-01 4.482999999999999763e-01
0.000000000000000000e+00 0.000000000000000000e+00 0.000000000000000000e+00 1.000000000000000000e+00
-6.908384200910953066e-01 7.204753768951355219e-01 6.047733967240657982e-02 5.299999999999999850e-02
-6.950751110302142433e-01 -6.387935227710062058e-01 -3.298688001192945918e-01 1.753000000000000114e-01
-1.990298152347395599e-01 -2.699223342993687935e-01 9.420876106254689741e-01 4.980999999999999872e-01
0.000000000000000000e+00 0.000000000000000000e+00 0.000000000000000000e+00 1.000000000000000000e+00
