0.000000000000000000e+00 0.000000000000000000e+00 0.000000000000000000e+00 0.000000000000000000e+00
0.000000000000000000e+00 0.000000000000000000e+00 0.000000000000000000e+00 0.000000000000000000e+00
0.000000000000000000e+00 0.000000000000000000e+00 0.000000000000000000e+00 0.000000000000000000e+00
0.000000000000000000e+00 0.000000000000000000e+00 0.000000000000000000e+00 0.000000000000000000e+00
-9.043333063512990488e-01 4.252240254631738936e-01 -3.695672053390627876e-02 -1.279000000000000137e-01
-3.047646255832781592e-01 -7.039103767153609414e-01 -6.415829677801012654e-01 2.469999999999999973e-02
-2.988307113012508287e-01 -5.689417454549563491e-01 7.661628392592896297e-01 5.000000000000000000e-01
0.000000000000000000e+00 0.000000000000000000e+00 0.000000000000000000e+00 1.000000000000000000e+00
3.122660121557175872e-01 8.957674993296846910e-01 3.163708659105773924e-01 6.260000000000000286e-02
3.701868150668561341e-01 1.919637444519232128e-01 -9.089068394322126210e-01 -8.000000000000000383e-04
-8.749009427375321613e-01 4.009370374019342598e-01 -2.716575646587768844e-01 4.552999999999999825e-01
0.000000000000000000e+00 0.000000000000000000e+00 0.000000000000000000e+00 1.000000000000000000e+00
-4.285481103150301507e-02 -5.320337522240077277e-01 8.456379554312222213e-01 2.230000000000000038e-02
-8.951038471470251778e-01 -3.555329267501596835e-01 -2.690454251963056431e-01 -2.610000000000000167e-02
4.437933843513773846e-01 -7.684636780557094760e-01 -4.609891620364212628e-01 4.248000000000000109e-01
0.000000000000000000e+00 0.000000000000000000e+00 0.000000000000000000e+00 1.000000000000000000e+00
-4.325718958561544092e-01 1.883413889389229379e-02 9.014027014201466681e-01 -8.749999999999999445e-02
7.053933037797082140e-01 -6.155957361495845159e-01 3.513718494945202719e-01 -1.779999999999999985e-02
5.615174457647427175e-01 7.878370166770390925e-01 2.530039392089820094e-01 4.328000000000000180e-01
0.000000000000000000e+00 0.000000000000000000e+00 0.000000000000000000e+00 1.000000000000000000e+00
-3.000037398825674551e-01 -9.266245039905746106e-01 -2.266380035666879511e-01 -2.989999999999999949e-02
7.827605413190025230e-01 -1.033285554833576203e-01 -6.136848902944447293e-01 -4.710000000000000298e-02
5.452372795494220270e-01 -3.615110485530753648e-01 7.563240514247853152e-01 4.373000000000000220e-01
0.000000000000000000e+00 0.000000000000000000e+00 0.000000000000000000e+00 1.000000000000000000e+00
-9.949150190338538202e-01 3.234784614609077791e-02 9.538197812257585839e-02 -1.000000000000000021e-02
8.377185591665263498e-02 7.915190603886214094e-01 6.053757950214011530e-01 3.189999999999999780e-02
-5.591405062366962275e-02 6.102877959546813003e-01 -7.902040401387677715e-01 4.939999999999999947e-01
0.000000000000000000e+00 0.000000000000000000e+00 0.000000000000000000e+00 1.000000000000000000e+00
6.546089389175913098e-02 -9.976055908246764803e-01 -2.231493953028101940e-02 -7.040000000000000424e-02
9.093711752214624910e-01 6.884777614541670587e-02 -4.102487652585523614e-01 -1.615000000000000047e-01
4.108027958123314227e-01 6.562688106167807733e-03 9.117006055046761315e-01 3.427999999999999936e-01
0.000000000000000000e+00 0.000000000000000000e+00 0.000000000000000000e+00 1.000000000000000000e+00
-9.298321697480409487e-01 -6.544437992434005980e-02 3.621176179613037061e-01 -1.230000000000000017e-02
2.839354587126411977e-01 -7.535669336236263671e-01 5.928891395823733257e-01 -8.179999999999999771e-02
2.340786008743475088e-01 6.541054270416991612e-01 7.192727569756165451e-01 3.821999999999999842e-01
0.000000000000000000e+00 0.000000000000000000e+00 0.000000000000000000e+00 1.000000000000000000e+00
-3.979551511523293783e-02 3.132091591201309200e-01 9.488500090214332383e-01 8.930000000000000437e-02
6.424355195528002049e-01 7.353324411866107857e-01 -2.157841610393666509e-01 -1.078999999999999959e-01
-7.653057690842511862e-01 6.009877066810935808e-01 -2.304796221459999295e-01 3.694000000000000061e-01
0.000000000000000000e+00 0.000000000000000000e+00 0.000000000000000000e+00 1.000000000000000000e+00
9.934631379054060796e-01 8.211623755288294246e-02 7.929638802179152235e-02 -1.809999999999999942e-01
-2.455140298374209121e-02 8.320934924760046147e-01 -5.540917328300568601e-01 -1.042000000000000010e-01
-1.114819368089464274e-01 5.485228740073141429e-01 8.286702809055495056e-01 3.896000000000000019e-01
0.000000000000000000e+00 0.000000000000000000e+00 0.000000000000000000e+00 1.000000000000000000e+00
