0.000000000000000000e+00 0.000000000000000000e+00 0.000000000000000000e+00 0.000000000000000000e+00
0.000000000000000000e+00 0.000000000000000000e+00 0.000000000000000000e+00 0.000000000000000000e+00
0.000000000000000000e+00 0.000000000000000000e+00 0.000000000000000000e+00 0.000000000000000000e+00
0.000000000000000000e+00 0.000000000000000000e+00 0.000000000000000000e+00 0.000000000000000000e+00
-8.724242983516421468e-01 4.876208261956387346e-01 -3.319297374336779849e-02 -1.323000000000000009e-01
-4.200272505382929289e-01 -7.827491361887379817e-01 -4.592177028393252813e-01 3.670000000000000345e-02
-2.499058871873317267e-01 -3.866907286916346775e-01 8.877034008569784085e-01 4.902000000000000246e-01
0.000000000000000000e+00 0.000000000000000000e+00 0.000000000000000000e+00 1.000000000000000000e+00
3.276938216195964815e-01 8.658208902418300656e-01 3.781149895113774528e-01 6.110000000000000153e-02
1.891013244322257147e-01 3.320076097838398077e-01 -9.241274999390505229e-01 1.430000000000000021e-02
-9.256659485852994917e-01 3.743329174230694556e-01 -5.493103460896442414e-02 4.577999999999999847e-01
0.000000000000000000e+00 0.000000000000000000e+00 0.000000000000000000e+00 1.000000000000000000e+00
-1.115981605784766018e-02 -4.783163783056407770e-01 8.781166783236324935e-01 2.350000000000000006e-02
-7.772636872295783927e-01 -5.483214464082126760e-01 -3.085526728503337202e-01 -1.949999999999999997e-02
6.290760041678864489e-01 -6.859715982847833793e-01 -3.656587853816515299e-01 4.324999999999999956e-01
0.000000000000000000e+00 0.000000000000000000e+00 0.000000000000000000e+00 1.000000000000000000e+00
-4.947418635408518117e-01 1.988527024008962529e-02 8.688124449428678009e-01 -8.690000000000000502e-02
7.820809541479707416e-01 -4.257186056820054798e-01 4.550967478846323910e-01 -1.679999999999999896e-02
3.789193444773237829e-01 9.046370790563735831e-01 1.950689251962689497e-01 4.353000000000000203e-01
0.000000000000000000e+00 0.000000000000000000e+00 0.000000000000000000e+00 1.000000000000000000e+00
-3.662545379089723330e-01 -9.032516037256435038e-01 -2.235937249301471752e-01 -2.790000000000000119e-02
8.621865960291643649e-01 -2.390385591498189743e-01 -4.466484533357539255e-01 -4.059999999999999720e-02
3.499884099348546940e-01 -3.563665354752486025e-01 8.663203825979396422e-01 4.477999999999999758e-01
0.000000000000000000e+00 0.000000000000000000e+00 0.000000000000000000e+00 1.000000000000000000e+00
-9.947820030032608063e-01 -3.798729013089281736e-02 9.468755086774587049e-02 -1.499999999999999944e-02
5.617929102079526060e-03 9.062926897823037065e-01 4.226132976135051345e-01 5.000000000000000278e-02
-1.018685691144456812e-01 4.209400506434002875e-01 -9.013502473461174613e-01 4.863000000000000100e-01
0.000000000000000000e+00 0.000000000000000000e+00 0.000000000000000000e+00 1.000000000000000000e+00
-3.134363580075349986e-03 -9.992815206406793216e-01 -3.777060061740487862e-02 -5.800000000000000294e-02
9.794938136966191422e-01 4.541042747157053583e-03 -2.014230569245269442e-01 -1.751999999999999946e-01
2.014498565276248709e-01 -3.762740273816543579e-02 9.787758343298935682e-01 3.796999999999999820e-01
0.000000000000000000e+00 0.000000000000000000e+00 0.000000000000000000e+00 1.000000000000000000e+00
-9.533607166557289680e-01 -5.065822648209901413e-02 2.975518241035713940e-01 -6.100000000000000387e-03
2.680983734117707296e-01 -5.950002137884637943e-01 7.576925549097370816e-01 -8.540000000000000369e-02
1.386600379043546882e-01 8.021274772013302634e-01 5.808312183474579893e-01 4.022999999999999909e-01
0.000000000000000000e+00 0.000000000000000000e+00 0.000000000000000000e+00 1.000000000000000000e+00
-4.323013952580900821e-02 2.458195368290257976e-01 9.683511296785595190e-01 9.729999999999999760e-02
4.554641736487833326e-01 8.675229809470625941e-01 -1.998906302235134436e-01 -1.071000000000000008e-01
-8.892038807602057338e-01 4.324079472464465446e-01 -1.494651317167463578e-01 3.986000000000000099e-01
0.000000000000000000e+00 0.000000000000000000e+00 0.000000000000000000e+00 1.000000000000000000e+00
9.971106905290434419e-01 1.207692318461648512e-02 7.499612496047461385e-02 -1.733999999999999986e-01
1.522255527006375828e-02 9.354857419545679065e-01 -3.530364009712899653e-01 -1.163000000000000006e-01
-7.442139909827080735e-02 3.531580022116226347e-01 9.325989925097235567e-01 4.096000000000000196e-01
0.000000000000000000e+00 0.000000000000000000e+00 0.000000000000000000e+00 1.000000000000000000e+00
