0.000000000000000000e+00 0.000000000000000000e+00 0.000000000000000000e+00 0.000000000000000000e+00
0.000000000000000000e+00 0.000000000000000000e+00 0.000000000000000000e+00 0.000000000000000000e+00
0.000000000000000000e+00 0.000000000000000000e+00 0.000000000000000000e+00 0.000000000000000000e+00
0.000000000000000000e+00 0.000000000000000000e+00 0.000000000000000000e+00 0.000000000000000000e+00
2.111385897701011372e-01 -9.768778369460433542e-01 3.361826279735863343e-02 1.516000000000000125e-01
8.137070618953616830e-01 1.566071865048156431e-01 -5.597812131151451709e-01 8.500000000000000611e-03
5.415729990790814075e-01 1.455468337637929599e-01 8.279582150385513817e-01 4.687000000000000055e-01
0.000000000000000000e+00 0.000000000000000000e+00 0.000000000000000000e+00 1.000000000000000000e+00
-4.204938472814274686e-01 -2.210838697060678870e-01 -8.799470705413215965e-01 -2.700000000000000143e-03
4.637129818863383601e-01 -8.859849044203049750e-01 1.009737304001417924e-03 -8.100000000000000255e-02
-7.798430578190355122e-01 -4.076182916591611916e-01 4.750706615613337069e-01 3.842999999999999750e-01
0.000000000000000000e+00 0.000000000000000000e+00 0.000000000000000000e+00 1.000000000000000000e+00
-2.826623318951622110e-01 -2.889925198033234111e-01 -9.146503865550567047e-01 -9.199999999999999845e-03
-3.106093808549498236e-01 9.297361721414975078e-01 -1.977687102060898261e-01 -3.169999999999999901e-02
9.075372271441505267e-01 2.281972254638547359e-01 -3.525651821126198904e-01 4.111000000000000210e-01
0.000000000000000000e+00 0.000000000000000000e+00 0.000000000000000000e+00 1.000000000000000000e+00
9.783788793068839418e-01 2.641685497578381836e-02 -2.051265909125247477e-01 6.669999999999999540e-02
-1.463582077818952332e-01 -6.123344930670504560e-01 -7.769335516086237625e-01 3.350000000000000200e-02
-1.461302280196587200e-01 7.901573377331294612e-01 -5.952288115383996825e-01 4.578999999999999737e-01
0.000000000000000000e+00 0.000000000000000000e+00 0.000000000000000000e+00 1.000000000000000000e+00
9.359516448338486283e-01 3.134353405952616245e-01 1.604768076662346221e-01 1.640000000000000138e-02
-2.198416461108477493e-01 8.761303867087293362e-01 -4.290281996802602360e-01 -7.400000000000000328e-03
-2.750712074501547866e-01 3.662701636108854353e-01 8.889218177547275612e-01 4.566000000000000059e-01
0.000000000000000000e+00 0.000000000000000000e+00 0.000000000000000000e+00 1.000000000000000000e+00
6.258595170232151839e-01 7.730897459416125050e-01 -1.031121218451107879e-01 8.129999999999999727e-02
6.879558693325319441e-01 -4.849191658585747522e-01 5.399723367302668997e-01 -6.339999999999999802e-02
3.674460325032619101e-01 -4.088834152945769462e-01 -8.353429031808761174e-01 4.066000000000000170e-01
0.000000000000000000e+00 0.000000000000000000e+00 0.000000000000000000e+00 1.000000000000000000e+00
7.204940099637234807e-01 6.509883390589485952e-01 2.389614278825463178e-01 -7.679999999999999327e-02
-3.545605186687978971e-01 6.419649583610397281e-01 -6.798292659468416765e-01 9.080000000000000571e-02
-5.959657877829120931e-01 4.050866261008624902e-01 6.933466702498203293e-01 5.296999999999999487e-01
0.000000000000000000e+00 0.000000000000000000e+00 0.000000000000000000e+00 1.000000000000000000e+00
8.572941579460262584e-01 -7.477767322463299560e-02 5.093672803966934337e-01 -4.370000000000000273e-02
4.249306887054722370e-01 -4.558049616754258349e-01 -7.820970187312806798e-01 2.319999999999999840e-02
2.906555290165778738e-01 8.869329943683311734e-01 -3.589836026240189604e-01 4.549000000000000266e-01
0.000000000000000000e+00 0.000000000000000000e+00 0.000000000000000000e+00 1.000000000000000000e+00
1.405164446693141223e-02 5.636896571423148927e-01 -8.258671332112413888e-01 -1.279000000000000137e-01
6.087284357452411587e-01 -6.600745076589702443e-01 -4.401719389669444538e-01 -3.309999999999999748e-02
-7.932542107060803760e-01 -4.965436685424024499e-01 -3.524090555413212922e-01 4.240999999999999770e-01
0.000000000000000000e+00 0.000000000000000000e+00 0.000000000000000000e+00 1.000000000000000000e+00
-6.762415330394491164e-01 7.351261912106393792e-01 4.782125038718576526e-02 4.900000000000000189e-02
-5.594835448322171834e-01 -4.702694028947884686e-01 -6.825136275291179278e-01 1.269000000000000128e-01
-4.792447725895734312e-01 -4.882992644855380093e-01 7.293067093126530676e-01 5.528999999999999471e-01
0.000000000000000000e+00 0.000000000000000000e+00 0.000000000000000000e+00 1.000000000000000000e+00
