0.000000000000000000e+00 0.000000000000000000e+00 0.000000000000000000e+00 0.000000000000000000e+00
0.000000000000000000e+00 0.000000000000000000e+00 0.000000000000000000e+00 0.000000000000000000e+00
0.000000000000000000e+00 0.000000000000000000e+00 0.000000000000000000e+00 0.000000000000000000e+00
0.000000000000000000e+00 0.000000000000000000e+00 0.000000000000000000e+00 0.000000000000000000e+00
8.181067557666499290e-01 -5.735551200137753991e-01 4.166365892418247285e-02 1.476000000000000090e-01
4.653086331820070476e-01 6.176494949022790504e-01 -6.340323156852905040e-01 -8.640000000000000457e-02
3.379189430251866577e-01 5.380925810238821327e-01 7.721833734235653557e-01 4.134999999999999787e-01
0.000000000000000000e+00 0.000000000000000000e+00 0.000000000000000000e+00 1.000000000000000000e+00
-3.600590913966708051e-01 -8.125001037573688079e-01 -4.584768610266700128e-01 -4.859999999999999737e-02
7.490063944341326385e-01 -5.447421875901623523e-01 3.771543054987764876e-01 -6.410000000000000420e-02
-5.561896005854334302e-01 -2.076042640548331208e-01 8.047071503018145000e-01 4.101000000000000201e-01
0.000000000000000000e+00 0.000000000000000000e+00 0.000000000000000000e+00 1.000000000000000000e+00
-2.137261381993282860e-02 3.913632793379967501e-01 -9.199880406637431784e-01 -1.559999999999999928e-02
-2.752410841198313918e-01 8.823359303558652167e-01 3.817402934137155701e-01 -2.469999999999999973e-02
9.611376368611542764e-01 2.613772935602073910e-01 8.886142819073550303e-02 4.334999999999999964e-01
0.000000000000000000e+00 0.000000000000000000e+00 0.000000000000000000e+00 1.000000000000000000e+00
5.801034638487621020e-01 -7.316064452198289825e-03 -8.145099425001509630e-01 9.470000000000000639e-02
-6.096229983236418626e-01 -6.670939077535649187e-01 -4.281886478562589859e-01 -1.909999999999999892e-02
-5.402219647011410331e-01 7.449377111134928287e-01 -3.914435277475276642e-01 4.383000000000000229e-01
0.000000000000000000e+00 0.000000000000000000e+00 0.000000000000000000e+00 1.000000000000000000e+00
4.573983098681356774e-01 8.586546346669252650e-01 2.312985181422095859e-01 3.470000000000000168e-02
-6.249538487961405764e-01 4.954243317117170697e-01 -6.033136981893327810e-01 -2.630000000000000046e-02
-6.326290168848277551e-01 1.314037667382774166e-01 7.632257707142289238e-01 4.616999999999999993e-01
0.000000000000000000e+00 0.000000000000000000e+00 0.000000000000000000e+00 1.000000000000000000e+00
9.845986274924366510e-01 1.383959658801790504e-01 -1.068274279766308760e-01 3.169999999999999901e-02
1.744007908633460890e-01 -7.347056009114321107e-01 6.555852683942884340e-01 -9.779999999999999805e-02
1.224364677085065800e-02 -6.641191433902986496e-01 -7.475264921702018395e-01 3.929000000000000270e-01
0.000000000000000000e+00 0.000000000000000000e+00 0.000000000000000000e+00 1.000000000000000000e+00
9.815305388366224459e-02 9.924651633566261566e-01 7.334083130710017384e-02 4.929999999999999660e-02
-5.644215468170350469e-01 1.162142701051933624e-01 -8.172652940830062995e-01 9.099999999999999756e-02
-8.196305847770546382e-01 3.882193899617575328e-02 5.715755081794536840e-01 5.604000000000000092e-01
0.000000000000000000e+00 0.000000000000000000e+00 0.000000000000000000e+00 1.000000000000000000e+00
9.789523820723265990e-01 4.283136010915309516e-02 -1.995437501554924720e-01 6.799999999999999621e-03
-1.516564755615467386e-01 -5.016206013036004219e-01 -8.516907218985444450e-01 3.099999999999999978e-02
-1.365743279506347330e-01 8.640267628603953698e-01 -4.845670294250508103e-01 4.837000000000000188e-01
0.000000000000000000e+00 0.000000000000000000e+00 0.000000000000000000e+00 1.000000000000000000e+00
3.388363527231752492e-02 -1.463245184612206318e-01 -9.886561761086734013e-01 -9.829999999999999849e-02
6.432572231191893142e-01 -7.538994100883582572e-01 1.336256875507650377e-01 3.420000000000000123e-02
-7.649000223334563309e-01 -6.404879505232843329e-01 6.857945077616811602e-02 4.960999999999999854e-01
0.000000000000000000e+00 0.000000000000000000e+00 0.000000000000000000e+00 1.000000000000000000e+00
-9.946808670214355441e-01 8.746911119234748733e-02 -5.439786180270354821e-02 1.708999999999999964e-01
-2.082056737285103293e-02 -6.879419719020400947e-01 -7.254669856511770654e-01 5.040000000000000036e-02
-1.008785247501065158e-01 -7.204755359363379519e-01 6.861038735945810263e-01 5.247000000000000552e-01
0.000000000000000000e+00 0.000000000000000000e+00 0.000000000000000000e+00 1.000000000000000000e+00
