0.000000000000000000e+00 0.000000000000000000e+00 0.000000000000000000e+00 0.000000000000000000e+00
0.000000000000000000e+00 0.000000000000000000e+00 0.000000000000000000e+00 0.000000000000000000e+00
0.000000000000000000e+00 0.000000000000000000e+00 0.000000000000000000e+00 0.000000000000000000e+00
0.000000000000000000e+00 0.000000000000000000e+00 0.000000000000000000e+00 0.000000000000000000e+00
-7.593433139315017844e-01 6.501285562297510756e-01 -2.702946470324182893e-02 -1.419999999999999873e-01
-6.207787281079116815e-01 -7.362616451815255925e-01 -2.693558251891286504e-01 2.659999999999999865e-02
-1.950166718930662624e-01 -1.877542282059511125e-01 9.626613358157373179e-01 4.776000000000000245e-01
0.000000000000000000e+00 0.000000000000000000e+00 0.000000000000000000e+00 1.000000000000000000e+00
3.669319230593457437e-01 7.578567043465747055e-01 5.394573009209522318e-01 5.439999999999999697e-02
5.845984888235805643e-02 5.599749153954610703e-01 -8.264445173128672772e-01 3.559999999999999970e-02
-9.284090746586992626e-01 3.347854683297867284e-01 1.611684841604683616e-01 4.596999999999999975e-01
0.000000000000000000e+00 0.000000000000000000e+00 0.000000000000000000e+00 1.000000000000000000e+00
7.306324509504980025e-02 -3.128263917972100017e-01 9.469959930281220961e-01 2.589999999999999941e-02
-6.224062322202983388e-01 -7.562347011696211041e-01 -2.017908789817456638e-01 -9.199999999999999845e-03
7.792767443658975557e-01 -5.746727114993647190e-01 -2.499580571785098293e-01 4.405999999999999917e-01
0.000000000000000000e+00 0.000000000000000000e+00 0.000000000000000000e+00 1.000000000000000000e+00
-6.562161266731125764e-01 1.768613388905482253e-02 7.543656910028422313e-01 -8.319999999999999618e-02
7.328249740944445811e-01 -2.233508659935645735e-01 6.427145151647043475e-01 -2.709999999999999909e-02
1.798553653289605703e-01 9.745776476648654318e-01 1.336055995623051107e-01 4.375000000000000000e-01
0.000000000000000000e+00 0.000000000000000000e+00 0.000000000000000000e+00 1.000000000000000000e+00
-5.421237042421069852e-01 -8.125295445794173954e-01 -2.142373181413109728e-01 -2.220000000000000098e-02
8.284819800227269937e-01 -4.742301069965133564e-01 -2.978647585661943764e-01 -3.620000000000000301e-02
1.404261303192479993e-01 -3.389713038055583438e-01 9.302574681882007646e-01 4.576000000000000068e-01
0.000000000000000000e+00 0.000000000000000000e+00 0.000000000000000000e+00 1.000000000000000000e+00
-9.675750528599789124e-01 -2.341258685957279262e-01 9.478182704139488657e-02 -2.889999999999999861e-02
-2.055841950060491308e-01 9.479922428130284073e-01 2.429935108805150179e-01 6.099999999999999867e-02
-1.467435035929145482e-01 2.156288135213384471e-01 -9.653862226760105969e-01 4.763999999999999901e-01
0.000000000000000000e+00 0.000000000000000000e+00 0.000000000000000000e+00 1.000000000000000000e+00
-1.941389496116556757e-01 -9.772901046452578955e-01 -8.493597356917660657e-02 -2.189999999999999933e-02
9.808922897749149383e-01 -1.945115473861984690e-01 -3.946364599351645519e-03 -1.849999999999999978e-01
-1.266428457542508046e-02 -8.407918467663404172e-02 9.963785960167476086e-01 4.184999999999999831e-01
0.000000000000000000e+00 0.000000000000000000e+00 0.000000000000000000e+00 1.000000000000000000e+00
-9.941054962103987869e-01 -1.276001196276120575e-02 1.076635709002193853e-01 1.099999999999999936e-02
1.030399004964497878e-01 -4.200570323080548008e-01 9.016290082479774259e-01 -8.419999999999999707e-02
3.372004314881730386e-02 9.074079962746965933e-01 4.188957949022431571e-01 4.238000000000000100e-01
0.000000000000000000e+00 0.000000000000000000e+00 0.000000000000000000e+00 1.000000000000000000e+00
-4.723533100433918719e-02 4.987529217164082818e-02 9.976378494903368477e-01 1.165999999999999953e-01
2.507231986157621995e-01 9.673708062954390341e-01 -3.649110580940444215e-02 -8.590000000000000413e-02
-9.669057354162253759e-01 2.484072832227460226e-01 -5.819897302446896958e-02 4.294999999999999929e-01
0.000000000000000000e+00 0.000000000000000000e+00 0.000000000000000000e+00 1.000000000000000000e+00
9.812339842689093983e-01 -1.843422293218623387e-01 5.654918747787258948e-02 -1.481000000000000094e-01
1.905315692348470979e-01 9.720076390570066005e-01 -1.374731637074326496e-01 -1.446000000000000063e-01
-2.962413274120151083e-02 1.456677455838108204e-01 9.888899426406670967e-01 4.297000000000000264e-01
0.000000000000000000e+00 0.000000000000000000e+00 0.000000000000000000e+00 1.000000000000000000e+00
