0.000000000000000000e+00 0.000000000000000000e+00 0.000000000000000000e+00 0.000000000000000000e+00
0.000000000000000000e+00 0.000000000000000000e+00 0.000000000000000000e+00 0.000000000000000000e+00
0.000000000000000000e+00 0.000000000000000000e+00 0.000000000000000000e+00 0.000000000000000000e+00
0.000000000000000000e+00 0.000000000000000000e+00 0.000000000000000000e+00 0.000000000000000000e+00
1.824968671429206823e-01 -9.827837906327697715e-01 2.882558503314791576e-02 1.501000000000000112e-01
6.705831705031627399e-01 1.029753857500587122e-01 -7.346524902071404073e-01 -4.899999999999999842e-03
7.190362333853177468e-01 1.534017301046851633e-01 6.778309555338588588e-01 4.691000000000000170e-01
0.000000000000000000e+00 0.000000000000000000e+00 0.000000000000000000e+00 1.000000000000000000e+00
-4.142578777802612411e-01 -1.931879537532294744e-01 -8.894204996634798022e-01 -5.000000000000000104e-04
6.236553909287171349e-01 -7.719948085326646670e-01 -1.227923815395866869e-01 -7.520000000000000295e-02
-6.629059994166164316e-01 -6.055596008018158116e-01 4.402876398608099873e-01 3.624999999999999889e-01
0.000000000000000000e+00 0.000000000000000000e+00 0.000000000000000000e+00 1.000000000000000000e+00
-2.942776754277276474e-01 -3.139063789066396382e-01 -9.026978647513099752e-01 -8.600000000000000006e-03
-5.156537778268345251e-01 8.473961982526730941e-01 -1.265735541091817795e-01 -3.359999999999999792e-02
8.046749847968226454e-01 4.282317929213541596e-01 -4.112367935552410092e-01 3.996999999999999997e-01
0.000000000000000000e+00 0.000000000000000000e+00 0.000000000000000000e+00 1.000000000000000000e+00
9.841152198559751652e-01 2.358701051623685041e-02 -1.759570600536749518e-01 6.500000000000000222e-02
-9.266788416514479265e-02 -7.771453785682769233e-01 -6.224610219237226572e-01 2.040000000000000147e-02
-1.514262107172366090e-01 6.288789339013326485e-01 -7.626148367314542487e-01 4.621999999999999997e-01
0.000000000000000000e+00 0.000000000000000000e+00 0.000000000000000000e+00 1.000000000000000000e+00
9.459557966500399262e-01 2.867954981988271590e-01 1.513802265722798968e-01 1.549999999999999989e-02
-1.353667974715608846e-01 7.733845052963513877e-01 -6.193159428836070290e-01 -1.990000000000000102e-02
-2.946921460210327748e-01 5.653536496569242509e-01 7.704101439448431954e-01 4.502999999999999781e-01
0.000000000000000000e+00 0.000000000000000000e+00 0.000000000000000000e+00 1.000000000000000000e+00
6.031620820221120782e-01 7.915874814241160573e-01 -9.790179805997256679e-02 8.260000000000000675e-02
5.951615226957164273e-01 -3.649439941648304764e-01 7.159599451264967440e-01 -6.180000000000000077e-02
5.310162565433068638e-01 -4.901072743549567123e-01 -6.912427901331685831e-01 3.904000000000000248e-01
0.000000000000000000e+00 0.000000000000000000e+00 0.000000000000000000e+00 1.000000000000000000e+00
7.400914350444147694e-01 6.283529681447813653e-01 2.396606250462147425e-01 -8.119999999999999440e-02
-1.959820974889654177e-01 5.424186790750826770e-01 -8.169290018442656454e-01 5.729999999999999677e-02
-6.433161627362743440e-01 5.576329653222502625e-01 5.245853512520050055e-01 5.415999999999999703e-01
0.000000000000000000e+00 0.000000000000000000e+00 0.000000000000000000e+00 1.000000000000000000e+00
8.416639865718801294e-01 -8.278619967412473302e-02 5.336180083650156059e-01 -4.519999999999999712e-02
3.609123403310322553e-01 -6.488099589169016301e-01 -6.699163528434166626e-01 9.299999999999999239e-03
4.016765070360812651e-01 7.564337924456865370e-01 -5.162014154780367736e-01 4.541000000000000036e-01
0.000000000000000000e+00 0.000000000000000000e+00 0.000000000000000000e+00 1.000000000000000000e+00
1.716168446843546747e-02 5.878708810987769429e-01 -8.087727145140057861e-01 -1.272999999999999965e-01
7.750540496105109423e-01 -5.188430906834149425e-01 -3.606841657633856335e-01 -3.980000000000000204e-02
-6.316618531845608064e-01 -6.206526197529738109e-01 -4.645359284546430878e-01 4.091000000000000192e-01
0.000000000000000000e+00 0.000000000000000000e+00 0.000000000000000000e+00 1.000000000000000000e+00
-6.539955382530036054e-01 7.549863369522739065e-01 4.780655771493463879e-02 4.329999999999999821e-02
-4.453889571311865359e-01 -3.331896535259406544e-01 -8.310314865568317888e-01 8.909999999999999865e-02
-6.114887675262383748e-01 -5.647833972406157699e-01 5.541671240614973737e-01 5.756999999999999895e-01
0.000000000000000000e+00 0.000000000000000000e+00 0.000000000000000000e+00 1.000000000000000000e+00
