0.000000000000000000e+00 0.000000000000000000e+00 0.000000000000000000e+00 0.000000000000000000e+00
0.000000000000000000e+00 0.000000000000000000e+00 0.000000000000000000e+00 0.000000000000000000e+00
0.000000000000000000e+00 0.000000000000000000e+00 0.000000000000000000e+00 0.000000000000000000e+00
0.000000000000000000e+00 0.000000000000000000e+00 0.000000000000000000e+00 0.000000000000000000e+00
5.641230902302536432e-01 -8.246565445588982524e-01 4.131249914065826534e-02 1.605000000000000038e-01
6.769944264659744082e-01 4.333086592894526135e-01 -5.949135670992747871e-01 -4.189999999999999974e-02
4.726983029407609838e-01 3.635728115535522553e-01 8.027273043169578237e-01 4.403000000000000247e-01
0.000000000000000000e+00 0.000000000000000000e+00 0.000000000000000000e+00 1.000000000000000000e+00
-4.185622071639969466e-01 -5.658859693351351305e-01 -7.103370667814244976e-01 -2.840000000000000163e-02
6.164532769160909753e-01 -7.513949752788546821e-01 2.353528170749242809e-01 -7.549999999999999767e-02
-6.669265597600807505e-01 -3.393798179552286465e-01 6.633477994621368445e-01 3.941000000000000059e-01
0.000000000000000000e+00 0.000000000000000000e+00 0.000000000000000000e+00 1.000000000000000000e+00
-1.576563956479699602e-01 6.756064611070794479e-02 -9.851801967195618071e-01 -1.340000000000000045e-02
-2.678724632157165608e-01 9.573235165770372923e-01 1.085174090149574749e-01 -2.829999999999999877e-02
9.504676766529388532e-01 2.810111095769678990e-01 -1.328305384024546232e-01 4.213000000000000078e-01
0.000000000000000000e+00 0.000000000000000000e+00 0.000000000000000000e+00 1.000000000000000000e+00
8.291253784980384678e-01 1.038692326132797938e-02 -5.589662051999635395e-01 8.719999999999999973e-02
-4.237434857108006714e-01 -6.405202245498116120e-01 -6.404492956201290887e-01 8.000000000000000167e-03
-3.646814569568145314e-01 7.678710528258128054e-01 -5.266701825469455311e-01 4.490999999999999992e-01
0.000000000000000000e+00 0.000000000000000000e+00 0.000000000000000000e+00 1.000000000000000000e+00
7.389729216485145802e-01 6.393694453889866569e-01 2.124281840369537655e-01 2.779999999999999832e-02
-4.728971974206125917e-01 7.168095500592696068e-01 -5.123985847126800719e-01 -1.569999999999999868e-02
-4.798825499452845644e-01 2.781919863094675094e-01 8.320588663136788687e-01 4.596000000000000085e-01
0.000000000000000000e+00 0.000000000000000000e+00 0.000000000000000000e+00 1.000000000000000000e+00
8.713275597251152194e-01 4.773060237187968236e-01 -1.138738046489497779e-01 5.970000000000000306e-02
4.438877290883784799e-01 -6.677628452316228813e-01 5.975420206922099631e-01 -8.530000000000000082e-02
2.091697101117610258e-01 -5.712020152712335985e-01 -7.937104573595101797e-01 3.965000000000000191e-01
0.000000000000000000e+00 0.000000000000000000e+00 0.000000000000000000e+00 1.000000000000000000e+00
4.276401027372739305e-01 8.887054199472073091e-01 1.653076498148576823e-01 -1.239999999999999956e-02
-5.163161623204126638e-01 3.902464390558443297e-01 -7.623157727155814856e-01 1.011999999999999983e-01
-7.419848806125195484e-01 2.406457840077215193e-01 6.257379991511895501e-01 5.514000000000000012e-01
0.000000000000000000e+00 0.000000000000000000e+00 0.000000000000000000e+00 1.000000000000000000e+00
9.880956707226181690e-01 -1.394288854003328942e-02 1.532075107766575628e-01 -1.890000000000000013e-02
1.290238649996399145e-01 -4.672683595886057972e-01 -8.746502857645038764e-01 3.160000000000000309e-02
8.378417368318515079e-02 8.840055859475853817e-01 -4.599068778064665519e-01 4.713999999999999857e-01
0.000000000000000000e+00 0.000000000000000000e+00 0.000000000000000000e+00 1.000000000000000000e+00
2.511607204236121493e-02 2.106326669106959593e-01 -9.772425812229278419e-01 -1.208000000000000046e-01
6.250241940721309453e-01 -7.662357499990350984e-01 -1.490890078037270805e-01 5.100000000000000366e-03
-7.802012174751115081e-01 -6.070557264811067277e-01 -1.508953451795298495e-01 4.611000000000000099e-01
0.000000000000000000e+00 0.000000000000000000e+00 0.000000000000000000e+00 1.000000000000000000e+00
-9.031513169111724526e-01 4.292994323559602976e-01 -4.438033400649271654e-03 1.203999999999999931e-01
-2.995393548367742409e-01 -6.375029062194847995e-01 -7.098353467288593954e-01 9.629999999999999671e-02
-3.075611706077086005e-01 -6.397593625266935202e-01 7.043536642865250164e-01 5.449000000000000510e-01
0.000000000000000000e+00 0.000000000000000000e+00 0.000000000000000000e+00 1.000000000000000000e+00
