0.000000000000000000e+00 0.000000000000000000e+00 0.000000000000000000e+00 0.000000000000000000e+00
0.000000000000000000e+00 0.000000000000000000e+00 0.000000000000000000e+00 0.000000000000000000e+00
0.000000000000000000e+00 0.000000000000000000e+00 0.000000000000000000e+00 0.000000000000000000e+00
0.000000000000000000e+00 0.000000000000000000e+00 0.000000000000000000e+00 0.000000000000000000e+00
-7.355994322492218629e-01 -6.774154579081712590e-01 -1.331413416306242992e-03 3.259999999999999704e-02
5.608634618420891282e-01 -6.079320702346577843e-01 -5.620060276818306111e-01 8.909999999999999865e-02
3.799021616747264574e-01 -4.141580560212075879e-01 8.271320645384292458e-01 5.211999999999999966e-01
0.000000000000000000e+00 0.000000000000000000e+00 0.000000000000000000e+00 1.000000000000000000e+00
-1.508092887691918627e-01 7.149527651101684755e-01 -6.827145099397367023e-01 5.960000000000000020e-02
2.165747865348008616e-01 -6.499410624467074626e-01 -7.284723585579968574e-01 -5.729999999999999677e-02
-9.645475209953815465e-01 -2.577191475365568918e-01 -5.682359311671936197e-02 3.915000000000000147e-01
0.000000000000000000e+00 0.000000000000000000e+00 0.000000000000000000e+00 1.000000000000000000e+00
-3.764225876058984177e-01 -9.145364612496911239e-01 -1.480847614880483332e-01 8.200000000000000691e-03
-6.329439946726942434e-01 3.705852975004094718e-01 -6.797414485554824637e-01 -3.520000000000000212e-02
6.765263743179954492e-01 -1.621406744818378876e-01 -7.183470376710148209e-01 3.996000000000000107e-01
0.000000000000000000e+00 0.000000000000000000e+00 0.000000000000000000e+00 1.000000000000000000e+00
6.712247418368761931e-01 5.105026857712663402e-02 7.394938918099474012e-01 -2.259999999999999856e-02
6.162458164867747890e-01 -5.928522016172554920e-01 -5.184277777088349692e-01 4.970000000000000112e-02
4.119447045521609785e-01 8.036915683990818460e-01 -4.293965804191464120e-01 4.632000000000000006e-01
0.000000000000000000e+00 0.000000000000000000e+00 0.000000000000000000e+00 1.000000000000000000e+00
7.656776956615130025e-01 -6.404483490519266020e-01 -5.969571645551226269e-02 -1.870000000000000134e-02
5.691141268851114265e-01 7.177832122676981452e-01 -4.011188985406471397e-01 -1.239999999999999956e-02
2.997445194599440144e-01 2.731541183715268661e-01 9.140787989393480695e-01 4.454000000000000181e-01
0.000000000000000000e+00 0.000000000000000000e+00 0.000000000000000000e+00 1.000000000000000000e+00
-3.503911351956232600e-01 9.364606094533006742e-01 -1.635785189671831730e-02 7.860000000000000320e-02
8.069996409977920893e-01 3.107235813607429620e-01 5.021976059439037243e-01 7.199999999999999803e-03
4.753710464529335988e-01 1.627648086310619080e-01 -8.645981640424276193e-01 4.492999999999999772e-01
0.000000000000000000e+00 0.000000000000000000e+00 0.000000000000000000e+00 1.000000000000000000e+00
9.112046094023312781e-01 -3.241215077407172962e-01 2.542664115132572400e-01 -1.713999999999999968e-01
4.091480605749400756e-01 7.839612572814457225e-01 -4.669074979152295635e-01 -2.900000000000000147e-02
-4.800025345464462023e-02 5.294808734048653820e-01 8.469627975104401241e-01 4.368000000000000216e-01
0.000000000000000000e+00 0.000000000000000000e+00 0.000000000000000000e+00 1.000000000000000000e+00
-1.009517093211242944e-02 -1.585662488567690653e-01 9.872967295840420210e-01 -6.980000000000000093e-02
8.088787858115948914e-01 -5.817747584008112760e-01 -8.516595770399010279e-02 -3.300000000000000155e-02
5.878887627670830174e-01 7.977436149610794835e-01 1.341339904760070478e-01 4.063999999999999835e-01
0.000000000000000000e+00 0.000000000000000000e+00 0.000000000000000000e+00 1.000000000000000000e+00
-2.627305165940230225e-02 9.973827955040708293e-01 6.735937936907604451e-02 -5.729999999999999677e-02
6.193965443148972128e-01 6.913133147940064838e-02 -7.820286311246210653e-01 -1.217000000000000026e-01
-7.846385458587068484e-01 2.117588818373294934e-02 -6.195917479375947501e-01 3.499999999999999778e-01
0.000000000000000000e+00 0.000000000000000000e+00 0.000000000000000000e+00 1.000000000000000000e+00
2.902296326341869959e-01 9.464426262427466652e-01 1.414677191862413475e-01 -1.446999999999999953e-01
-7.273163070931466523e-01 3.142330951643781400e-01 -6.101381411941089183e-01 7.689999999999999614e-02
-6.219145839883578608e-01 7.418838948344458339e-02 7.795629115654749697e-01 5.127000000000000446e-01
0.000000000000000000e+00 0.000000000000000000e+00 0.000000000000000000e+00 1.000000000000000000e+00
