0.000000000000000000e+00 0.000000000000000000e+00 0.000000000000000000e+00 0.000000000000000000e+00
0.000000000000000000e+00 0.000000000000000000e+00 0.000000000000000000e+00 0.000000000000000000e+00
0.000000000000000000e+00 0.000000000000000000e+00 0.000000000000000000e+00 0.000000000000000000e+00
0.000000000000000000e+00 0.000000000000000000e+00 0.000000000000000000e+00 0.000000000000000000e+00
-1.928952773696064327e-01 -9.809573717942148274e-01 2.267259780195868268e-02 1.184000000000000052e-01
8.270316212495893993e-01 -1.749748743065342449e-01 -5.342307467889586547e-01 5.530000000000000193e-02
5.280247242523579132e-01 -8.429963276313431897e-02 8.450345924837765477e-01 4.934000000000000052e-01
0.000000000000000000e+00 0.000000000000000000e+00 0.000000000000000000e+00 1.000000000000000000e+00
-3.576934911130884576e-01 1.765124342199897445e-01 -9.170053036820804415e-01 2.500000000000000139e-02
3.157306087274026618e-01 -9.012864233130963854e-01 -2.966428254047444035e-01 -7.820000000000000562e-02
-8.788455775208490195e-01 -3.956338505704733999e-01 2.666539089434574183e-01 3.820000000000000062e-01
0.000000000000000000e+00 0.000000000000000000e+00 0.000000000000000000e+00 1.000000000000000000e+00
-3.664171734066195008e-01 -6.182217291369204171e-01 -6.953706555899951125e-01 -3.099999999999999891e-03
-4.041030170304106273e-01 7.789209993701848855e-01 -4.795652493322177246e-01 -3.429999999999999716e-02
8.381164636610015650e-01 1.052804367539796337e-01 -5.352352968342690698e-01 4.037999999999999923e-01
0.000000000000000000e+00 0.000000000000000000e+00 0.000000000000000000e+00 1.000000000000000000e+00
9.791981377697449584e-01 4.194154301012668895e-02 1.985243409715627405e-01 3.490000000000000047e-02
1.850917233865311262e-01 -5.855242611371791472e-01 -7.892416572594000979e-01 5.129999999999999838e-02
8.313880515179089548e-02 8.095691734433136943e-01 -5.811072986017662423e-01 4.626000000000000112e-01
0.000000000000000000e+00 0.000000000000000000e+00 0.000000000000000000e+00 1.000000000000000000e+00
9.934203086035627850e-01 -7.884627456010295798e-02 8.306235875530434964e-02 2.099999999999999870e-03
1.042213813009845724e-01 9.230561834319831460e-01 -3.702771744351734395e-01 -3.799999999999999992e-03
-4.747624810067457846e-02 3.764977386598409859e-01 9.252002262485181650e-01 4.525000000000000133e-01
0.000000000000000000e+00 0.000000000000000000e+00 0.000000000000000000e+00 1.000000000000000000e+00
2.684932028503103085e-01 9.600669180767967825e-01 -7.863150028902549105e-02 9.130000000000000615e-02
8.476301727836966782e-01 -1.966889528252198094e-01 4.927844823279228237e-01 -3.450000000000000289e-02
4.576401317737142649e-01 -1.989597161513841639e-01 -8.665913345626634623e-01 4.213999999999999968e-01
0.000000000000000000e+00 0.000000000000000000e+00 0.000000000000000000e+00 1.000000000000000000e+00
9.123235677708469993e-01 2.977869266609053378e-01 2.810492020976490535e-01 -1.318999999999999895e-01
-8.706770879782141370e-02 8.117574933761405598e-01 -5.774677359233006957e-01 5.700000000000000205e-02
-4.001061381365829117e-01 5.023671150240007766e-01 7.665131179359502278e-01 4.974000000000000088e-01
0.000000000000000000e+00 0.000000000000000000e+00 0.000000000000000000e+00 1.000000000000000000e+00
5.834758960170164377e-01 -1.238697230058152798e-01 8.026282891162024313e-01 -6.250000000000000000e-02
6.765202009832853580e-01 -4.726371042638093378e-01 -5.647429373924530704e-01 5.400000000000000286e-03
4.493064615923909599e-01 8.725081428821073182e-01 -1.919719879975760879e-01 4.356999999999999762e-01
0.000000000000000000e+00 0.000000000000000000e+00 0.000000000000000000e+00 1.000000000000000000e+00
-2.745684961829253368e-03 8.444082353728151746e-01 -5.356931894738432565e-01 -1.145000000000000046e-01
5.951451587277959421e-01 -4.291136969904931764e-01 -6.794583689219066969e-01 -7.470000000000000251e-02
-8.036135272983879752e-01 -3.206807869045475989e-01 -5.013672622472702400e-01 3.902999999999999803e-01
0.000000000000000000e+00 0.000000000000000000e+00 0.000000000000000000e+00 1.000000000000000000e+00
-3.307170307889761851e-01 9.386261258671194652e-01 9.801653628753539960e-02 -3.330000000000000321e-02
-7.406038316326722937e-01 -1.937581335500087043e-01 -6.434001478506368166e-01 1.318000000000000005e-01
-5.849206870312655404e-01 -2.853748088442624731e-01 7.592292199065925340e-01 5.457999999999999519e-01
0.000000000000000000e+00 0.000000000000000000e+00 0.000000000000000000e+00 1.000000000000000000e+00
