0.000000000000000000e+00 0.000000000000000000e+00 0.000000000000000000e+00 0.000000000000000000e+00
0.000000000000000000e+00 0.000000000000000000e+00 0.000000000000000000e+00 0.000000000000000000e+00
0.000000000000000000e+00 0.000000000000000000e+00 0.000000000000000000e+00 0.000000000000000000e+00
0.000000000000000000e+00 0.000000000000000000e+00 0.000000000000000000e+00 0.000000000000000000e+00
-9.734218309559135029e-01 2.255517283658495797e-01 -3.970336068414977160e-02 -1.087000000000000050e-01
-1.190993612097911020e-01 -6.466294250728110704e-01 -7.534492211087792102e-01 2.730000000000000135e-02
-1.956151353496384804e-01 -7.286952754486503148e-01 6.563062656724818478e-01 5.162999999999999812e-01
0.000000000000000000e+00 0.000000000000000000e+00 0.000000000000000000e+00 1.000000000000000000e+00
2.503576911857050558e-01 9.600870104314542797e-01 1.247155117255102086e-01 6.759999999999999343e-02
4.694917864796186446e-01 -7.738037068129255402e-03 -8.829029307973264018e-01 -1.640000000000000138e-02
-8.466985820776714577e-01 2.795944476972405668e-01 -4.526902427980259436e-01 4.388000000000000234e-01
0.000000000000000000e+00 0.000000000000000000e+00 0.000000000000000000e+00 1.000000000000000000e+00
-1.295141344362271685e-01 -6.798409502280226002e-01 7.218326477614418479e-01 2.000000000000000042e-02
-9.438151532225723672e-01 -1.386888458328987550e-01 -2.999639321468335895e-01 -3.009999999999999828e-02
3.040379014673773028e-01 -7.201261600821048381e-01 -6.236820247824330643e-01 4.117000000000000104e-01
0.000000000000000000e+00 0.000000000000000000e+00 0.000000000000000000e+00 1.000000000000000000e+00
-2.333211231709380051e-01 2.165568802065065412e-02 9.721585697089770717e-01 -8.509999999999999509e-02
6.503400495226585587e-01 -7.397836391224001940e-01 1.725629950878346253e-01 -8.099999999999999561e-03
7.229239748888659500e-01 6.724962442000477214e-01 1.585235883637252652e-01 4.380000000000000004e-01
0.000000000000000000e+00 0.000000000000000000e+00 0.000000000000000000e+00 1.000000000000000000e+00
-9.323286105050088146e-02 -9.705204665932303243e-01 -2.222558380425508628e-01 -3.289999999999999869e-02
7.100342747041838987e-01 9.167727163247296751e-02 -6.981737653416442146e-01 -4.540000000000000285e-02
6.979677373386548034e-01 -2.229020004165156998e-01 6.805554612554910454e-01 4.289000000000000035e-01
0.000000000000000000e+00 0.000000000000000000e+00 0.000000000000000000e+00 1.000000000000000000e+00
-9.663560838738725067e-01 2.417111094872638200e-01 8.792985107680474643e-02 7.000000000000000146e-03
2.302979027852220528e-01 6.608857703021606689e-01 7.142778693091701436e-01 1.890000000000000013e-02
1.145373089114699733e-01 7.104968248785884510e-01 -6.943165464719696089e-01 4.930999999999999828e-01
0.000000000000000000e+00 0.000000000000000000e+00 0.000000000000000000e+00 1.000000000000000000e+00
2.669269714816031591e-01 -9.631950024419262402e-01 3.170771462210913993e-02 -1.037000000000000005e-01
8.058609789584980643e-01 2.050398421992593034e-01 -5.554698422983502804e-01 -1.348999999999999921e-01
5.285244313063595101e-01 1.738218926999719471e-01 8.309319317070976707e-01 3.256000000000000005e-01
0.000000000000000000e+00 0.000000000000000000e+00 0.000000000000000000e+00 1.000000000000000000e+00
-8.316657434080598765e-01 -1.009762643595910336e-01 5.460182096574259791e-01 -2.869999999999999982e-02
3.659143181416470991e-01 -8.392840292739420782e-01 4.021306130906100451e-01 -7.220000000000000029e-02
4.176587159637067392e-01 5.342341361628611951e-01 7.349524370582556365e-01 3.670999999999999819e-01
0.000000000000000000e+00 0.000000000000000000e+00 0.000000000000000000e+00 1.000000000000000000e+00
-3.478941345121278061e-02 5.059148891487568189e-01 8.618815589449178027e-01 6.489999999999999936e-02
7.649310199501109242e-01 5.684892919249078247e-01 -3.028208376000566249e-01 -1.096000000000000030e-01
-6.431720076540983211e-01 6.487449806390166440e-01 -4.067674011838686710e-01 3.346999999999999975e-01
0.000000000000000000e+00 0.000000000000000000e+00 0.000000000000000000e+00 1.000000000000000000e+00
9.525190069851516839e-01 2.889362583181345201e-01 9.603842960574082710e-02 -1.963000000000000023e-01
-1.435416655873560376e-01 7.042948788509411084e-01 -6.952442116729529165e-01 -7.180000000000000271e-02
-2.685206352823339970e-01 6.484478099688937291e-01 7.123286503953897286e-01 3.973999999999999755e-01
0.000000000000000000e+00 0.000000000000000000e+00 0.000000000000000000e+00 1.000000000000000000e+00
