0.000000000000000000e+00 0.000000000000000000e+00 0.000000000000000000e+00 0.000000000000000000e+00
0.000000000000000000e+00 0.000000000000000000e+00 0.000000000000000000e+00 0.000000000000000000e+00
0.000000000000000000e+00 0.000000000000000000e+00 0.000000000000000000e+00 0.000000000000000000e+00
0.000000000000000000e+00 0.000000000000000000e+00 0.000000000000000000e+00 0.000000000000000000e+00
-3.129518017108834371e-01 -9.492493294648816082e-01 3.141465130133853229e-02 1.049999999999999961e-01
9.387996455385805294e-01 -3.141805927652845387e-01 -1.412295318490081608e-01 1.018000000000000016e-01
1.439319121756793829e-01 -1.470597294051699533e-02 9.894783165978551231e-01 4.777000000000000135e-01
0.000000000000000000e+00 0.000000000000000000e+00 0.000000000000000000e+00 1.000000000000000000e+00
-3.380566518846355173e-01 2.973615837311121557e-01 -8.929130913126291924e-01 3.339999999999999913e-02
-1.121129753530117484e-01 -9.547394918821323628e-01 -2.755053237201483540e-01 -7.580000000000000626e-02
-9.344240904824993033e-01 6.970736085488371536e-03 3.560941279554900030e-01 4.294999999999999929e-01
0.000000000000000000e+00 0.000000000000000000e+00 0.000000000000000000e+00 1.000000000000000000e+00
-3.684585702666935969e-01 -7.051020006941550733e-01 -6.058625674310332831e-01 -5.000000000000000104e-04
-7.417272672473096407e-02 6.719340702162341916e-01 -7.368873807393252484e-01 -3.070000000000000159e-02
9.266804673711656060e-01 -2.265739921079746311e-01 -2.998792048359022466e-01 4.313000000000000167e-01
0.000000000000000000e+00 0.000000000000000000e+00 0.000000000000000000e+00 1.000000000000000000e+00
9.463787088922352986e-01 5.812969053896624438e-02 3.177865296599428624e-01 2.429999999999999868e-02
3.229175517746482038e-01 -1.993529492112113832e-01 -9.251933075831557662e-01 7.530000000000000582e-02
9.570481248774187488e-03 9.782020960510340313e-01 -2.074344840426263215e-01 4.506000000000000005e-01
0.000000000000000000e+00 0.000000000000000000e+00 0.000000000000000000e+00 1.000000000000000000e+00
9.769981324808523215e-01 -2.018672791324086502e-01 6.873318517721431486e-02 -1.399999999999999986e-03
1.989390923140896272e-01 9.788773723763576351e-01 4.714156763201492878e-02 1.720000000000000001e-02
-7.679769969324044820e-02 -3.238350606768711920e-02 9.965206580179815088e-01 4.633999999999999786e-01
0.000000000000000000e+00 0.000000000000000000e+00 0.000000000000000000e+00 1.000000000000000000e+00
1.463607811716535201e-01 9.858983007998483039e-01 -8.113607221695647020e-02 9.210000000000000131e-02
9.863535569159147531e-01 -1.391917273871492444e-01 8.793363285060289136e-02 -1.209999999999999964e-02
7.540014916528044175e-02 -9.289888862065716346e-02 -9.928165057043016883e-01 4.482999999999999763e-01
0.000000000000000000e+00 0.000000000000000000e+00 0.000000000000000000e+00 1.000000000000000000e+00
9.383770569433728115e-01 1.766952879004008714e-01 2.970307631140056692e-01 -1.438000000000000111e-01
-1.267071287937918955e-01 9.754736964825292400e-01 -1.799899191164436862e-01 7.380000000000000449e-02
-3.215490670412954888e-01 1.312624954223595153e-01 9.377506890322009347e-01 4.784999999999999809e-01
0.000000000000000000e+00 0.000000000000000000e+00 0.000000000000000000e+00 1.000000000000000000e+00
4.782736743085770348e-01 -1.223029523447042854e-01 8.696529654472191506e-01 -6.569999999999999452e-02
8.669314661971214697e-01 -9.244925752848631717e-02 -4.897784884003594796e-01 1.080000000000000057e-02
1.403001260893321778e-01 9.881776776623729663e-01 6.181223171118210846e-02 4.436999999999999833e-01
0.000000000000000000e+00 0.000000000000000000e+00 0.000000000000000000e+00 1.000000000000000000e+00
-2.076724885754233085e-02 9.038355822992238942e-01 -4.273756679371345513e-01 -1.058000000000000052e-01
2.157755476632262082e-01 -4.133417019878022902e-01 -8.846409160944690431e-01 -8.659999999999999643e-02
-9.762221234972723316e-01 -1.105887768611704125e-01 -1.864416477797450344e-01 4.344000000000000083e-01
0.000000000000000000e+00 0.000000000000000000e+00 0.000000000000000000e+00 1.000000000000000000e+00
-2.125298571009277548e-01 9.693210256492311716e-01 1.234820192375482711e-01 -5.700000000000000205e-02
-9.482693056752119487e-01 -1.740954217195194165e-01 -2.654733659909307986e-01 1.734999999999999876e-01
-2.358312611909439971e-01 -1.735152251839177651e-01 9.561778510687554133e-01 4.932000000000000273e-01
0.000000000000000000e+00 0.000000000000000000e+00 0.000000000000000000e+00 1.000000000000000000e+00
