0.000000000000000000e+00 0.000000000000000000e+00 0.000000000000000000e+00 0.000000000000000000e+00
0.000000000000000000e+00 0.000000000000000000e+00 0.000000000000000000e+00 0.000000000000000000e+00
0.000000000000000000e+00 0.000000000000000000e+00 0.000000000000000000e+00 0.000000000000000000e+00
0.000000000000000000e+00 0.000000000000000000e+00 0.000000000000000000e+00 0.000000000000000000e+00
2.826742643349177131e-01 -9.581269675189441060e-01 4.569435846650163335e-02 1.552000000000000046e-01
8.972070500509687907e-01 2.472506751583287699e-01 -3.659051967007151962e-01 1.280000000000000061e-02
3.392856755325097673e-01 1.444292828573994492e-01 9.295296728086445137e-01 4.650000000000000244e-01
0.000000000000000000e+00 0.000000000000000000e+00 0.000000000000000000e+00 1.000000000000000000e+00
-4.343021843550365357e-01 -2.892787702689570972e-01 -8.530529911653341735e-01 -7.900000000000000772e-03
3.075442404042236788e-01 -9.377416699652409982e-01 1.614221193176142710e-01 -8.309999999999999332e-02
-8.466393286746327629e-01 -1.922455551696344023e-01 4.962292752940783425e-01 4.084999999999999742e-01
0.000000000000000000e+00 0.000000000000000000e+00 0.000000000000000000e+00 1.000000000000000000e+00
-2.518378989464509221e-01 -2.260115070568857187e-01 -9.410082206506551472e-01 -1.030000000000000013e-02
-8.549102275139926210e-02 9.737416907203282346e-01 -2.109938501047752546e-01 -2.879999999999999921e-02
9.639859738000116085e-01 2.731150729988987558e-02 -2.645470163994505519e-01 4.238999999999999990e-01
0.000000000000000000e+00 0.000000000000000000e+00 0.000000000000000000e+00 1.000000000000000000e+00
9.601224060543173122e-01 3.412619692734511490e-02 -2.774894017358946474e-01 7.140000000000000513e-02
-2.373781568488589622e-01 -4.248529984492499523e-01 -8.735854510920610938e-01 4.009999999999999676e-02
-1.477043535022146969e-01 9.046188879257150983e-01 -3.998100693636106318e-01 4.521999999999999909e-01
0.000000000000000000e+00 0.000000000000000000e+00 0.000000000000000000e+00 1.000000000000000000e+00
9.072191471650455918e-01 3.789841499353072685e-01 1.825498099559128562e-01 1.899999999999999953e-02
-3.345270763096319655e-01 9.130936298823673081e-01 -2.331344210621247859e-01 3.200000000000000153e-03
-2.550393189938701122e-01 1.504361564453670086e-01 9.551564838292665449e-01 4.620000000000000218e-01
0.000000000000000000e+00 0.000000000000000000e+00 0.000000000000000000e+00 1.000000000000000000e+00
6.804485520166561052e-01 7.234110380761127335e-01 -1.169026862312285420e-01 7.799999999999999989e-02
7.100492383683358888e-01 -6.114438497603809086e-01 3.492370222109207334e-01 -6.640000000000000069e-02
1.811624882556603644e-01 -3.206444893957261510e-01 -9.297135388221320351e-01 4.230999999999999761e-01
0.000000000000000000e+00 0.000000000000000000e+00 0.000000000000000000e+00 1.000000000000000000e+00
6.684706251880997430e-01 7.048281768705697559e-01 2.374115927033474127e-01 -6.500000000000000222e-02
-5.219300132329089958e-01 6.719775290331948536e-01 -5.253905801983296264e-01 1.208999999999999936e-01
-5.298453402147900171e-01 2.272959338918117411e-01 8.170682186261576385e-01 5.150000000000000133e-01
0.000000000000000000e+00 0.000000000000000000e+00 0.000000000000000000e+00 1.000000000000000000e+00
8.929222122857681798e-01 -5.348932048315208077e-02 4.470221643285041679e-01 -3.950000000000000039e-02
4.222770601767156240e-01 -2.447991210281772467e-01 -8.727860418180062307e-01 3.649999999999999772e-02
1.561153652117562851e-01 9.680972486987464709e-01 -1.959992597096158473e-01 4.556999999999999940e-01
0.000000000000000000e+00 0.000000000000000000e+00 0.000000000000000000e+00 1.000000000000000000e+00
6.085918747021912267e-03 5.008078100134043531e-01 -8.655371159127625003e-01 -1.280000000000000027e-01
4.179295124891317936e-01 -7.876080134033367486e-01 -4.527786874549710183e-01 -1.969999999999999876e-02
-9.084590712759719189e-01 -3.589779305924357122e-01 -2.140956822637278822e-01 4.415000000000000036e-01
0.000000000000000000e+00 0.000000000000000000e+00 0.000000000000000000e+00 1.000000000000000000e+00
-7.293840952917864939e-01 6.823861045642761747e-01 4.845663868837071786e-02 6.379999999999999560e-02
-6.062999514770760490e-01 -6.119986823334404580e-01 -5.077971855583961469e-01 1.529999999999999971e-01
-3.168583443343063744e-01 -3.997584484657275006e-01 8.601127673194931544e-01 5.248000000000000442e-01
0.000000000000000000e+00 0.000000000000000000e+00 0.000000000000000000e+00 1.000000000000000000e+00
