0.000000000000000000e+00 0.000000000000000000e+00 0.000000000000000000e+00 0.000000000000000000e+00
0.000000000000000000e+00 0.000000000000000000e+00 0.000000000000000000e+00 0.000000000000000000e+00
0.000000000000000000e+00 0.000000000000000000e+00 0.000000000000000000e+00 0.000000000000000000e+00
0.000000000000000000e+00 0.000000000000000000e+00 0.000000000000000000e+00 0.000000000000000000e+00
-5.778181270640110334e-01 -8.161567020522331184e-01 3.801280239759952106e-03 6.360000000000000375e-02
5.741351599441677500e-01 -4.097744957534532606e-01 -7.088396721021534841e-01 5.689999999999999919e-02
5.800819167601449777e-01 -4.073979630842866073e-01 7.053593903271229149e-01 5.239000000000000323e-01
0.000000000000000000e+00 0.000000000000000000e+00 0.000000000000000000e+00 1.000000000000000000e+00
-2.279904536950969618e-01 5.570995192405582275e-01 -7.985364604611631112e-01 4.929999999999999660e-02
4.231844753698540962e-01 -6.819243642427110785e-01 -5.965685721340975300e-01 -6.329999999999999516e-02
-8.768895328545354140e-01 -4.739401725050466641e-01 -8.028362258917720595e-02 3.678000000000000158e-01
0.000000000000000000e+00 0.000000000000000000e+00 0.000000000000000000e+00 1.000000000000000000e+00
-3.933090605446445398e-01 -8.510532866862914325e-01 -3.478739514737346772e-01 3.799999999999999992e-03
-6.937259227269618744e-01 5.230100943121802626e-01 -4.951815680981973555e-01 -3.610000000000000014e-02
6.033674892054712302e-01 4.656978063106495536e-02 -7.961023354455507572e-01 3.874000000000000221e-01
0.000000000000000000e+00 0.000000000000000000e+00 0.000000000000000000e+00 1.000000000000000000e+00
8.112162906804615270e-01 4.688408992437184675e-02 5.828636305745935609e-01 -4.000000000000000083e-03
4.191785924341109304e-01 -7.416027898647885586e-01 -5.237505223956535616e-01 3.819999999999999785e-02
4.076977279549033883e-01 6.691989122650499056e-01 -6.212530711744479461e-01 4.689999999999999725e-01
0.000000000000000000e+00 0.000000000000000000e+00 0.000000000000000000e+00 1.000000000000000000e+00
8.819369614480090380e-01 -4.711264822083003900e-01 -1.506764062104895552e-02 -1.299999999999999940e-02
3.824586170088573600e-01 7.339059434373569335e-01 -5.613443439307064242e-01 -1.909999999999999892e-02
2.755224170689659635e-01 4.893075760187604595e-01 8.274451605654116193e-01 4.400000000000000022e-01
0.000000000000000000e+00 0.000000000000000000e+00 0.000000000000000000e+00 1.000000000000000000e+00
-1.475443966460541212e-01 9.883984058151519259e-01 -3.604500520763515015e-02 8.590000000000000413e-02
7.385781543516966030e-01 1.343446876996361450e-01 6.606465127443941210e-01 -1.480000000000000066e-02
6.578244149716498956e-01 7.085263769933874967e-02 -7.498312762203596105e-01 4.324999999999999956e-01
0.000000000000000000e+00 0.000000000000000000e+00 0.000000000000000000e+00 1.000000000000000000e+00
9.547515342163900298e-01 -1.192485398251247886e-01 2.724505343379325373e-01 -1.661999999999999866e-01
2.751780901437242965e-01 7.017047568793257639e-01 -6.571814459323837010e-01 -1.149999999999999981e-02
-1.128119081316403816e-01 7.024174114602383945e-01 7.027682786389810587e-01 4.517999999999999794e-01
0.000000000000000000e+00 0.000000000000000000e+00 0.000000000000000000e+00 1.000000000000000000e+00
1.993405042019362750e-01 -1.568286879972136671e-01 9.672993983279378760e-01 -7.119999999999999940e-02
6.690674254041106828e-01 -6.994332769869751054e-01 -2.512804634395124914e-01 -2.400000000000000050e-02
7.159693734005894150e-01 6.972788923123471871e-01 -3.449641558239568973e-02 4.062000000000000055e-01
0.000000000000000000e+00 0.000000000000000000e+00 0.000000000000000000e+00 1.000000000000000000e+00
-1.606992779155436146e-02 9.896442260500829535e-01 -1.426396272657304287e-01 -8.089999999999999969e-02
7.599160675160304690e-01 -8.062593158269870663e-02 -6.450015732441229943e-01 -1.005999999999999950e-01
-6.498225355831743766e-01 -1.187592733311983451e-01 -7.507508956012638457e-01 3.337999999999999856e-01
0.000000000000000000e+00 0.000000000000000000e+00 0.000000000000000000e+00 1.000000000000000000e+00
8.425770927687037393e-02 9.879753149551068203e-01 1.296357029015236528e-01 -1.127999999999999975e-01
-6.234422732543717371e-01 1.537576678298171462e-01 -7.666017946124030757e-01 7.220000000000000029e-02
-7.773161328229563072e-01 -1.622826617027522955e-02 6.289008451499098484e-01 5.403000000000000025e-01
0.000000000000000000e+00 0.000000000000000000e+00 0.000000000000000000e+00 1.000000000000000000e+00
