0.000000000000000000e+00 0.000000000000000000e+00 0.000000000000000000e+00 0.000000000000000000e+00
0.000000000000000000e+00 0.000000000000000000e+00 0.000000000000000000e+00 0.000000000000000000e+00
0.000000000000000000e+00 0.000000000000000000e+00 0.000000000000000000e+00 0.000000000000000000e+00
0.000000000000000000e+00 0.000000000000000000e+00 0.000000000000000000e+00 0.000000000000000000e+00
-2.086559624786217260e-01 -9.778427837735979011e-01 1.691684202267940140e-02 1.165000000000000063e-01
6.790537190683918478e-01 -1.573040214984477991e-01 -7.170366039748606868e-01 3.180000000000000188e-02
7.038101561795662153e-01 -1.381265182443840445e-01 6.968302009931676144e-01 5.001999999999999780e-01
0.000000000000000000e+00 0.000000000000000000e+00 0.000000000000000000e+00 1.000000000000000000e+00
-3.492702364735345011e-01 1.914169250454109683e-01 -9.172621559401004099e-01 2.599999999999999881e-02
5.100799932932869041e-01 -7.823201013838407825e-01 -3.574823903532843850e-01 -7.259999999999999787e-02
-7.860208027499284711e-01 -5.927350333639282987e-01 1.756031829649484788e-01 3.593000000000000083e-01
0.000000000000000000e+00 0.000000000000000000e+00 0.000000000000000000e+00 1.000000000000000000e+00
-3.734647889357829431e-01 -6.277766414538765716e-01 -6.829498809356672195e-01 -2.799999999999999972e-03
-5.916776561960650493e-01 7.282250486547249269e-01 -3.458407576763540270e-01 -3.529999999999999805e-02
7.144519596050403765e-01 2.749268392804063987e-01 -6.434078259236541975e-01 3.902999999999999803e-01
0.000000000000000000e+00 0.000000000000000000e+00 0.000000000000000000e+00 1.000000000000000000e+00
9.759205614802768380e-01 3.721563237290309578e-02 2.149280214097412656e-01 3.350000000000000200e-02
1.676393156320838962e-01 -7.583852664760479811e-01 -6.298800262323454024e-01 3.450000000000000289e-02
1.395568612946988529e-01 6.507432552851688534e-01 -7.463625782194829306e-01 4.681000000000000161e-01
0.000000000000000000e+00 0.000000000000000000e+00 0.000000000000000000e+00 1.000000000000000000e+00
9.927924966042541710e-01 -9.402409335991464279e-02 7.431371713309750660e-02 1.399999999999999986e-03
1.196992979141871666e-01 8.086024387608217179e-01 -5.760504961450013672e-01 -1.700000000000000122e-02
-5.927627277641768500e-03 5.807939100041404901e-01 8.140290518998445357e-01 4.449000000000000177e-01
0.000000000000000000e+00 0.000000000000000000e+00 0.000000000000000000e+00 1.000000000000000000e+00
2.532650217460779007e-01 9.647070466084699536e-01 -7.209121294528103574e-02 9.130000000000000615e-02
7.188093329062059667e-01 -1.377881147574342435e-01 6.814158630076989631e-01 -3.889999999999999708e-02
6.474333723920120409e-01 -2.243986400483639621e-01 -7.283373385029430214e-01 4.087999999999999967e-01
0.000000000000000000e+00 0.000000000000000000e+00 0.000000000000000000e+00 1.000000000000000000e+00
9.185050610796856585e-01 2.823780738984739691e-01 2.767870592213278469e-01 -1.338000000000000023e-01
1.555602070615796917e-02 6.736537932070432166e-01 -7.388833311948184157e-01 3.059999999999999873e-02
-3.951031042535511073e-01 6.829737844743017927e-01 6.143617393116675984e-01 5.006000000000000449e-01
0.000000000000000000e+00 0.000000000000000000e+00 0.000000000000000000e+00 1.000000000000000000e+00
5.700141533242391034e-01 -1.307024412184227269e-01 8.111724458273934513e-01 -6.310000000000000331e-02
5.566350177610577266e-01 -6.647516624015752384e-01 -4.982596555376411218e-01 -4.599999999999999922e-03
6.043519851975316381e-01 7.355420444773274058e-01 -3.061643003256839801e-01 4.297000000000000264e-01
0.000000000000000000e+00 0.000000000000000000e+00 0.000000000000000000e+00 1.000000000000000000e+00
1.816149413230494503e-03 8.531143460303053372e-01 -5.217208201697469683e-01 -1.136000000000000065e-01
7.668997309077153490e-01 -3.360111623466248698e-01 -5.467735376846103446e-01 -7.220000000000000029e-02
-6.417643682341540590e-01 -3.991145341574955374e-01 -6.548634088794873520e-01 3.659000000000000030e-01
0.000000000000000000e+00 0.000000000000000000e+00 0.000000000000000000e+00 1.000000000000000000e+00
-3.148170594493602259e-01 9.444003082366749791e-01 9.485924774175252816e-02 -3.670000000000000345e-02
-5.853051218182168114e-01 -1.144869407264001993e-01 -8.026896378903070062e-01 9.279999999999999361e-02
-7.472001963684300474e-01 -3.082219950061691471e-01 5.888047794824671222e-01 5.668999999999999595e-01
0.000000000000000000e+00 0.000000000000000000e+00 0.000000000000000000e+00 1.000000000000000000e+00
