0.000000000000000000e+00 0.000000000000000000e+00 0.000000000000000000e+00 0.000000000000000000e+00
0.000000000000000000e+00 0.000000000000000000e+00 0.000000000000000000e+00 0.000000000000000000e+00
0.000000000000000000e+00 0.000000000000000000e+00 0.000000000000000000e+00 0.000000000000000000e+00
0.000000000000000000e+00 0.000000000000000000e+00 0.000000000000000000e+00 0.000000000000000000e+00
5.099779410136950908e-03 -9.995887226284809746e-01 2.822016732639370806e-02 1.373000000000000054e-01
8.112128470691541970e-01 -1.236615961389797569e-02 -5.846202141958148912e-01 2.900000000000000147e-02
5.847287482242726764e-01 2.587399641271737050e-02 8.108161488954878093e-01 4.824999999999999845e-01
0.000000000000000000e+00 0.000000000000000000e+00 0.000000000000000000e+00 1.000000000000000000e+00
-3.961045335830830627e-01 -1.848227525143450456e-02 -9.180193919392215518e-01 1.140000000000000041e-02
4.243501128175706238e-01 -8.903060282221608723e-01 -1.651731148310624231e-01 -8.060000000000000497e-02
-8.142654236958873915e-01 -4.549874521487493606e-01 3.604972096432181861e-01 3.770999999999999908e-01
0.000000000000000000e+00 0.000000000000000000e+00 0.000000000000000000e+00 1.000000000000000000e+00
-3.325948776585394562e-01 -4.665725401194131261e-01 -8.195673933007702194e-01 -6.400000000000000307e-03
-3.946370649166060507e-01 8.581511472819252084e-01 -3.283872643887426057e-01 -3.429999999999999716e-02
8.565291789246337606e-01 2.142117485695733958e-01 -4.695434936461779785e-01 4.042000000000000037e-01
0.000000000000000000e+00 0.000000000000000000e+00 0.000000000000000000e+00 1.000000000000000000e+00
9.993991366624679351e-01 3.464378556463133807e-02 1.083402079336763524e-03 5.140000000000000124e-02
2.287192834569695687e-02 -6.356757296453394712e-01 -7.716172896155287786e-01 4.019999999999999962e-02
-2.604305151212073580e-02 7.711784325703211485e-01 -6.360861455858946023e-01 4.618999999999999773e-01
0.000000000000000000e+00 0.000000000000000000e+00 0.000000000000000000e+00 1.000000000000000000e+00
9.856480602019616066e-01 1.156226768629387003e-01 1.230012114377686816e-01 9.100000000000000450e-03
-5.067593147123508612e-02 8.976720863426554953e-01 -4.377405343017101158e-01 -8.399999999999999481e-03
-1.610274864413926699e-01 4.252249075445515558e-01 8.906480374503132902e-01 4.531999999999999917e-01
0.000000000000000000e+00 0.000000000000000000e+00 0.000000000000000000e+00 1.000000000000000000e+00
4.528268855207802090e-01 8.868279661229984123e-01 -9.210847003232700003e-02 8.799999999999999489e-02
7.633976506371070725e-01 -3.322705831634240603e-01 5.539136092984027204e-01 -5.050000000000000322e-02
4.606211444900195628e-01 -3.211423641726268707e-01 -8.274634391816477752e-01 4.102000000000000091e-01
0.000000000000000000e+00 0.000000000000000000e+00 0.000000000000000000e+00 1.000000000000000000e+00
8.359026376024289995e-01 4.803852555414038772e-01 2.655123098986605368e-01 -1.073999999999999955e-01
-2.035530696362233272e-01 7.205558934752704925e-01 -6.628464016796994374e-01 6.980000000000000093e-02
-5.097380977433146887e-01 5.000292097832633731e-01 7.000984652693877930e-01 5.164999999999999591e-01
0.000000000000000000e+00 0.000000000000000000e+00 0.000000000000000000e+00 1.000000000000000000e+00
7.326757000105571516e-01 -1.022755386469918759e-01 6.728491902414001080e-01 -5.460000000000000270e-02
5.456657309987692495e-01 -5.025699119625843814e-01 -6.705761654006942019e-01 1.200000000000000025e-02
4.067372968239068021e-01 8.584656066403523189e-01 -3.124125054923270195e-01 4.447999999999999732e-01
0.000000000000000000e+00 0.000000000000000000e+00 0.000000000000000000e+00 1.000000000000000000e+00
5.988262382165210340e-03 7.219229635946615709e-01 -6.919475235509864319e-01 -1.237999999999999934e-01
6.389707819085215235e-01 -5.350328583523193959e-01 -5.526809028278062419e-01 -5.580000000000000238e-02
-7.692076966469163501e-01 -4.388246519032943382e-01 -4.644915976646915023e-01 4.022000000000000020e-01
0.000000000000000000e+00 0.000000000000000000e+00 0.000000000000000000e+00 1.000000000000000000e+00
-5.103576761446606547e-01 8.567088606987282029e-01 7.473265953054678001e-02 7.000000000000000146e-03
-6.399403638069401934e-01 -3.202937133313128459e-01 -6.984899913177565756e-01 1.248999999999999971e-01
-5.744661636431362961e-01 -4.043041741074727691e-01 7.117069352116864867e-01 5.563000000000000167e-01
0.000000000000000000e+00 0.000000000000000000e+00 0.000000000000000000e+00 1.000000000000000000e+00
