0.000000000000000000e+00 0.000000000000000000e+00 0.000000000000000000e+00 0.000000000000000000e+00
0.000000000000000000e+00 0.000000000000000000e+00 0.000000000000000000e+00 0.000000000000000000e+00
0.000000000000000000e+00 0.000000000000000000e+00 0.000000000000000000e+00 0.000000000000000000e+00
0.000000000000000000e+00 0.000000000000000000e+00 0.000000000000000000e+00 0.000000000000000000e+00
-3.964030047661537548e-01 -9.179338146309158342e-01 1.619165740434796996e-02 9.289999999999999647e-02
7.528751703563828501e-01 -3.351155557485721026e-01 -5.664596562476209574e-01 6.809999999999999387e-02
5.253985493634445447e-01 -2.123560129887089587e-01 8.239303903087489278e-01 5.060000000000000053e-01
0.000000000000000000e+00 0.000000000000000000e+00 0.000000000000000000e+00 1.000000000000000000e+00
-3.014078037940424171e-01 3.778828910709257638e-01 -8.754186749481251972e-01 3.819999999999999785e-02
2.960975429956610450e-01 -8.356297878189615780e-01 -4.626544096207996226e-01 -7.330000000000000404e-02
-9.063551074738780411e-01 -3.986569682640914714e-01 1.399751435451961346e-01 3.795000000000000040e-01
0.000000000000000000e+00 0.000000000000000000e+00 0.000000000000000000e+00 1.000000000000000000e+00
-3.862877944857949775e-01 -7.535497793548565637e-01 -5.319252483813375898e-01 5.000000000000000104e-04
-5.044604843442955788e-01 6.553943456171593684e-01 -5.621190901118501282e-01 -3.599999999999999728e-02
7.722055164050690701e-01 5.119552487574097199e-02 -6.333069229578014436e-01 3.990000000000000213e-01
0.000000000000000000e+00 0.000000000000000000e+00 0.000000000000000000e+00 1.000000000000000000e+00
9.144652757925464392e-01 4.811450117346469102e-02 4.017937955549969464e-01 1.559999999999999928e-02
3.450036502700295493e-01 -6.116094087662604650e-01 -7.119736037304618126e-01 5.149999999999999717e-02
2.114846109531781648e-01 7.896954640147137994e-01 -5.758952452005217104e-01 4.647999999999999909e-01
0.000000000000000000e+00 0.000000000000000000e+00 0.000000000000000000e+00 1.000000000000000000e+00
9.580319649807599314e-01 -2.842940009894991960e-01 3.676513397890186774e-02 -5.499999999999999681e-03
2.748914183913451215e-01 8.747361273755935862e-01 -3.990882302934323222e-01 -7.700000000000000247e-03
8.129859881878906402e-02 3.924457012955191448e-01 9.161751521214541727e-01 4.490000000000000102e-01
0.000000000000000000e+00 0.000000000000000000e+00 0.000000000000000000e+00 1.000000000000000000e+00
5.924463709436478265e-02 9.963722561115088139e-01 -6.109337301883921434e-02 9.070000000000000284e-02
8.556095734199774538e-01 -1.915818962295356975e-02 5.172670699382044823e-01 -2.100000000000000130e-02
5.142201190615175443e-01 -8.291737466679099944e-02 -8.536406610106657133e-01 4.283000000000000140e-01
0.000000000000000000e+00 0.000000000000000000e+00 0.000000000000000000e+00 1.000000000000000000e+00
9.542137283571360262e-01 8.892685780086549696e-02 2.856014260756388201e-01 -1.524999999999999967e-01
9.118920510399809720e-02 8.228593582193604039e-01 -5.608805625650824522e-01 2.680000000000000090e-02
-2.848871521976287791e-01 5.612436997886810497e-01 7.770745266447987021e-01 4.786000000000000254e-01
0.000000000000000000e+00 0.000000000000000000e+00 0.000000000000000000e+00 1.000000000000000000e+00
3.980320801994486901e-01 -1.408537064892678159e-01 9.064936273909125486e-01 -6.840000000000000246e-02
7.415297311514841283e-01 -5.323625571588506133e-01 -4.083182160444192577e-01 -8.800000000000000530e-03
5.400963996829706293e-01 8.347157247252052770e-01 -1.074501649415582349e-01 4.244999999999999885e-01
0.000000000000000000e+00 0.000000000000000000e+00 0.000000000000000000e+00 1.000000000000000000e+00
-1.237086495782824258e-02 9.386627364412494234e-01 -3.446146092620287482e-01 -9.969999999999999696e-02
6.277509182637408536e-01 -2.609695040086645879e-01 -7.333646450412658613e-01 -9.410000000000000309e-02
-7.783159681769513671e-01 -2.254044923999899974e-01 -5.860179762487474076e-01 3.703000000000000180e-01
0.000000000000000000e+00 0.000000000000000000e+00 0.000000000000000000e+00 1.000000000000000000e+00
-1.235652221618235291e-01 9.851214772452882018e-01 1.194458494137006221e-01 -7.499999999999999722e-02
-7.542890007437531574e-01 -1.502672537197025093e-02 -6.563705515039395255e-01 1.146999999999999964e-01
-6.448098473419040522e-01 -1.712012634143119105e-01 7.449230753415105877e-01 5.413999999999999924e-01
0.000000000000000000e+00 0.000000000000000000e+00 0.000000000000000000e+00 1.000000000000000000e+00
