0.000000000000000000e+00 0.000000000000000000e+00 0.000000000000000000e+00 0.000000000000000000e+00
0.000000000000000000e+00 0.000000000000000000e+00 0.000000000000000000e+00 0.000000000000000000e+00
0.000000000000000000e+00 0.000000000000000000e+00 0.000000000000000000e+00 0.000000000000000000e+00
0.000000000000000000e+00 0.000000000000000000e+00 0.000000000000000000e+00 0.000000000000000000e+00
7.971327319439431847e-01 -6.025677767077435298e-01 3.861971176837755704e-02 1.507000000000000006e-01
3.962331498866157320e-01 4.737673767192717156e-01 -7.864755327964566556e-01 -8.129999999999999727e-02
4.556080536980403606e-01 6.422278001068052466e-01 6.164128114952325266e-01 4.006000000000000116e-01
0.000000000000000000e+00 0.000000000000000000e+00 0.000000000000000000e+00 1.000000000000000000e+00
-3.652095300128777033e-01 -7.927310934836813150e-01 -4.880567719148460326e-01 -4.590000000000000330e-02
8.452291316816937794e-01 -5.020822897866179524e-01 1.830330277278848228e-01 -6.270000000000000573e-02
-3.901406338032261112e-01 -3.456743955036209459e-01 8.534046508830516187e-01 3.962999999999999856e-01
0.000000000000000000e+00 0.000000000000000000e+00 0.000000000000000000e+00 1.000000000000000000e+00
-3.849494176584200567e-02 3.618687632733613158e-01 -9.314339147923766937e-01 -1.439999999999999961e-02
-4.789628851152994415e-01 8.113892409451131105e-01 3.350254533024940584e-01 -2.869999999999999982e-02
8.769907035655923888e-01 4.590190604381490513e-01 1.420873253109016243e-01 4.285999999999999810e-01
0.000000000000000000e+00 0.000000000000000000e+00 0.000000000000000000e+00 1.000000000000000000e+00
6.088695350364812242e-01 -8.836661097904957574e-03 -7.932211562515841807e-01 9.550000000000000155e-02
-4.653788633915741935e-01 -8.137631576134043421e-01 -3.481551907115962297e-01 -2.220000000000000098e-02
-6.424176233672499459e-01 5.811294492036194193e-01 -4.995879907038118795e-01 4.378000000000000225e-01
0.000000000000000000e+00 0.000000000000000000e+00 0.000000000000000000e+00 1.000000000000000000e+00
4.891164618043418733e-01 8.420247206015336605e-01 2.275070475565778572e-01 3.509999999999999926e-02
-4.623964329414029795e-01 4.714899527174172267e-01 -7.509239397499551938e-01 -3.540000000000000091e-02
-7.395638076562889296e-01 2.620908132354831110e-01 6.199627247040702116e-01 4.572999999999999843e-01
0.000000000000000000e+00 0.000000000000000000e+00 0.000000000000000000e+00 1.000000000000000000e+00
9.791726281455670478e-01 1.738979399478928212e-01 -1.047877415177082411e-01 3.570000000000000256e-02
1.867603443231879434e-01 -5.690352131714855322e-01 8.008242628437070021e-01 -9.020000000000000240e-02
7.963377473652284710e-02 -8.037153928181053342e-01 -5.896609443302580633e-01 3.745999999999999885e-01
0.000000000000000000e+00 0.000000000000000000e+00 0.000000000000000000e+00 1.000000000000000000e+00
1.332616851959923521e-01 9.878458150618999456e-01 8.001230482503846053e-02 4.420000000000000318e-02
-3.697252900807000975e-01 1.244556547516511014e-01 -9.207681575049606604e-01 5.770000000000000129e-02
-9.195349548187206068e-01 9.312054373245715055e-02 3.818167508131420362e-01 5.795000000000000151e-01
0.000000000000000000e+00 0.000000000000000000e+00 0.000000000000000000e+00 1.000000000000000000e+00
9.856540427778008873e-01 3.398949498267613001e-02 -1.653203622866820377e-01 5.199999999999999761e-03
-9.892659831428783634e-02 -6.772695047294821080e-01 -7.290538705126294872e-01 1.519999999999999997e-02
-1.367466127614892779e-01 7.349494759466836946e-01 -6.641909602696762782e-01 4.904000000000000026e-01
0.000000000000000000e+00 0.000000000000000000e+00 0.000000000000000000e+00 1.000000000000000000e+00
3.648704356319121267e-02 -1.108311863960389498e-01 -9.931692422613903615e-01 -1.001999999999999974e-01
7.954208618122413643e-01 -5.984058711827224819e-01 9.600034337396162742e-02 1.349999999999999985e-02
-6.049581375978746456e-01 -7.934903033157327812e-01 6.632337670849697275e-02 5.000999999999999890e-01
0.000000000000000000e+00 0.000000000000000000e+00 0.000000000000000000e+00 1.000000000000000000e+00
-9.909782995042315523e-01 1.231480188634846568e-01 -5.288265653028680763e-02 1.675999999999999990e-01
-1.779020750645178561e-02 -5.119587069207305330e-01 -8.588258210632297995e-01 2.829999999999999877e-02
-1.328364348685210916e-01 -8.501369582943987258e-01 5.095307976102807501e-01 5.394999999999999796e-01
0.000000000000000000e+00 0.000000000000000000e+00 0.000000000000000000e+00 1.000000000000000000e+00
