0.000000000000000000e+00 0.000000000000000000e+00 0.000000000000000000e+00 0.000000000000000000e+00
0.000000000000000000e+00 0.000000000000000000e+00 0.000000000000000000e+00 0.000000000000000000e+00
0.000000000000000000e+00 0.000000000000000000e+00 0.000000000000000000e+00 0.000000000000000000e+00
0.000000000000000000e+00 0.000000000000000000e+00 0.000000000000000000e+00 0.000000000000000000e+00
3.895460255282934270e-01 -9.202566656262809452e-01 3.716938747826648015e-02 1.589000000000000135e-01
7.363864144092306940e-01 2.869669082352012124e-01 -6.126867407178373526e-01 -1.859999999999999848e-02
5.531626728807963467e-01 2.660407167114254845e-01 7.894513248978964892e-01 4.544000000000000261e-01
0.000000000000000000e+00 0.000000000000000000e+00 0.000000000000000000e+00 1.000000000000000000e+00
-4.267374861128709895e-01 -3.957332922751034543e-01 -8.131975647597421419e-01 -1.540000000000000049e-02
5.708472027115792935e-01 -8.152839680723060756e-01 9.718807828453157605e-02 -7.889999999999999791e-02
-7.014474956134867378e-01 -4.227377588876851666e-01 5.738154739183884967e-01 3.840999999999999970e-01
0.000000000000000000e+00 0.000000000000000000e+00 0.000000000000000000e+00 1.000000000000000000e+00
-2.270983907907779820e-01 -1.180913831941471370e-01 -9.666854432107334638e-01 -1.140000000000000041e-02
-3.259876229197188335e-01 9.445771574872083853e-01 -3.880803082528982983e-02 -3.109999999999999917e-02
9.176918821714563634e-01 3.063142483931796112e-01 -2.530082817378340732e-01 4.138999999999999901e-01
0.000000000000000000e+00 0.000000000000000000e+00 0.000000000000000000e+00 1.000000000000000000e+00
9.232048185933345863e-01 1.830167734196019858e-02 -3.838722593943447170e-01 7.820000000000000562e-02
-2.768836388572299412e-01 -6.610207266681378258e-01 -6.974145463412034784e-01 1.909999999999999892e-02
-2.665113758533158017e-01 7.501444177767361277e-01 -6.051900850304594570e-01 4.547999999999999821e-01
0.000000000000000000e+00 0.000000000000000000e+00 0.000000000000000000e+00 1.000000000000000000e+00
8.564850697606467556e-01 4.806787402395241715e-01 1.880991067465340727e-01 2.239999999999999977e-02
-3.349195017923767281e-01 7.948054124586304559e-01 -5.060763614768155616e-01 -1.389999999999999916e-02
-3.927623360204567371e-01 3.704487886445443356e-01 8.417276533389784765e-01 4.572999999999999843e-01
0.000000000000000000e+00 0.000000000000000000e+00 0.000000000000000000e+00 1.000000000000000000e+00
7.591013102309099869e-01 6.417046530952966732e-01 -1.094547349435406464e-01 7.220000000000000029e-02
5.636077431943856686e-01 -5.637304143094661324e-01 6.037833483906369647e-01 -7.520000000000000295e-02
3.257476210458753463e-01 -5.200222670024070570e-01 -7.895982074477059243e-01 3.972999999999999865e-01
0.000000000000000000e+00 0.000000000000000000e+00 0.000000000000000000e+00 1.000000000000000000e+00
5.896309334533613722e-01 7.808390869688660585e-01 2.064598812761095359e-01 -4.639999999999999680e-02
-4.148799380036415352e-01 5.121360653593677315e-01 -7.520580347289164136e-01 9.170000000000000373e-02
-6.929718604366357226e-01 3.577806182842399041e-01 6.259257382654388469e-01 5.455999999999999739e-01
0.000000000000000000e+00 0.000000000000000000e+00 0.000000000000000000e+00 1.000000000000000000e+00
9.381499931108510104e-01 -4.704849243847265827e-02 3.430175356820366339e-01 -3.219999999999999946e-02
2.755769020999468411e-01 -4.982936742470507330e-01 -8.220467050200800374e-01 2.510000000000000078e-02
2.095995263713794632e-01 8.657308205005994628e-01 -4.545087292673841706e-01 4.641000000000000125e-01
0.000000000000000000e+00 0.000000000000000000e+00 0.000000000000000000e+00 1.000000000000000000e+00
2.061703640809753324e-02 4.001612732022488683e-01 -9.162127991023166773e-01 -1.267999999999999960e-01
6.518696356814119852e-01 -7.002114340644276513e-01 -2.911527531760961796e-01 -1.609999999999999973e-02
-7.580507343749033344e-01 -5.912485966449245733e-01 -2.752892680056322483e-01 4.405000000000000027e-01
0.000000000000000000e+00 0.000000000000000000e+00 0.000000000000000000e+00 1.000000000000000000e+00
-8.010659814129483802e-01 5.981701939371714127e-01 2.203888627124672706e-02 8.530000000000000082e-02
-4.221264555942524921e-01 -5.384386699298604473e-01 -7.293099849937588752e-01 1.074999999999999983e-01
-4.243849065534067155e-01 -5.935286158302141013e-01 6.838283653668706386e-01 5.557999999999999607e-01
0.000000000000000000e+00 0.000000000000000000e+00 0.000000000000000000e+00 1.000000000000000000e+00
