1.000000000000000000e+01 9.000000000000000000e+00 1.100000000000000000e+01 2.000000000000000000e+01
2.900000000000000000e+01 3.000000000000000000e+01 4.100000000000000000e+01 4.800000000000000000e+01
5.200000000000000000e+01 5.800000000000000000e+01 6.200000000000000000e+01 0.000000000000000000e+00
0.000000000000000000e+00 0.000000000000000000e+00 0.000000000000000000e+00 0.000000000000000000e+00
6.378200054168701172e-01 7.600358128547668457e-01 1.246244907379150391e-01 -1.094732657074928284e-01
-7.481394410133361816e-01 6.498360633850097656e-01 -1.341658532619476318e-01 -8.367368578910827637e-02
-1.829563379287719727e-01 -7.662825286388397217e-03 9.830911755561828613e-01 2.058112621307373047e-02
0.000000000000000000e+00 0.000000000000000000e+00 0.000000000000000000e+00 1.000000000000000000e+00
-7.643396854400634766e-01 -6.082624793052673340e-01 2.140129059553146362e-01 -1.434399485588073730e-01
-5.929660797119140625e-02 -2.641886472702026367e-01 -9.626464843750000000e-01 -6.714701652526855469e-03
6.420814990997314453e-01 -7.484791278839111328e-01 1.658619642257690430e-01 3.062885999679565430e-02
0.000000000000000000e+00 0.000000000000000000e+00 0.000000000000000000e+00 1.000000000000000000e+00
8.809924125671386719e-03 1.275098621845245361e-01 9.917981028556823730e-01 -9.406304359436035156e-02
6.983746290206909180e-01 -7.106478214263916016e-01 8.516052365303039551e-02 3.866229951381683350e-02
7.156781554222106934e-01 6.918964385986328125e-01 -9.531033039093017578e-02 3.017336130142211914e-02
0.000000000000000000e+00 0.000000000000000000e+00 0.000000000000000000e+00 1.000000000000000000e+00
-4.168057441711425781e-01 -9.068622589111328125e-01 6.223948672413825989e-02 -2.209745347499847412e-02
8.912397623062133789e-01 -4.211721420288085938e-01 -1.682427823543548584e-01 -1.193554401397705078e-01
1.787865757942199707e-01 -1.465424150228500366e-02 9.837787151336669922e-01 2.407902479171752930e-02
0.000000000000000000e+00 0.000000000000000000e+00 0.000000000000000000e+00 1.000000000000000000e+00
-5.491709709167480469e-02 -9.193156659603118896e-02 -9.942499399185180664e-01 2.906459942460060120e-02
-2.298195809125900269e-01 9.701814651489257812e-01 -7.701209932565689087e-02 3.291888535022735596e-02
9.716826677322387695e-01 2.242687940597534180e-01 -7.440721988677978516e-02 2.134430408477783203e-02
0.000000000000000000e+00 0.000000000000000000e+00 0.000000000000000000e+00 1.000000000000000000e+00
-9.993064403533935547e-01 6.706114858388900757e-03 -3.663098812103271484e-02 -7.356003671884536743e-02
7.886892184615135193e-03 9.994508028030395508e-01 -3.218558803200721741e-02 1.673416197299957275e-01
3.639502823352813721e-02 -3.245216980576515198e-02 -9.988104104995727539e-01 2.387237548828125000e-02
0.000000000000000000e+00 0.000000000000000000e+00 0.000000000000000000e+00 1.000000000000000000e+00
-9.842405319213867188e-01 -1.606238484382629395e-01 7.396493107080459595e-02 1.731717884540557861e-01
1.464946866035461426e-01 -9.748910665512084961e-01 -1.677111387252807617e-01 -5.358213186264038086e-02
9.904614835977554321e-02 -1.542326211929321289e-01 9.830575585365295410e-01 3.721749782562255859e-02
0.000000000000000000e+00 0.000000000000000000e+00 0.000000000000000000e+00 1.000000000000000000e+00
7.320656776428222656e-01 -1.679030358791351318e-01 6.602184772491455078e-01 2.023371011018753052e-01
6.755428314208984375e-01 3.039358854293823242e-01 -6.717624068260192871e-01 3.140363097190856934e-02
-8.787310123443603516e-02 9.377800822257995605e-01 3.359267711639404297e-01 3.906887769699096680e-02
0.000000000000000000e+00 0.000000000000000000e+00 0.000000000000000000e+00 1.000000000000000000e+00
-9.316802024841308594e-03 -9.989790916442871094e-01 4.420676827430725098e-02 1.573940813541412354e-01
1.093974709510803223e-02 4.410409927368164062e-02 9.989671111106872559e-01 1.646631062030792236e-01
-9.998968839645385742e-01 9.790718555450439453e-03 1.051753759384155273e-02 3.259533643722534180e-02
0.000000000000000000e+00 0.000000000000000000e+00 0.000000000000000000e+00 1.000000000000000000e+00
1.200287938117980957e-01 -9.751445055007934570e-01 1.862430870532989502e-01 9.832192212343215942e-03
9.924066066741943359e-01 1.229336857795715332e-01 4.084721207618713379e-03 -6.136628985404968262e-02
-2.687876671552658081e-02 1.843385547399520874e-01 9.824951887130737305e-01 4.158365726470947266e-02
0.000000000000000000e+00 0.000000000000000000e+00 0.000000000000000000e+00 1.000000000000000000e+00
