9.000000000000000000e+00 1.400000000000000000e+01 1.700000000000000000e+01 1.800000000000000000e+01
7.000000000000000000e+00 2.100000000000000000e+01 2.700000000000000000e+01 6.600000000000000000e+01
6.300000000000000000e+01 6.000000000000000000e+01 0.000000000000000000e+00 0.000000000000000000e+00
0.000000000000000000e+00 0.000000000000000000e+00 0.000000000000000000e+00 0.000000000000000000e+00
-8.187820911407470703e-01 -7.954852283000946045e-02 5.685665607452392578e-01 -2.019796073436737061e-01
-5.603708624839782715e-01 -1.045848131179809570e-01 -8.216121196746826172e-01 -1.415400803089141846e-01
1.248214691877365112e-01 -9.913294315338134766e-01 4.105544090270996094e-02 3.958690166473388672e-02
0.000000000000000000e+00 0.000000000000000000e+00 0.000000000000000000e+00 1.000000000000000000e+00
-9.176566600799560547e-01 -3.723548650741577148e-01 -1.387738138437271118e-01 -1.616678237915039062e-01
-1.009394824504852295e-01 -1.193490028381347656e-01 9.877079725265502930e-01 -9.342303872108459473e-02
-3.843404054641723633e-01 9.203845262527465820e-01 7.193613052368164062e-02 3.536903858184814453e-02
0.000000000000000000e+00 0.000000000000000000e+00 0.000000000000000000e+00 1.000000000000000000e+00
2.900266647338867188e-02 1.083058267831802368e-01 9.936945438385009766e-01 -2.026217877864837646e-01
9.360760450363159180e-03 -9.940986633300781250e-01 1.080766543745994568e-01 1.570732593536376953e-01
9.995355606079101562e-01 6.167218089103698730e-03 -2.984547615051269531e-02 1.403409242630004883e-02
0.000000000000000000e+00 0.000000000000000000e+00 0.000000000000000000e+00 1.000000000000000000e+00
-2.412811517715454102e-01 -7.064846158027648926e-02 9.678804278373718262e-01 -4.597913846373558044e-02
-7.891312837600708008e-01 -5.662189722061157227e-01 -2.380509674549102783e-01 -1.489469408988952637e-01
5.648500323295593262e-01 -8.212218284606933594e-01 8.086681365966796875e-02 5.704748630523681641e-02
0.000000000000000000e+00 0.000000000000000000e+00 0.000000000000000000e+00 1.000000000000000000e+00
6.277755498886108398e-01 -4.361394941806793213e-01 6.447326540946960449e-01 3.443270176649093628e-02
6.110124588012695312e-01 -2.370469570159912109e-01 -7.552964091300964355e-01 4.186230897903442383e-02
4.822464585304260254e-01 8.680962920188903809e-01 1.176742911338806152e-01 3.678524494171142578e-02
0.000000000000000000e+00 0.000000000000000000e+00 0.000000000000000000e+00 1.000000000000000000e+00
3.471130132675170898e-02 9.809707999229431152e-01 1.910279840230941772e-01 -6.673166900873184204e-02
9.993037581443786621e-01 -3.144991397857666016e-02 -2.008057385683059692e-02 1.533126831054687500e-01
-1.369066536426544189e-02 1.915919780731201172e-01 -9.813795089721679688e-01 1.791942119598388672e-02
0.000000000000000000e+00 0.000000000000000000e+00 0.000000000000000000e+00 1.000000000000000000e+00
4.210399985313415527e-01 -9.070420861244201660e-01 -3.469771472737193108e-04 2.015069425106048584e-01
-9.070420861244201660e-01 -4.210401773452758789e-01 -1.763590262271463871e-06 -6.249624490737915039e-02
-1.444916269974783063e-04 3.154653823003172874e-04 -1.000000000000000000e+00 3.233367204666137695e-02
0.000000000000000000e+00 0.000000000000000000e+00 0.000000000000000000e+00 1.000000000000000000e+00
-9.257251024246215820e-01 -3.725670874118804932e-01 6.501838564872741699e-02 1.030188277363777161e-01
3.770437538623809814e-01 -9.225800037384033203e-01 8.176004141569137573e-02 4.572999477386474609e-02
2.952354960143566132e-02 1.002020761370658875e-01 9.945290088653564453e-01 3.712952136993408203e-02
0.000000000000000000e+00 0.000000000000000000e+00 0.000000000000000000e+00 1.000000000000000000e+00
-1.244673728942871094e-01 -7.661730051040649414e-02 9.892612695693969727e-01 2.299103885889053345e-01
-9.922212958335876465e-01 7.379233837127685547e-03 -1.242681741714477539e-01 1.632075905799865723e-01
2.221047878265380859e-03 -9.970333576202392578e-01 -7.693982124328613281e-02 2.535170316696166992e-02
0.000000000000000000e+00 0.000000000000000000e+00 0.000000000000000000e+00 1.000000000000000000e+00
